1 0.930067 0.770256 0.023580 0.091736
3 0.143436 0.662396 0.029530 0.136298
6 0.009204 0.820407 0.021934 0.124859
6 0.608547 0.828656 0.040786 0.119900
8 0.896413 0.477159 0.012246 0.019237
8 0.166395 0.476731 0.013118 0.023567
8 0.993193 0.480991 0.007435 0.027272
8 0.952347 0.477698 0.012071 0.024963
10 0.947237 0.579388 0.017976 0.043991
11 0.299097 0.634647 0.035070 0.190721
11 0.735623 0.635665 0.029911 0.201495
11 0.545033 0.634904 0.026267 0.197252
11 0.778174 0.637998 0.031534 0.187409
11 0.493030 0.635740 0.026988 0.197712
11 0.585110 0.636940 0.028932 0.205049
11 0.397328 0.620953 0.029401 0.204199
11 0.351382 0.617552 0.026459 0.221459
12 0.204472 0.437629 0.009159 0.016033
12 0.170543 0.433827 0.011341 0.016758
12 0.620518 0.440243 0.011099 0.015709
13 0.380472 0.918061 0.080754 0.067966
