1 0.201738 0.743517 0.038539 0.137155
1 0.024085 0.695933 0.039916 0.142336
1 0.092779 0.714939 0.041942 0.142279
1 0.256876 0.760274 0.034719 0.127841
3 0.488826 0.521863 0.063954 0.184672
3 0.637729 0.589009 0.062380 0.156446
3 0.562335 0.560746 0.064217 0.162020
5 0.058923 0.278144 0.142150 0.207586
6 0.570673 0.815173 0.071093 0.245448
6 0.474345 0.798003 0.067835 0.212760
6 0.524243 0.811205 0.070230 0.244587
9 0.054558 0.286865 0.033248 0.072851
10 0.743517 0.564607 0.024032 0.055739
10 0.444846 0.351472 0.042423 0.085997
10 0.263184 0.612348 0.020664 0.052266
10 0.703615 0.534490 0.023975 0.050971
10 0.178695 0.635641 0.022943 0.053581
10 0.070248 0.534686 0.020354 0.046887
13 0.218173 0.944020 0.127830 0.105340
16 0.742897 0.820148 0.026287 0.057061
