1 0.629570 0.355222 0.066549 0.155838
1 0.570589 0.381051 0.070364 0.184378
1 0.513685 0.421042 0.065320 0.153104
2 0.826943 0.119976 0.109181 0.188217
2 0.751399 0.201592 0.082069 0.195921
3 0.721287 0.321805 0.072153 0.187640
3 0.818930 0.263460 0.088148 0.180627
3 0.917413 0.199371 0.089014 0.254911
6 0.915741 0.535763 0.090607 0.277733
6 0.973880 0.516383 0.062341 0.284405
6 0.842773 0.558258 0.082651 0.242341
10 0.568200 0.302675 0.038871 0.076508
14 0.716025 0.838125 0.116516 0.369629
14 0.484490 0.802054 0.382298 0.220662
16 0.641952 0.638327 0.045183 0.067109
