1 0.588792 0.416118 0.057510 0.167238
1 0.066472 0.538459 0.044261 0.133108
1 0.639607 0.440159 0.055329 0.176727
1 0.126136 0.557275 0.041052 0.128963
1 0.679001 0.468836 0.059954 0.138643
8 0.044254 0.099299 0.021915 0.029058
9 0.679837 0.506790 0.037557 0.039247
9 0.637611 0.421447 0.035587 0.039373
9 0.637161 0.479880 0.037410 0.041011
9 0.586966 0.387638 0.041566 0.036949
9 0.592810 0.453849 0.042679 0.051873
10 0.743748 0.438093 0.019459 0.053663
10 0.643108 0.363774 0.024298 0.056766
10 0.290460 0.096076 0.052714 0.079527
10 0.373180 0.160150 0.045849 0.076251
10 0.709704 0.407677 0.025331 0.050289
10 0.062111 0.432708 0.024335 0.054937
10 0.547886 0.292213 0.030378 0.059095
10 0.598178 0.330311 0.029078 0.054039
10 0.444416 0.213191 0.039423 0.073464
13 0.081101 0.762711 0.122681 0.154743
