1 0.262922 0.699775 0.044940 0.167455
1 0.166447 0.667986 0.047896 0.159533
1 0.337923 0.718025 0.046103 0.150332
1 0.464241 0.764385 0.037161 0.161300
1 0.583861 0.796654 0.038836 0.139075
1 0.528673 0.782064 0.044440 0.164337
3 0.977544 0.320188 0.042464 0.230424
6 0.901635 0.639472 0.098587 0.259461
6 0.969699 0.661500 0.053293 0.262303
9 0.225819 0.126303 0.036950 0.084998
9 0.276276 0.154590 0.034686 0.091408
9 0.333912 0.198215 0.032929 0.087916
9 0.159775 0.201402 0.028061 0.076365
13 0.215538 0.940743 0.171566 0.142720
