1 0.511781 0.889146 0.041489 0.146161
1 0.445844 0.874254 0.042072 0.143860
1 0.618481 0.913710 0.037767 0.130936
1 0.669149 0.922178 0.043548 0.121385
1 0.724334 0.929756 0.041379 0.106474
1 0.236150 0.836820 0.035919 0.176904
2 0.334856 0.281992 0.102339 0.253469
2 0.146287 0.211407 0.118895 0.289093
3 0.245374 0.383807 0.070945 0.248248
3 0.052301 0.313980 0.074876 0.293784
6 0.131841 0.784107 0.109826 0.429812
6 0.913498 0.917783 0.079464 0.195024
6 0.028643 0.736082 0.057680 0.338545
6 0.972211 0.924379 0.052260 0.219501
9 0.457493 0.481670 0.032206 0.070781
10 0.849564 0.485927 0.045124 0.095225
