1 0.810329 0.533565 0.057126 0.158730
1 0.749726 0.568714 0.056358 0.149975
1 0.882076 0.491942 0.056382 0.177379
1 0.490586 0.723402 0.037413 0.126780
1 0.579874 0.665045 0.047411 0.134596
1 0.392896 0.772049 0.037234 0.117298
1 0.410943 0.764030 0.038840 0.119741
1 0.644771 0.633655 0.053811 0.121382
1 0.301493 0.826185 0.033808 0.090742
9 0.887174 0.537492 0.044996 0.064355
9 0.618195 0.621908 0.027755 0.041293
9 0.754199 0.543412 0.036906 0.042596
9 0.810449 0.505152 0.039823 0.039968
9 0.354949 0.409584 0.019882 0.038156
9 0.579788 0.696596 0.032378 0.034000
9 0.580793 0.642252 0.035901 0.035804
9 0.464117 0.713469 0.028809 0.035608
9 0.816040 0.573875 0.042001 0.042613
10 0.661834 0.491145 0.019457 0.046915
10 0.354909 0.408790 0.033399 0.091029
10 0.399895 0.556290 0.019732 0.040322
10 0.643745 0.027539 0.043183 0.075629
10 0.861570 0.080922 0.044730 0.074186
13 0.873304 0.824440 0.200485 0.228113
13 0.670976 0.870216 0.126880 0.161514
13 0.525946 0.898978 0.083018 0.103689
13 0.435142 0.922465 0.071099 0.079771
16 0.179236 0.827697 0.021031 0.060577
16 0.223381 0.830442 0.020230 0.056542
16 0.137896 0.826611 0.024696 0.064672
