2 0.643975 0.315263 0.076969 0.166776
2 0.457814 0.150976 0.085941 0.180210
3 0.398667 0.233570 0.072461 0.191993
3 0.315336 0.155899 0.080047 0.208303
3 0.515089 0.311152 0.073483 0.173216
3 0.570526 0.358577 0.066212 0.151686
3 0.211367 0.098561 0.081817 0.199847
3 0.596743 0.387923 0.057872 0.161733
3 0.725816 0.483096 0.045060 0.114265
3 0.667796 0.439550 0.057513 0.148089
9 0.502293 0.350579 0.042221 0.063135
9 0.298654 0.212621 0.058501 0.072961
9 0.199478 0.143346 0.068024 0.083092
9 0.662561 0.469037 0.030598 0.029845
9 0.380101 0.271198 0.045052 0.067811
9 0.550944 0.392066 0.040021 0.059769
9 0.725479 0.511006 0.029341 0.029865
10 0.803417 0.247754 0.023995 0.036188
13 0.496525 0.614872 0.164590 0.220763
13 0.225521 0.540458 0.268568 0.213341
13 0.655866 0.678964 0.092927 0.171178
