3 0.683960 0.302428 0.092170 0.231176
3 0.584908 0.416090 0.073035 0.182957
3 0.777535 0.202861 0.097921 0.238625
3 0.524149 0.479744 0.066021 0.152815
9 0.695961 0.360213 0.065616 0.078464
9 0.897792 0.147721 0.076189 0.092949
9 0.784528 0.266312 0.067980 0.081803
9 0.589568 0.467898 0.044568 0.069509
10 0.238553 0.467799 0.023210 0.043717
10 0.164113 0.446510 0.029216 0.040788
10 0.213751 0.547718 0.019215 0.047039
10 0.085504 0.853852 0.020528 0.044028
13 0.593642 0.791126 0.118434 0.291835
13 0.443867 0.848947 0.084466 0.174578
13 0.890876 0.663267 0.260495 0.256424
13 0.897431 0.680900 0.193154 0.499275
13 0.320698 0.895238 0.040334 0.131279
13 0.370603 0.872707 0.043501 0.145918
