1 0.912641 0.533835 0.061258 0.219586
1 0.779647 0.616741 0.056128 0.196903
1 0.716819 0.662261 0.060899 0.174705
1 0.660521 0.694591 0.061098 0.154049
1 0.521872 0.786034 0.060659 0.149521
1 0.556933 0.764079 0.065594 0.148775
1 0.503403 0.794183 0.041173 0.130905
9 0.778796 0.665621 0.041584 0.064746
9 0.918974 0.505013 0.043225 0.076805
9 0.504004 0.771474 0.031001 0.039538
9 0.542845 0.749798 0.035283 0.042836
9 0.917315 0.583305 0.044825 0.073170
10 0.564476 0.123465 0.048985 0.085056
13 0.749462 0.935352 0.162101 0.155745
13 0.973391 0.883659 0.063142 0.207272
14 0.088210 0.734077 0.154986 0.568375
16 0.399475 0.763800 0.042825 0.088243
16 0.255836 0.723575 0.049696 0.075550
16 0.329617 0.743404 0.044525 0.081378
