1 0.049491 0.607657 0.027446 0.107096
1 0.188978 0.607702 0.030299 0.115228
1 0.724115 0.610175 0.028141 0.137498
1 0.009068 0.610888 0.018458 0.108460
1 0.582902 0.608586 0.036538 0.120785
1 0.671002 0.596237 0.026522 0.131024
1 0.136900 0.609504 0.029510 0.103540
2 0.559110 0.332899 0.061325 0.189869
2 0.447438 0.338368 0.054564 0.164298
2 0.333200 0.341276 0.066117 0.196921
3 0.397150 0.432136 0.045222 0.175417
3 0.518238 0.421374 0.051569 0.176212
3 0.295889 0.428028 0.047763 0.153262
5 0.201758 0.333991 0.128005 0.171963
6 0.434983 0.645355 0.065441 0.196260
6 0.374069 0.648740 0.063271 0.196759
8 0.120973 0.288679 0.016604 0.020394
8 0.035655 0.299560 0.017116 0.023114
8 0.081218 0.299018 0.014666 0.021860
8 0.618870 0.237002 0.015753 0.032641
8 0.938119 0.199390 0.016674 0.048157
9 0.875704 0.224638 0.043984 0.069568
9 0.207639 0.340590 0.025591 0.032278
9 0.050410 0.630775 0.021221 0.023292
9 0.169546 0.339505 0.023089 0.034131
10 0.753484 0.232605 0.039134 0.081399
10 0.070846 0.517426 0.014952 0.032692
12 0.624602 0.181554 0.012205 0.023181
12 0.068581 0.257840 0.011828 0.016457
12 0.105248 0.250357 0.013235 0.015637
13 0.184157 0.773116 0.073361 0.087091
