1 0.493960 0.328393 0.049748 0.184662
1 0.312095 0.250085 0.054414 0.189025
1 0.188826 0.200899 0.062821 0.204882
1 0.050150 0.136162 0.063642 0.250988
1 0.824402 0.473751 0.050863 0.153288
1 0.578818 0.366280 0.048966 0.162253
1 0.957553 0.537311 0.043863 0.149451
1 0.878002 0.495765 0.045720 0.136507
9 0.956297 0.563241 0.031397 0.039087
9 0.572817 0.338081 0.041666 0.069090
9 0.487264 0.374857 0.042277 0.065312
9 0.183606 0.257551 0.047254 0.084307
9 0.955252 0.507069 0.028236 0.038004
9 0.822914 0.507713 0.038670 0.038880
9 0.572371 0.410338 0.040646 0.061774
9 0.046800 0.103794 0.060637 0.082921
9 0.310017 0.304860 0.044386 0.081506
9 0.876418 0.529215 0.034974 0.034595
9 0.042971 0.203095 0.062285 0.082837
10 0.717006 0.338141 0.022808 0.057186
10 0.964657 0.249949 0.024314 0.053893
13 0.787102 0.723998 0.161981 0.162022
13 0.527044 0.671431 0.203706 0.219198
13 0.126104 0.606199 0.232460 0.178989
13 0.963688 0.748625 0.081085 0.151997
