1 0.778555 0.718003 0.036392 0.133361
1 0.358478 0.564950 0.040867 0.116039
1 0.874369 0.711826 0.034581 0.132882
1 0.431679 0.541585 0.043543 0.120032
1 0.392753 0.556931 0.040131 0.121621
1 0.829403 0.717810 0.036451 0.130901
1 0.971529 0.707768 0.038952 0.141642
3 0.513654 0.545209 0.049684 0.128396
3 0.567854 0.538625 0.045940 0.114341
6 0.528706 0.719888 0.040972 0.136152
6 0.566948 0.718561 0.044901 0.132174
6 0.603600 0.723646 0.053160 0.180132
8 0.899927 0.354677 0.020611 0.028153
8 0.857060 0.373764 0.022981 0.028092
9 0.390995 0.583088 0.026862 0.033753
9 0.433444 0.523954 0.028885 0.032968
10 0.661606 0.360216 0.036039 0.082605
10 0.400494 0.482755 0.020681 0.056171
13 0.832572 0.897864 0.147451 0.109615
