1 0.182983 0.519819 0.045323 0.094324
6 0.772222 0.518023 0.025600 0.121996
10 0.388911 0.315263 0.028113 0.048810
11 0.956376 0.331717 0.024662 0.221181
11 0.806118 0.356168 0.023792 0.216494
11 0.836066 0.351436 0.028977 0.203076
11 0.990084 0.330648 0.017941 0.174168
11 0.873558 0.350569 0.028873 0.193780
11 0.545695 0.461042 0.023983 0.101259
11 0.566387 0.458101 0.024608 0.102384
11 0.376920 0.467035 0.026524 0.084442
15 0.898201 0.070385 0.082563 0.119488
15 0.276076 0.411372 0.024087 0.040469
