8 0.219484 0.234862 0.009481 0.013496
8 0.396779 0.255541 0.010214 0.012629
8 0.488096 0.261296 0.012836 0.013009
8 0.024186 0.221474 0.014945 0.018846
8 0.357233 0.250243 0.008794 0.015618
8 0.507506 0.257905 0.011539 0.013839
8 0.455311 0.252901 0.008516 0.012821
8 0.372411 0.252915 0.010297 0.013283
11 0.085684 0.486613 0.014409 0.042166
11 0.198526 0.486605 0.013274 0.050561
11 0.181866 0.487537 0.012467 0.045125
11 0.164003 0.488824 0.012960 0.047640
11 0.239110 0.489432 0.013009 0.046011
11 0.053136 0.492079 0.012347 0.043060
11 0.528642 0.463574 0.014569 0.051583
11 0.124241 0.487949 0.014988 0.048533
11 0.104280 0.488199 0.014745 0.045121
11 0.430720 0.463890 0.013745 0.052199
11 0.414496 0.464668 0.013269 0.050011
11 0.469706 0.461963 0.013742 0.054355
12 0.395248 0.222816 0.008627 0.014704
12 0.354641 0.224252 0.007642 0.013993
12 0.286142 0.226569 0.007933 0.016835
12 0.372573 0.223510 0.007923 0.014246
12 0.226318 0.208910 0.007786 0.015309
12 0.252500 0.211436 0.007360 0.018435
12 0.283039 0.215758 0.007514 0.020691
12 0.221540 0.368423 0.012831 0.038148
12 0.021451 0.204219 0.010656 0.019938
12 0.238580 0.211923 0.007365 0.015426
15 0.511868 0.318532 0.029118 0.046983
