6 0.704770 0.389336 0.027844 0.077317
8 0.064142 0.052273 0.010631 0.018489
8 0.704353 0.103692 0.011448 0.015181
8 0.109107 0.054290 0.012048 0.021152
8 0.015130 0.051877 0.010820 0.020793
8 0.021645 0.050960 0.014454 0.022204
11 0.878819 0.284000 0.021812 0.158193
11 0.851954 0.283220 0.020509 0.154930
11 0.623667 0.331184 0.027288 0.109587
11 0.469315 0.330068 0.029365 0.101645
11 0.528650 0.331043 0.028132 0.096415
11 0.600985 0.333521 0.028116 0.098620
11 0.492800 0.330407 0.029194 0.100107
11 0.905424 0.284782 0.025730 0.141603
11 0.338448 0.327509 0.024238 0.110778
11 0.987429 0.282325 0.019663 0.133021
11 0.372054 0.324593 0.027566 0.115005
11 0.506151 0.330219 0.025856 0.098467
11 0.353611 0.326159 0.024673 0.107595
11 0.956453 0.285427 0.023072 0.134570
11 0.641323 0.331728 0.023905 0.107167
12 0.716522 0.066242 0.012438 0.017384
12 0.022682 0.017798 0.012101 0.021677
12 0.205215 0.029856 0.012903 0.020731
12 0.743384 0.068726 0.014070 0.023094
12 0.102405 0.023736 0.012218 0.021281
12 0.687067 0.065766 0.012761 0.019781
12 0.281034 0.034490 0.015904 0.022425
12 0.237153 0.032455 0.010999 0.017725
12 0.052969 0.019511 0.012183 0.020443
12 0.528352 0.045856 0.012300 0.021399
14 0.066661 0.534799 0.115437 0.412076
15 0.822063 0.050107 0.069148 0.078510
