1 0.364650 0.384646 0.055118 0.156460
1 0.321782 0.359018 0.058848 0.148630
1 0.412278 0.411555 0.062863 0.129204
1 0.265315 0.523053 0.062162 0.151443
3 0.490032 0.490509 0.041657 0.111993
9 0.407037 0.393536 0.034102 0.037955
9 0.316786 0.391663 0.044637 0.039411
9 0.314522 0.322762 0.035919 0.037807
9 0.362603 0.363251 0.035996 0.035393
9 0.468289 0.510484 0.032373 0.028787
9 0.261075 0.483471 0.043629 0.061595
10 0.090958 0.077682 0.046560 0.077523
10 0.467692 0.384343 0.022752 0.047838
10 0.370190 0.304995 0.027150 0.047405
10 0.274069 0.225967 0.041138 0.067452
10 0.437688 0.352528 0.022143 0.049706
10 0.163574 0.143353 0.043314 0.063252
12 0.708332 0.211511 0.047412 0.080279
14 0.402789 0.784062 0.274375 0.242896
