1 0.360045 0.408264 0.024223 0.089120
1 0.413281 0.412507 0.023163 0.090011
8 0.300289 0.096914 0.014941 0.025646
8 0.150563 0.086244 0.013473 0.023802
8 0.094815 0.075815 0.013867 0.024167
8 0.401115 0.108507 0.019538 0.023079
8 0.205840 0.093283 0.012072 0.030616
10 0.701000 0.237304 0.015794 0.044764
10 0.174720 0.174421 0.023359 0.059505
10 0.255057 0.186919 0.024955 0.046939
12 0.163089 0.042703 0.014410 0.021269
12 0.201466 0.046899 0.013719 0.022835
14 0.177356 0.595866 0.163305 0.395143
14 0.167152 0.596898 0.251150 0.231054
