1 0.132233 0.675130 0.072592 0.170962
1 0.814442 0.842656 0.037649 0.170404
1 0.686117 0.871837 0.034456 0.145930
1 0.178278 0.642352 0.069666 0.181685
1 0.085671 0.711127 0.067482 0.149912
1 0.953378 0.804148 0.045526 0.160984
1 0.746498 0.855489 0.038642 0.142607
2 0.453332 0.364884 0.100873 0.294220
2 0.360611 0.435998 0.081968 0.237611
3 0.259164 0.621508 0.075765 0.179927
3 0.338069 0.572163 0.080348 0.188285
3 0.420134 0.518751 0.084780 0.216637
6 0.360987 0.867898 0.086840 0.244515
6 0.479057 0.842416 0.096812 0.261258
9 0.438152 0.569553 0.060720 0.073301
9 0.954726 0.300552 0.036246 0.097482
9 0.197313 0.617744 0.041338 0.061543
9 0.353590 0.625240 0.060968 0.072673
9 0.277412 0.670947 0.047076 0.075171
9 0.189007 0.695522 0.046336 0.066046
10 0.528665 0.273882 0.045340 0.096150
16 0.169083 0.916605 0.041435 0.080615
16 0.225049 0.923982 0.042171 0.070987
