1 0.741577 0.144645 0.057019 0.186803
1 0.521092 0.256774 0.050637 0.181024
1 0.855168 0.095194 0.064766 0.183110
1 0.402972 0.322506 0.049206 0.149367
1 0.650737 0.187923 0.055232 0.183757
1 0.331222 0.358454 0.050160 0.145113
1 0.459204 0.289368 0.050698 0.167935
1 0.289703 0.381214 0.047912 0.138123
1 0.252703 0.401720 0.039650 0.131210
9 0.407165 0.358214 0.033802 0.040957
9 0.747231 0.195903 0.042440 0.071559
9 0.858558 0.056884 0.046749 0.072541
9 0.859839 0.143583 0.047711 0.076083
9 0.252091 0.379385 0.029739 0.040884
9 0.330830 0.341410 0.032777 0.041335
9 0.522015 0.301855 0.038119 0.040389
9 0.252622 0.432533 0.026093 0.033974
9 0.747474 0.110702 0.042998 0.067362
9 0.656923 0.239081 0.039163 0.066706
9 0.459107 0.331600 0.038915 0.041058
9 0.524528 0.237218 0.036711 0.046317
9 0.656491 0.160790 0.038775 0.067001
13 0.506096 0.568936 0.158767 0.184848
13 0.796636 0.517307 0.195305 0.185836
13 0.311857 0.607377 0.127617 0.160140
15 0.956748 0.566666 0.057305 0.095104
16 0.070525 0.360197 0.047679 0.093825
16 0.147969 0.377405 0.045454 0.080637
