1 0.708314 0.574898 0.076415 0.255417
1 0.134607 0.678162 0.062176 0.182541
1 0.433442 0.628239 0.066408 0.215778
1 0.562110 0.608508 0.068037 0.211354
1 0.227253 0.662250 0.060766 0.175076
1 0.045190 0.697584 0.057521 0.191021
1 0.977314 0.529832 0.036539 0.243848
8 0.304411 0.148940 0.037592 0.095619
8 0.552846 0.050192 0.041498 0.089328
9 0.561479 0.665751 0.044716 0.073637
9 0.143400 0.647170 0.044200 0.068034
9 0.437751 0.593212 0.048048 0.069395
9 0.712890 0.069740 0.037378 0.084410
9 0.131290 0.725516 0.049286 0.068630
9 0.568019 0.572217 0.048037 0.074042
9 0.238747 0.630401 0.041689 0.072014
9 0.043424 0.744504 0.041829 0.062342
