1 0.070321 0.479202 0.045707 0.163576
1 0.475616 0.559449 0.045320 0.158058
1 0.573399 0.582092 0.040746 0.158239
1 0.294780 0.520840 0.047352 0.157826
1 0.183242 0.503289 0.047556 0.141101
1 0.975879 0.663955 0.038480 0.154983
1 0.667444 0.598369 0.037772 0.135783
1 0.901229 0.647066 0.043771 0.157640
5 0.492888 0.073225 0.286926 0.258411
8 0.623834 0.126758 0.038589 0.083295
9 0.560995 0.076788 0.042099 0.094733
9 0.494423 0.053716 0.035704 0.078473
9 0.405321 0.120330 0.032540 0.068744
9 0.573229 0.619587 0.036789 0.042854
9 0.947998 0.127345 0.047074 0.085053
9 0.437319 0.040926 0.032133 0.064513
9 0.070207 0.457006 0.038977 0.081591
13 0.548295 0.862910 0.170974 0.179823
13 0.134788 0.814124 0.218616 0.206900
13 0.892386 0.902389 0.130243 0.156850
