1 0.790550 0.525675 0.064829 0.233954
1 0.696882 0.594763 0.060619 0.204251
1 0.624789 0.644585 0.057361 0.193429
1 0.452390 0.767413 0.058221 0.169256
1 0.506160 0.725322 0.057273 0.179680
1 0.398992 0.799796 0.053891 0.156591
1 0.976147 0.384764 0.043712 0.243568
1 0.295342 0.876374 0.040850 0.130030
1 0.262935 0.897989 0.041952 0.138515
1 0.334071 0.850033 0.057708 0.163370
9 0.701907 0.562833 0.046315 0.067704
9 0.624840 0.695196 0.044574 0.067033
9 0.705311 0.642305 0.047852 0.064575
9 0.297174 0.855461 0.030497 0.039712
9 0.626388 0.620699 0.041319 0.068208
9 0.508671 0.771003 0.043652 0.062715
9 0.407918 0.776708 0.036247 0.042528
9 0.264976 0.876882 0.033358 0.037903
10 0.219339 0.532233 0.043304 0.073450
13 0.789581 0.921464 0.224531 0.183306
16 0.083904 0.870417 0.042758 0.081684
16 0.161304 0.879660 0.045445 0.079942
16 0.015845 0.864610 0.028950 0.105865
