1 0.782299 0.590335 0.036662 0.116148
1 0.832990 0.582391 0.034095 0.119997
1 0.880241 0.569513 0.036437 0.132550
1 0.378570 0.466983 0.037032 0.142661
1 0.988450 0.546006 0.022039 0.116969
1 0.360478 0.462401 0.055156 0.129848
2 0.547754 0.323942 0.065833 0.153394
3 0.527289 0.431958 0.046297 0.133796
3 0.604289 0.405335 0.054281 0.157329
6 0.561183 0.617738 0.057886 0.188143
6 0.642660 0.609460 0.065453 0.202177
6 0.592552 0.612085 0.057248 0.191687
8 0.833045 0.226830 0.021727 0.028280
8 0.880519 0.208022 0.022673 0.027170
9 0.349432 0.461061 0.030947 0.041790
9 0.388020 0.444935 0.030341 0.041148
10 0.264267 0.460005 0.020890 0.056726
10 0.822963 0.439795 0.023532 0.045294
10 0.294058 0.440897 0.020362 0.050491
10 0.380748 0.388317 0.021748 0.057679
10 0.603308 0.253385 0.035199 0.079285
10 0.905284 0.468344 0.021114 0.054034
10 0.671077 0.221608 0.038074 0.074149
13 0.857056 0.763962 0.129236 0.142039
14 0.293696 0.822427 0.314144 0.204173
