1 0.857691 0.269805 0.071832 0.184284
1 0.790753 0.321632 0.064679 0.180797
1 0.938559 0.210044 0.078090 0.193545
1 0.622656 0.459548 0.045223 0.141608
1 0.665679 0.419136 0.049070 0.154630
1 0.710426 0.391409 0.058544 0.180897
1 0.416771 0.623236 0.032723 0.104381
1 0.453525 0.594917 0.035654 0.107983
1 0.514657 0.544291 0.033471 0.129261
1 0.484724 0.569132 0.031775 0.120155
1 0.567831 0.504720 0.043774 0.149360
1 0.529224 0.534711 0.038312 0.144268
9 0.859543 0.235322 0.043674 0.067039
9 0.574010 0.534636 0.030561 0.042180
9 0.623549 0.494295 0.034294 0.034614
9 0.796370 0.366891 0.047965 0.058377
9 0.661164 0.401988 0.033416 0.042014
9 0.946236 0.259112 0.062032 0.065793
9 0.624050 0.434202 0.031885 0.035468
9 0.662514 0.469186 0.038284 0.041339
9 0.938453 0.173387 0.047204 0.071702
9 0.794625 0.291730 0.044276 0.065299
9 0.569790 0.476899 0.029206 0.042072
9 0.656327 0.032205 0.024018 0.040218
9 0.552308 0.023017 0.029883 0.039890
9 0.702382 0.370252 0.039518 0.040691
10 0.328801 0.441531 0.017669 0.045198
10 0.375174 0.353539 0.019479 0.045156
10 0.443903 0.233587 0.017638 0.058449
10 0.271023 0.438421 0.019499 0.039217
10 0.446445 0.358652 0.017384 0.045147
10 0.361634 0.222315 0.025495 0.046138
10 0.717576 0.263981 0.020358 0.056646
10 0.978894 0.100866 0.038092 0.075596
13 0.718554 0.685572 0.127535 0.179760
13 0.925938 0.612120 0.171583 0.257917
13 0.570130 0.722182 0.103061 0.142170
14 0.065913 0.823059 0.103898 0.303089
16 0.278391 0.632597 0.025048 0.054026
