1 0.625309 0.609531 0.028699 0.101740
1 0.566837 0.608652 0.028968 0.092803
6 0.857475 0.739413 0.036192 0.085604
6 0.898431 0.738081 0.034753 0.090025
6 0.821024 0.743508 0.035620 0.082087
8 0.777991 0.429152 0.011475 0.022091
8 0.736017 0.429627 0.010736 0.020622
8 0.822320 0.429008 0.013911 0.021459
8 0.662661 0.428933 0.011180 0.021443
8 0.294740 0.436412 0.011529 0.023632
8 0.620630 0.430379 0.011462 0.024334
8 0.572385 0.433048 0.011475 0.023871
8 0.416472 0.429675 0.010574 0.017432
8 0.495697 0.428532 0.012266 0.019932
9 0.849967 0.530621 0.014786 0.027960
10 0.052804 0.278137 0.047872 0.095457
10 0.130916 0.276438 0.045577 0.097952
12 0.580312 0.398914 0.011405 0.023085
12 0.649159 0.398473 0.010941 0.025148
12 0.611453 0.399239 0.010560 0.023745
12 0.813552 0.394902 0.011764 0.028176
12 0.775688 0.395247 0.008319 0.022891
12 0.743577 0.401171 0.009978 0.023920
14 0.631277 0.878541 0.165777 0.359297
