3 0.638543 0.570523 0.054181 0.146785
3 0.603814 0.523821 0.061049 0.159551
3 0.684246 0.619498 0.044236 0.121450
6 0.640330 0.839047 0.041825 0.134707
6 0.663305 0.847964 0.031111 0.141254
9 0.600489 0.568105 0.040592 0.037389
9 0.569186 0.452059 0.042194 0.033652
9 0.565004 0.522951 0.041324 0.039565
11 0.047568 0.839703 0.023645 0.097284
11 0.083847 0.848925 0.022731 0.090665
11 0.124531 0.864489 0.024478 0.097529
11 0.033089 0.839282 0.021328 0.088208
11 0.104757 0.853791 0.021254 0.090915
12 0.218127 0.764504 0.013539 0.032781
14 0.372995 0.845487 0.137864 0.366175
