1 0.647313 0.111657 0.062042 0.174585
1 0.582229 0.152707 0.059408 0.160710
1 0.531399 0.178567 0.062939 0.153853
3 0.741951 0.083618 0.074262 0.164739
6 0.863038 0.309016 0.078876 0.256394
6 0.927892 0.285402 0.080162 0.278524
6 0.985476 0.271412 0.046282 0.303777
9 0.647584 0.152226 0.044783 0.059194
9 0.650070 0.073831 0.041179 0.063606
9 0.541318 0.162254 0.038330 0.046011
10 0.434065 0.195154 0.021812 0.050881
14 0.500501 0.645339 0.374349 0.410909
14 0.740895 0.618649 0.125725 0.392057
16 0.657260 0.408280 0.044473 0.069552
