1 0.931171 0.650534 0.035813 0.107929
1 0.743091 0.658564 0.029173 0.111048
1 0.677354 0.661054 0.034531 0.102391
1 0.991604 0.647139 0.018502 0.116203
2 0.183204 0.487199 0.038647 0.124861
2 0.259881 0.484936 0.040885 0.132764
3 0.242539 0.555058 0.035496 0.114436
3 0.161834 0.559533 0.031634 0.116734
3 0.314498 0.546912 0.035704 0.129938
3 0.351230 0.543285 0.035634 0.117474
6 0.273725 0.719562 0.043255 0.126138
6 0.221870 0.719375 0.053982 0.131236
6 0.317571 0.719027 0.049746 0.135045
8 0.594057 0.327226 0.013311 0.022885
8 0.811508 0.300997 0.013894 0.033248
8 0.224834 0.377982 0.013929 0.022578
8 0.751705 0.310470 0.013799 0.032834
8 0.541557 0.339754 0.013361 0.027720
8 0.492588 0.348800 0.015792 0.027007
8 0.145278 0.393083 0.012888 0.024372
8 0.489764 0.343183 0.013231 0.022576
8 0.034053 0.401059 0.016852 0.018347
8 0.697203 0.318317 0.016953 0.027294
8 0.925402 0.282040 0.018183 0.035324
10 0.833541 0.387906 0.019731 0.046792
10 0.213379 0.427134 0.018067 0.043562
10 0.593637 0.378374 0.021912 0.047991
10 0.366466 0.412389 0.019354 0.048559
10 0.505581 0.393802 0.019982 0.056396
12 0.759600 0.260387 0.012097 0.031446
12 0.581588 0.288402 0.011873 0.026144
12 0.215917 0.340175 0.011747 0.022378
12 0.493579 0.296673 0.012182 0.021576
12 0.801382 0.255525 0.013097 0.027889
12 0.525964 0.293898 0.011670 0.026529
12 0.061466 0.362602 0.010731 0.015300
12 0.707998 0.267036 0.013485 0.029090
14 0.528707 0.819823 0.360753 0.214320
15 0.013498 0.818267 0.016755 0.055029
