6 0.739683 0.720370 0.031981 0.091524
6 0.773442 0.721045 0.026719 0.090893
6 0.275025 0.724360 0.026067 0.082653
8 0.274208 0.406789 0.011004 0.021118
8 0.725735 0.435105 0.011110 0.014212
8 0.150299 0.400957 0.010816 0.025367
8 0.063579 0.389499 0.011880 0.020102
8 0.227800 0.402444 0.010435 0.025170
11 0.909003 0.613881 0.022970 0.148324
11 0.529789 0.667572 0.029738 0.112557
11 0.934357 0.612523 0.024444 0.159723
11 0.373520 0.662856 0.025385 0.104413
11 0.561788 0.669280 0.026984 0.105073
11 0.507873 0.666333 0.029702 0.116392
11 0.624845 0.671622 0.026861 0.099341
11 0.890993 0.615847 0.022978 0.145656
11 0.398446 0.661458 0.024182 0.095987
11 0.435292 0.660513 0.030897 0.104180
11 0.659718 0.668314 0.026563 0.103677
11 0.644348 0.669442 0.027642 0.101922
12 0.067110 0.359574 0.011632 0.020495
12 0.099171 0.362112 0.010478 0.021632
12 0.737173 0.400899 0.011583 0.016881
12 0.139109 0.365839 0.011275 0.025334
12 0.239267 0.373523 0.010439 0.022740
12 0.762967 0.403111 0.013966 0.021049
12 0.312865 0.375535 0.012767 0.025468
12 0.708072 0.400389 0.011619 0.018741
12 0.272095 0.377087 0.009475 0.020115
14 0.082435 0.871532 0.150707 0.393308
