1 0.409177 0.375250 0.082059 0.221048
1 0.529293 0.440876 0.075675 0.248479
1 0.627015 0.502844 0.070940 0.192176
1 0.849035 0.644627 0.065450 0.179651
3 0.911259 0.687674 0.061704 0.173331
3 0.772664 0.611475 0.065567 0.187650
3 0.988884 0.744475 0.024174 0.131610
3 0.854969 0.656421 0.069269 0.150227
3 0.301836 0.906830 0.046278 0.114020
9 0.068927 0.052281 0.047891 0.078122
9 0.765319 0.657589 0.045425 0.062069
10 0.278984 0.812393 0.021960 0.049609
10 0.622967 0.913266 0.017405 0.040048
10 0.336726 0.831205 0.020097 0.054710
12 0.756649 0.048562 0.043065 0.078968
13 0.834238 0.924347 0.196265 0.188399
13 0.480082 0.846426 0.260058 0.214350
