1 0.928637 0.467863 0.028228 0.092476
3 0.664425 0.412216 0.025968 0.114574
6 0.660213 0.543366 0.034327 0.112315
6 0.705381 0.541077 0.041927 0.102891
6 0.127768 0.561702 0.034978 0.132654
6 0.088335 0.558713 0.035479 0.145771
8 0.910803 0.161258 0.014853 0.024294
8 0.758993 0.173356 0.014921 0.029842
8 0.704260 0.182456 0.013502 0.024348
8 0.964893 0.155635 0.014327 0.030541
8 0.854462 0.164678 0.011674 0.025549
10 0.872144 0.255522 0.023463 0.050279
10 0.955660 0.248651 0.024116 0.052264
11 0.027700 0.339208 0.028563 0.193388
11 0.259166 0.316293 0.028917 0.213588
11 0.209999 0.324247 0.029781 0.200934
11 0.109990 0.331661 0.031089 0.210871
11 0.069090 0.332771 0.034024 0.215585
11 0.517829 0.308827 0.030693 0.195206
12 0.873722 0.118855 0.013917 0.025418
12 0.916133 0.117576 0.011905 0.024363
12 0.747827 0.135543 0.013734 0.030427
12 0.957835 0.113220 0.011045 0.029980
12 0.695909 0.142535 0.011075 0.024507
12 0.664781 0.144535 0.010441 0.022752
14 0.927510 0.683687 0.104213 0.440701
15 0.447230 0.638432 0.017476 0.043959
15 0.389158 0.636398 0.021467 0.057363
