1 0.061540 0.382176 0.066806 0.211692
1 0.218748 0.416116 0.053441 0.199855
2 0.517431 0.433430 0.071002 0.184337
2 0.796453 0.491797 0.080045 0.173140
3 0.456380 0.511716 0.058284 0.200645
3 0.733901 0.566146 0.062902 0.188695
3 0.596638 0.539772 0.063273 0.189753
3 0.507898 0.799179 0.036979 0.123789
7 0.782078 0.853641 0.035479 0.126529
7 0.709460 0.840359 0.035173 0.110928
7 0.640593 0.824531 0.037288 0.109920
7 0.910230 0.879997 0.038962 0.132066
9 0.646396 0.437929 0.061132 0.066074
9 0.426253 0.231336 0.033059 0.083273
9 0.512959 0.405270 0.043968 0.068098
9 0.783138 0.829104 0.019966 0.030234
9 0.209338 0.468693 0.045182 0.080766
9 0.724748 0.623691 0.045718 0.071293
10 0.697261 0.752362 0.023163 0.051122
10 0.953198 0.801757 0.021302 0.049189
10 0.890038 0.787097 0.020352 0.051065
10 0.625686 0.733516 0.023006 0.049401
10 0.494234 0.713109 0.024361 0.043492
10 0.769835 0.762588 0.022102 0.046355
13 0.059054 0.818379 0.119898 0.350623
13 0.588080 0.895916 0.200232 0.204018
