1 0.572347 0.715796 0.029104 0.118310
1 0.525343 0.721883 0.026985 0.111775
1 0.719393 0.708840 0.033082 0.127194
1 0.661899 0.709422 0.035216 0.119106
1 0.892034 0.698210 0.038035 0.113968
1 0.147359 0.591156 0.044735 0.118761
1 0.107254 0.596807 0.043644 0.107279
1 0.186860 0.582166 0.044649 0.121570
2 0.904360 0.371787 0.061253 0.193389
3 0.297484 0.582173 0.041441 0.118769
3 0.866696 0.471982 0.057152 0.182495
3 0.355572 0.571633 0.043335 0.121044
3 0.243189 0.585119 0.041241 0.108636
5 0.721631 0.405294 0.130245 0.184512
6 0.957673 0.728673 0.068700 0.268280
6 0.311678 0.751254 0.036192 0.134542
6 0.349048 0.750449 0.033605 0.132196
8 0.544503 0.408593 0.018121 0.024225
8 0.627496 0.382011 0.014351 0.022892
9 0.755530 0.406760 0.024368 0.036970
9 0.723300 0.416235 0.023186 0.041332
9 0.186493 0.609202 0.031509 0.032227
9 0.145321 0.618763 0.031925 0.027989
9 0.149862 0.573543 0.027950 0.031138
9 0.684178 0.426457 0.023418 0.040895
10 0.144595 0.516984 0.016331 0.052288
10 0.685188 0.563910 0.018248 0.047155
13 0.735439 0.887771 0.143030 0.126528
14 0.215689 0.884068 0.080030 0.163732
14 0.090573 0.881567 0.132859 0.310699
