1 0.816621 0.355336 0.014466 0.066683
1 0.867842 0.359483 0.018115 0.047431
6 0.506003 0.403289 0.038395 0.115655
6 0.456355 0.405217 0.035546 0.123285
6 0.549226 0.405795 0.033094 0.121950
6 0.006139 0.406572 0.019995 0.164398
8 0.045837 0.048343 0.013991 0.024273
8 0.796389 0.060886 0.013668 0.015916
8 0.530626 0.051331 0.015947 0.013503
10 0.843868 0.159452 0.018684 0.041252
10 0.772007 0.158424 0.017572 0.041744
11 0.675106 0.201967 0.025146 0.182552
11 0.284784 0.184045 0.034013 0.188290
11 0.583868 0.200648 0.031689 0.200945
11 0.628039 0.199361 0.027678 0.246989
11 0.484781 0.201793 0.034260 0.179771
14 0.811294 0.542414 0.122035 0.353433
