1 0.912057 0.303477 0.017195 0.047165
1 0.878656 0.307169 0.016054 0.059367
1 0.628383 0.380082 0.012785 0.031255
1 0.493305 0.337304 0.014779 0.042431
3 0.702720 0.230512 0.029748 0.091840
6 0.684581 0.360713 0.033894 0.073164
6 0.544708 0.407794 0.014982 0.041100
6 0.530571 0.408689 0.015949 0.041886
6 0.698524 0.362295 0.032716 0.077201
9 0.909106 0.105561 0.029731 0.036688
10 0.213936 0.122051 0.021015 0.048300
10 0.743971 0.112020 0.020036 0.051719
10 0.880876 0.021644 0.022688 0.042680
10 0.139709 0.264221 0.020948 0.028372
10 0.823424 0.056880 0.022047 0.048346
10 0.878331 0.221863 0.012532 0.023273
10 0.908646 0.228015 0.012325 0.022683
10 0.082076 0.262896 0.021808 0.029364
11 0.043424 0.308100 0.028141 0.089430
13 0.900554 0.416351 0.072545 0.067774
14 0.775379 0.441340 0.177776 0.473278
14 0.444027 0.487909 0.116691 0.145150
