1 0.146057 0.434560 0.058400 0.178694
1 0.050795 0.374189 0.059056 0.208306
1 0.225865 0.479102 0.056288 0.166458
1 0.331261 0.549389 0.048097 0.153523
1 0.703592 0.769709 0.031850 0.103676
1 0.530637 0.666909 0.039614 0.128801
1 0.390836 0.588413 0.048581 0.139596
1 0.564364 0.687604 0.037171 0.125451
1 0.433177 0.611694 0.044587 0.146183
1 0.624893 0.722831 0.039569 0.130679
1 0.497910 0.649679 0.041115 0.127292
1 0.610531 0.712383 0.039114 0.125093
1 0.798797 0.822042 0.019720 0.047694
9 0.526427 0.690841 0.024043 0.028066
9 0.138302 0.479981 0.045331 0.068510
9 0.496203 0.676685 0.024935 0.026597
9 0.332033 0.584682 0.032826 0.039648
9 0.386244 0.611347 0.034510 0.039473
9 0.684199 0.330390 0.020837 0.024870
9 0.334863 0.524323 0.035777 0.042406
9 0.430221 0.637841 0.030896 0.033894
10 0.871875 0.710619 0.014275 0.018223
10 0.832152 0.713899 0.012793 0.017661
10 0.680977 0.461125 0.017960 0.025639
13 0.339528 0.831881 0.139858 0.168727
13 0.080671 0.777917 0.190744 0.239325
13 0.603307 0.890072 0.084658 0.119653
13 0.496723 0.868651 0.114985 0.155609
13 0.737873 0.928796 0.042959 0.097956
16 0.851314 0.820388 0.021231 0.036977
