1 0.372135 0.340237 0.032290 0.121380
1 0.035046 0.155614 0.052415 0.158667
1 0.321362 0.311150 0.036251 0.131623
1 0.411219 0.361163 0.035882 0.120154
1 0.135327 0.201821 0.047222 0.144866
1 0.469693 0.394534 0.032634 0.095190
1 0.215134 0.251367 0.039782 0.148459
9 0.369481 0.361821 0.022785 0.028454
10 0.562890 0.258696 0.014880 0.038836
10 0.715597 0.317024 0.015472 0.038443
13 0.089442 0.469696 0.190453 0.170245
13 0.341465 0.515020 0.120518 0.135067
13 0.477152 0.547833 0.081808 0.078704
13 0.570989 0.563680 0.065094 0.056649
14 0.814669 0.575017 0.096069 0.323552
