1 0.325230 0.789678 0.045581 0.219738
1 0.186848 0.779502 0.051079 0.194107
1 0.773882 0.835997 0.048389 0.197552
1 0.454951 0.798853 0.045696 0.208330
1 0.660161 0.823955 0.050291 0.192023
1 0.881702 0.849080 0.047547 0.177215
9 0.662191 0.871253 0.037044 0.070864
9 0.452543 0.848225 0.036495 0.070232
9 0.320576 0.841249 0.036765 0.077299
9 0.187691 0.739914 0.038493 0.071601
9 0.451770 0.766003 0.034495 0.079891
9 0.183674 0.828879 0.044581 0.068667
10 0.100668 0.355091 0.050462 0.073329
10 0.100598 0.250934 0.051704 0.073876
10 0.736004 0.722773 0.038177 0.077967
