1 0.144706 0.583812 0.059140 0.201302
1 0.233651 0.642781 0.054649 0.180438
1 0.468630 0.800197 0.044364 0.159086
1 0.305971 0.684117 0.052408 0.166251
1 0.511427 0.823116 0.047524 0.147598
1 0.582498 0.867964 0.043169 0.156613
1 0.413372 0.763758 0.050944 0.161907
1 0.699209 0.945530 0.040688 0.131720
1 0.643961 0.909692 0.036646 0.125517
9 0.684673 0.563847 0.021759 0.025487
9 0.227645 0.687430 0.042684 0.062103
9 0.579356 0.896377 0.029111 0.035240
9 0.464905 0.828782 0.035505 0.040345
9 0.508549 0.854541 0.031489 0.033414
9 0.411982 0.794236 0.036030 0.040064
10 0.971624 0.946946 0.016827 0.025811
10 0.928946 0.949465 0.018092 0.026541
10 0.701806 0.689772 0.017939 0.027166
13 0.138261 0.933404 0.203409 0.140433
