1 0.058363 0.526645 0.054003 0.172650
1 0.525533 0.617968 0.032908 0.145808
1 0.184498 0.541024 0.046772 0.181006
1 0.451156 0.610055 0.036642 0.135531
1 0.294961 0.568378 0.037216 0.155967
1 0.798358 0.676417 0.036573 0.118051
1 0.989344 0.720861 0.021310 0.107043
1 0.870771 0.696016 0.043208 0.117801
1 0.594499 0.636388 0.034179 0.139923
1 0.698707 0.660270 0.035820 0.129968
1 0.914521 0.702161 0.042326 0.107619
1 0.748101 0.670543 0.035663 0.129526
8 0.202802 0.158213 0.033308 0.090031
8 0.118993 0.129708 0.040742 0.110965
9 0.450170 0.636264 0.027039 0.030608
9 0.525949 0.651536 0.024169 0.029633
13 0.523345 0.868752 0.149280 0.183247
13 0.763422 0.876512 0.129611 0.152360
13 0.140382 0.866912 0.206289 0.200309
13 0.929464 0.876390 0.102767 0.139986
