1 0.630453 0.473951 0.072898 0.202285
1 0.561583 0.525293 0.071728 0.200550
1 0.793046 0.331023 0.084066 0.279728
1 0.927070 0.228579 0.113581 0.297699
1 0.503902 0.576200 0.065173 0.166850
1 0.437243 0.641962 0.057471 0.153611
1 0.396104 0.669696 0.039857 0.155555
1 0.359977 0.693785 0.034498 0.170062
9 0.802490 0.396224 0.069158 0.084984
9 0.936760 0.175971 0.069065 0.089625
9 0.802496 0.286942 0.065611 0.081730
9 0.938320 0.295117 0.074912 0.100986
13 0.415407 0.927552 0.130895 0.145137
13 0.608092 0.892634 0.205964 0.225525
13 0.300050 0.956143 0.087012 0.082223
