7 0.776563 0.258333 0.046875 0.062500
7 0.186328 0.236979 0.041406 0.059375
10 0.485938 0.915625 0.364063 0.168750
7 0.724219 0.691667 0.064062 0.083333
7 0.710938 0.368229 0.067187 0.094792
7 0.719922 0.487500 0.069531 0.095833
7 0.265625 0.475521 0.071875 0.107292
7 0.273438 0.353646 0.068750 0.094792
1 0.493750 0.395833 0.081250 0.316667
7 0.492969 0.478125 0.062500 0.093750
7 0.326172 0.677604 0.064844 0.088542
7 0.492969 0.360938 0.064062 0.086458
7 0.528125 0.684375 0.062500 0.087500
1 0.715625 0.405208 0.093750 0.320833
1 0.270313 0.389062 0.090625 0.309375
7 0.491797 0.277604 0.057031 0.073958
