7 0.177344 0.242708 0.0453125 0.0645833
7 0.710156 0.696875 0.0671875 0.0770833
13 0.945312 0.146875 0.104687 0.252083
7 0.510547 0.689583 0.0601562 0.075
7 0.771484 0.278646 0.0476562 0.0635417
1 0.469531 0.401563 0.0921875 0.334375
10 0.459375 0.916667 0.340625 0.166667
7 0.704297 0.503125 0.0726563 0.0979167
7 0.473047 0.485938 0.0710938 0.096875
1 0.244922 0.3875 0.0929687 0.3375
7 0.308594 0.677083 0.0640625 0.0791667
7 0.474609 0.367708 0.0742188 0.102083
1 0.70625 0.414583 0.103125 0.33125
7 0.696094 0.379687 0.06875 0.0947917
7 0.242188 0.476562 0.0703125 0.103125
7 0.252734 0.355208 0.0664062 0.0979167
