7 0.755469 0.981250 0.032813 0.035417
7 0.751953 0.913542 0.028906 0.043750
1 0.289062 0.886458 0.043750 0.131250
7 0.016797 0.230729 0.032031 0.084375
7 0.991406 0.935417 0.017188 0.041667
7 0.292969 0.871875 0.028125 0.047917
1 0.752734 0.930729 0.041406 0.134375
7 0.471094 0.253125 0.054688 0.091667
2 0.028516 0.234375 0.055469 0.252083
1 0.989062 0.946875 0.021875 0.106250
7 0.227344 0.586979 0.034375 0.053125
7 0.107031 0.920833 0.034375 0.050000
7 0.658594 0.906250 0.029687 0.050000
7 0.297266 0.224479 0.055469 0.098958
7 0.733203 0.840625 0.030469 0.060417
7 0.639844 0.276042 0.051562 0.093750
1 0.659375 0.922917 0.035937 0.129167
1 0.106250 0.878125 0.053125 0.168750
11 0.474219 0.798958 0.540625 0.402083
6 0.701562 0.475521 0.020313 0.032292
6 0.484375 0.450521 0.020313 0.032292
6 0.403125 0.442188 0.020313 0.032292
6 0.322656 0.431771 0.020313 0.032292
6 0.178125 0.413542 0.025000 0.035417
7 0.974219 0.617188 0.026562 0.038542
7 0.930078 0.665104 0.024219 0.028125
