1 0.251563 0.319792 0.104688 0.350000
7 0.798047 0.273438 0.049219 0.076042
7 0.300781 0.659375 0.067187 0.095833
7 0.747656 0.459896 0.079687 0.113542
7 0.497656 0.437500 0.081250 0.120833
7 0.501563 0.308854 0.073438 0.103125
7 0.739062 0.336979 0.075000 0.107292
7 0.524219 0.677083 0.070312 0.104167
7 0.744531 0.704167 0.067187 0.095833
1 0.497656 0.347396 0.089063 0.342708
7 0.244141 0.413542 0.078906 0.110417
1 0.746875 0.369271 0.106250 0.371875
7 0.258203 0.287500 0.077344 0.104167
6 0.087500 0.729688 0.026562 0.028125
6 0.098828 0.763021 0.022656 0.026042
6 0.061328 0.788021 0.017969 0.026042
6 0.118359 0.794271 0.017969 0.026042
6 0.182422 0.792188 0.017969 0.026042
6 0.056641 0.877604 0.027344 0.026042
6 0.070703 0.908854 0.022656 0.023958
7 0.166797 0.205208 0.035156 0.064583
7 0.184766 0.342708 0.035156 0.064583
