7 0.181641 0.160938 0.039844 0.055208
7 0.697656 0.302083 0.060937 0.095833
7 0.485156 0.404167 0.060937 0.091667
1 0.703906 0.336979 0.087500 0.330208
10 0.460547 0.881250 0.342969 0.237500
7 0.314844 0.593750 0.062500 0.079167
7 0.704688 0.418750 0.062500 0.095833
7 0.487500 0.292708 0.062500 0.085417
7 0.260547 0.392708 0.067969 0.097917
7 0.271094 0.275000 0.064062 0.087500
7 0.708984 0.614062 0.060156 0.088542
1 0.265234 0.310417 0.089844 0.308333
1 0.486719 0.323437 0.079687 0.305208
7 0.511719 0.605208 0.062500 0.079167
6 0.492188 0.822917 0.017188 0.025000
6 0.612500 0.832292 0.017188 0.025000
6 0.516016 0.766667 0.024219 0.025000
6 0.513672 0.793750 0.024219 0.025000
6 0.512109 0.819792 0.024219 0.025000
6 0.614844 0.682813 0.018750 0.030208
6 0.519922 0.653646 0.017969 0.019792
6 0.557031 0.682292 0.014063 0.020833
6 0.500000 0.679167 0.014063 0.020833
