1 0.5625 0.059375 0.040625 0.1125
7 0.699219 0.396354 0.0203125 0.0385417
4 0.352734 0.0625 0.124219 0.125
7 0.844531 0.0567708 0.0296875 0.040625
4 0.641016 0.0609375 0.130469 0.121875
10 0.44375 0.355729 0.125 0.157292
4 0.492188 0.0614583 0.128125 0.122917
7 0.745313 0.116146 0.0328125 0.0447917
7 0.846875 0.11875 0.03125 0.0458333
12 0.751953 0.38125 0.0335938 0.075
12 0.3875 0.383333 0.025 0.06875
7 0.744531 0.0510417 0.03125 0.04375
7 0.164062 0.109375 0.034375 0.0458333
7 0.164844 0.04375 0.0328125 0.04375
1 0.846094 0.0817708 0.0453125 0.153125
10 0.821094 0.357292 0.135937 0.160417
1 0.745313 0.0770833 0.04375 0.152083
1 0.164844 0.0739583 0.04375 0.147917
