7 0.683984 0.435417 0.0851562 0.277083
8 0.733594 0.281771 0.0390625 0.059375
7 0.485938 0.506771 0.065625 0.0864583
7 0.0164062 0.654167 0.0328125 0.0666667
1 0.683594 0.434896 0.0890625 0.286458
7 0.282031 0.490625 0.0609375 0.0854167
11 0.471094 0.904167 0.326562 0.191667
1 0.485938 0.423958 0.0765625 0.297917
7 0.485938 0.388021 0.0625 0.0802083
14 0.928906 0.245833 0.142188 0.225
7 0.287891 0.380208 0.0570313 0.08125
7 0.685938 0.514583 0.0625 0.0875
7 0.678516 0.407292 0.0664062 0.0895833
1 0.284766 0.415104 0.0804688 0.278125
