8 0.096875 0.302083 0.064062 0.100000
7 0.432031 0.844792 0.073438 0.168750
7 0.960938 0.886458 0.064062 0.083333
1 0.966406 0.884375 0.067187 0.231250
6 0.307812 0.283333 0.043750 0.106250
1 0.429688 0.854167 0.084375 0.291667
8 0.077344 0.098958 0.051562 0.064583
1 0.631641 0.877604 0.092969 0.244792
6 0.561719 0.319792 0.042188 0.125000
1 0.228125 0.855208 0.092188 0.289583
7 0.425000 0.954167 0.059375 0.087500
7 0.213281 0.940104 0.064062 0.090625
8 0.430469 0.753646 0.054688 0.071875
7 0.635938 0.962500 0.065625 0.075000
7 0.628906 0.856250 0.065625 0.087500
7 0.228125 0.825000 0.062500 0.083333
7 0.431250 0.842187 0.062500 0.082292
8 0.140625 0.688021 0.053125 0.082292
8 0.692578 0.728646 0.055469 0.090625
