7 0.289844 0.741667 0.076563 0.133333
1 0.648438 0.472917 0.084375 0.275000
1 0.442969 0.444792 0.075000 0.304167
7 0.235937 0.527604 0.059375 0.082292
1 0.968359 0.486458 0.063281 0.281250
1 0.241406 0.452604 0.076563 0.271875
7 0.446875 0.429688 0.059375 0.082292
7 0.444531 0.541146 0.059375 0.086458
7 0.641016 0.438542 0.063281 0.087500
7 0.647266 0.546875 0.061719 0.089583
7 0.979297 0.562500 0.041406 0.087500
7 0.971094 0.453646 0.057813 0.082292
7 0.246094 0.421354 0.060937 0.082292
8 0.444531 0.343229 0.051562 0.069792
7 0.471094 0.742708 0.076563 0.133333
7 0.649219 0.746875 0.076563 0.133333
11 0.444922 0.943229 0.300781 0.113542
