6 0.008984 0.828646 0.016406 0.032292
9 0.737891 0.870833 0.042969 0.235417
8 0.266797 0.412500 0.071094 0.110417
9 0.431250 0.905729 0.040625 0.188542
9 0.608984 0.884896 0.035156 0.217708
8 0.782422 0.661979 0.086719 0.107292
10 0.229687 0.607292 0.068750 0.160417
9 0.460938 0.901042 0.037500 0.197917
9 0.492969 0.899479 0.040625 0.188542
10 0.721875 0.392708 0.084375 0.214583
13 0.683984 0.284896 0.167969 0.276042
9 0.563281 0.892708 0.042188 0.206250
10 0.521094 0.483333 0.073438 0.200000
13 0.520703 0.361458 0.180469 0.262500
13 0.371484 0.432812 0.166406 0.248958
8 0.591016 0.723958 0.064844 0.085417
9 0.647656 0.881250 0.040625 0.216667
