7 0.485938 0.378125 0.071875 0.18125
6 0.393359 0.917188 0.0195312 0.0239583
7 0.483594 0.384375 0.0796875 0.239583
1 0.483984 0.377604 0.0804688 0.201042
7 0.298438 0.6875 0.0625 0.0875
6 0.401563 0.759375 0.01875 0.0270833
7 0.509375 0.701042 0.065625 0.08125
1 0.252734 0.382812 0.0914062 0.303125
8 0.478516 0.288542 0.0570313 0.0770833
7 0.484766 0.370833 0.0679687 0.0895833
1 0.483594 0.394271 0.0890625 0.326042
7 0.70625 0.377083 0.06875 0.0916667
7 0.244141 0.473958 0.0710938 0.0979167
7 0.48125 0.483333 0.06875 0.0958333
7 0.714063 0.5 0.071875 0.1
1 0.717188 0.4125 0.096875 0.316667
7 0.257031 0.352604 0.0703125 0.0947917
