11 0.435937 0.920833 0.434375 0.154167
7 0.468750 0.297917 0.078125 0.102083
8 0.139844 0.221354 0.050000 0.082292
1 0.469141 0.340625 0.099219 0.335417
7 0.214062 0.397917 0.076563 0.102083
1 0.221875 0.311458 0.100000 0.329167
7 0.227734 0.280729 0.075781 0.094792
7 0.710938 0.317708 0.079687 0.097917
1 0.717187 0.350000 0.110937 0.316667
7 0.718750 0.438021 0.081250 0.101042
7 0.465625 0.422917 0.084375 0.112500
7 0.494141 0.697396 0.099219 0.169792
7 0.716016 0.716146 0.099219 0.169792
7 0.266797 0.686979 0.099219 0.169792
6 0.078516 0.787500 0.053906 0.035417
6 0.085156 0.825000 0.051562 0.031250
6 0.048438 0.942708 0.051562 0.031250
6 0.061328 0.972917 0.047656 0.025000
6 0.173437 0.855208 0.026562 0.031250
6 0.047266 0.851042 0.021094 0.031250
