7 0.255859 0.279687 0.078906 0.140625
8 0.166406 0.208854 0.046875 0.065625
1 0.255859 0.347396 0.096094 0.328125
1 0.503906 0.352083 0.085938 0.345833
1 0.746094 0.404687 0.114062 0.319792
7 0.502344 0.309375 0.070312 0.108333
7 0.741016 0.337500 0.075781 0.100000
6 0.094141 0.764583 0.021094 0.025000
7 0.748437 0.459896 0.078125 0.111458
7 0.496094 0.439583 0.079687 0.125000
7 0.242578 0.411458 0.078906 0.106250
7 0.301172 0.681771 0.097656 0.171875
7 0.524609 0.700521 0.097656 0.171875
7 0.751953 0.720313 0.097656 0.171875
6 0.088672 0.728125 0.042969 0.035417
6 0.057031 0.877083 0.053125 0.035417
6 0.070312 0.907292 0.050000 0.031250
6 0.181641 0.793229 0.021094 0.023958
6 0.121484 0.794271 0.021094 0.023958
6 0.060547 0.788021 0.021094 0.023958
