1 0.990625 0.951042 0.018750 0.097917
7 0.104297 0.922917 0.038281 0.056250
7 0.991797 0.937500 0.016406 0.041667
1 0.657031 0.913542 0.029687 0.102083
7 0.754297 0.901563 0.035156 0.061458
7 0.292578 0.855729 0.041406 0.069792
1 0.755078 0.933854 0.038281 0.132292
7 0.657813 0.907292 0.028125 0.039583
8 0.731641 0.834375 0.035156 0.056250
8 0.228125 0.589583 0.029687 0.045833
8 0.294531 0.216667 0.059375 0.114583
8 0.643750 0.268750 0.070312 0.112500
8 0.467187 0.238021 0.059375 0.115625
12 0.467578 0.806250 0.511719 0.387500
8 0.974219 0.607292 0.037500 0.058333
8 0.930469 0.658333 0.037500 0.058333
