8 0.970313 0.061979 0.057813 0.096875
6 0.444922 0.116146 0.046094 0.119792
7 0.483984 0.933333 0.086719 0.106250
8 0.120703 0.054167 0.058594 0.100000
1 0.674609 0.656771 0.100781 0.296875
6 0.314844 0.107292 0.048438 0.108333
6 0.577344 0.119792 0.048438 0.127083
7 0.247656 0.596354 0.064062 0.084375
1 0.243359 0.630208 0.086719 0.297917
7 0.668359 0.629167 0.069531 0.091667
1 0.458203 0.648438 0.080469 0.298958
7 0.461719 0.615104 0.065625 0.084375
7 0.458594 0.727604 0.067187 0.088542
7 0.235547 0.711458 0.067969 0.087500
7 0.674219 0.743750 0.073438 0.102083
7 0.676172 0.945833 0.086719 0.106250
7 0.273828 0.927083 0.086719 0.106250
