6 0.057813 0.326042 0.026562 0.027083
13 0.051953 0.590625 0.069531 0.125000
6 0.092188 0.298958 0.040625 0.027083
11 0.462109 0.294792 0.388281 0.339583
13 0.541406 0.618750 0.070312 0.108333
10 0.087109 0.709896 0.024219 0.080208
10 0.008984 0.710417 0.016406 0.079167
8 0.896094 0.656771 0.037500 0.051042
13 0.808203 0.620833 0.057031 0.125000
13 0.353906 0.597917 0.070312 0.108333
6 0.077344 0.266667 0.040625 0.027083
6 0.108203 0.151562 0.049219 0.023958
6 0.095703 0.116667 0.057031 0.027083
6 0.071875 0.177604 0.018750 0.026042
6 0.130469 0.180208 0.017188 0.022917
6 0.193359 0.176563 0.017969 0.026042
6 0.176953 0.335938 0.017969 0.026042
