6 0.0839844 0.841667 0.0242187 0.025
1 0.232031 0.182292 0.1 0.277083
8 0.792578 0.14375 0.0460938 0.0645833
11 0.4625 0.872917 0.4375 0.254167
6 0.0601562 0.808333 0.025 0.0291667
8 0.148047 0.10625 0.0460938 0.0625
7 0.733594 0.193229 0.0796875 0.107292
1 0.740625 0.228125 0.115625 0.34375
7 0.237891 0.1625 0.0742188 0.1
7 0.482422 0.304688 0.0835937 0.111458
7 0.486719 0.177604 0.0734375 0.103125
1 0.487109 0.215104 0.0929687 0.348958
7 0.225 0.289062 0.0859375 0.113542
7 0.738281 0.321875 0.0828125 0.11875
