2 0.565625 0.382292 0.106250 0.331250
8 0.529687 0.381771 0.046875 0.067708
3 0.692578 0.577083 0.078906 0.250000
2 0.568359 0.419792 0.092969 0.260417
2 0.367969 0.383854 0.117188 0.367708
8 0.059766 0.360417 0.082031 0.108333
8 0.796875 0.597917 0.039062 0.050000
7 0.767969 0.420833 0.054688 0.070833
4 0.515234 0.915625 0.107031 0.168750
4 0.655469 0.922917 0.110937 0.154167
2 0.780469 0.430208 0.104688 0.256250
3 0.264844 0.558854 0.089063 0.257292
4 0.377734 0.915625 0.119531 0.168750
3 0.478125 0.566146 0.078125 0.278125
