7 0.713281 0.136458 0.070312 0.085417
10 0.842969 0.979167 0.025000 0.041667
10 0.339844 0.975000 0.032813 0.047917
1 0.719922 0.163542 0.107031 0.304167
11 0.470703 0.789583 0.342969 0.370833
7 0.273438 0.101042 0.065625 0.091667
1 0.497266 0.154167 0.080469 0.304167
7 0.494531 0.237500 0.070312 0.095833
13 0.766016 0.957292 0.053906 0.085417
1 0.268750 0.143750 0.084375 0.285417
7 0.495312 0.119792 0.062500 0.087500
7 0.715625 0.252604 0.071875 0.098958
7 0.265625 0.214583 0.071875 0.097917
7 0.307031 0.449479 0.090625 0.157292
7 0.511719 0.469271 0.078125 0.138542
7 0.710156 0.481771 0.078125 0.138542
