6 0.987500 0.374479 0.025000 0.096875
1 0.714453 0.868750 0.082031 0.262500
8 0.792969 0.743229 0.045312 0.063542
8 0.509375 0.755729 0.059375 0.063542
8 0.153125 0.079687 0.051562 0.073958
7 0.507812 0.835417 0.060937 0.081250
7 0.298438 0.813542 0.062500 0.081250
7 0.505469 0.942708 0.062500 0.093750
14 0.042188 0.325000 0.082812 0.195833
8 0.921094 0.125000 0.056250 0.087500
8 0.881641 0.344271 0.053906 0.088542
1 0.505469 0.851042 0.082812 0.297917
6 0.392969 0.302604 0.039062 0.155208
7 0.720313 0.842708 0.062500 0.089583
1 0.285938 0.853125 0.089063 0.289583
6 0.651172 0.327604 0.041406 0.153125
8 0.169141 0.281250 0.058594 0.102083
7 0.729297 0.957292 0.067969 0.085417
7 0.282422 0.928646 0.066406 0.094792
8 0.221484 0.690104 0.047656 0.076042
