7 0.739062 0.14375 0.0625 0.0833333
8 0.492188 0.11875 0.05 0.0770833
8 0.757812 0.357292 0.0375 0.0354167
8 0.621094 0.492188 0.0328125 0.0385417
4 0.348047 0.753125 0.113281 0.341667
2 0.753125 0.155208 0.115625 0.258333
7 0.0105469 0.847917 0.0210938 0.0458333
3 0.442578 0.285937 0.0773437 0.317708
7 0.211719 0.792188 0.03125 0.0427083
7 0.015625 0.790104 0.0265625 0.040625
3 0.6625 0.301042 0.084375 0.285417
7 0.208984 0.854167 0.0320312 0.0458333
2 0.535937 0.148958 0.090625 0.289583
1 0.0167969 0.8125 0.0335938 0.145833
3 0.218359 0.295312 0.0851562 0.292708
1 0.210156 0.815625 0.0421875 0.152083
1 0.775 0.821875 0.046875 0.15625
2 0.317187 0.154687 0.10625 0.296875
4 0.628516 0.751042 0.121094 0.341667
4 0.486719 0.751042 0.11875 0.377083
