7 0.764453 0.616667 0.0398437 0.0458333
7 0.761719 0.547917 0.0375 0.0479167
7 0.960938 0.555208 0.0328125 0.0479167
13 0.174609 0.870833 0.0335938 0.0666667
3 0.433594 0.0989583 0.0828125 0.189583
7 0.964844 0.620833 0.0375 0.0458333
3 0.195312 0.0880208 0.09375 0.176042
7 0.0132813 0.542708 0.025 0.0479167
1 0.0140625 0.567187 0.028125 0.153125
7 0.009375 0.604167 0.01875 0.05
11 0.824219 0.858333 0.0859375 0.16875
7 0.207422 0.543229 0.0335938 0.0447917
3 0.675781 0.0958333 0.104687 0.191667
11 0.475781 0.857292 0.160938 0.160417
1 0.963281 0.582292 0.0484375 0.154167
1 0.206641 0.565625 0.0445312 0.152083
7 0.204688 0.60625 0.034375 0.0458333
11 0.132812 0.850521 0.103125 0.178125
1 0.7625 0.576042 0.053125 0.154167
4 0.342578 0.484375 0.122656 0.35625
4 0.619531 0.491146 0.135937 0.328125
4 0.479688 0.488542 0.126563 0.347917
