8 0.160156 0.816667 0.032813 0.033333
6 0.580078 0.209375 0.044531 0.122917
6 0.931250 0.259896 0.053125 0.115625
6 0.446875 0.191146 0.043750 0.153125
1 0.231641 0.728125 0.089844 0.316667
7 0.219531 0.129167 0.060937 0.091667
7 0.452344 0.826562 0.067187 0.088542
1 0.455078 0.746875 0.082031 0.306250
1 0.673438 0.756771 0.103125 0.294792
7 0.666406 0.723958 0.067187 0.089583
7 0.220312 0.809375 0.071875 0.093750
7 0.235547 0.688542 0.066406 0.085417
7 0.454297 0.708333 0.063281 0.087500
7 0.675000 0.842187 0.071875 0.094792
