7 0.808984 0.497396 0.027344 0.038542
13 0.357812 0.797396 0.028125 0.067708
7 0.153516 0.458333 0.038281 0.045833
3 0.441797 0.044792 0.124219 0.087500
7 0.812891 0.558854 0.028906 0.038542
3 0.209375 0.040104 0.109375 0.078125
7 0.147266 0.524479 0.036719 0.044792
1 0.151562 0.486458 0.050000 0.156250
3 0.680469 0.055729 0.107813 0.109375
4 0.475000 0.393750 0.135937 0.358333
11 0.787500 0.796875 0.134375 0.152083
7 0.539844 0.480729 0.029687 0.042708
4 0.334375 0.391667 0.137500 0.379167
1 0.812891 0.527083 0.041406 0.137500
1 0.538672 0.497917 0.036719 0.137500
8 0.670312 0.818229 0.021875 0.048958
7 0.538281 0.538542 0.029687 0.039583
7 0.714453 0.492708 0.028906 0.039583
4 0.616797 0.411979 0.124219 0.361458
11 0.409375 0.780208 0.115625 0.156250
7 0.716406 0.553125 0.029687 0.039583
1 0.715234 0.517708 0.039844 0.143750
13 0.721484 0.810417 0.030469 0.075000
