1 0.322623 0.149349 0.081232 0.203999
1 0.527291 0.228463 0.060091 0.167193
1 0.395152 0.183959 0.067660 0.178320
1 0.437609 0.191137 0.062030 0.188327
1 0.180729 0.113945 0.086525 0.206297
9 0.180600 0.159359 0.067836 0.086559
9 0.322309 0.202186 0.047733 0.074615
13 0.590270 0.516701 0.155468 0.178546
13 0.134270 0.599934 0.255293 0.245855
13 0.404647 0.573871 0.146059 0.289795
16 0.813464 0.128252 0.052624 0.112565
16 0.719114 0.175145 0.052383 0.113108
16 0.910770 0.079329 0.051459 0.115581
