3 0.362533 0.381413 0.038481 0.124584
3 0.286917 0.381860 0.034935 0.139554
6 0.372541 0.567242 0.047194 0.136891
7 0.762813 0.366165 0.037968 0.130005
7 0.678384 0.369382 0.034709 0.129185
7 0.934879 0.359331 0.039887 0.133942
9 0.477055 0.084159 0.046733 0.084074
10 0.680449 0.276142 0.024626 0.047127
10 0.931433 0.256433 0.023978 0.057629
10 0.382722 0.290538 0.020513 0.046702
10 0.597337 0.278894 0.027479 0.047511
10 0.767499 0.267205 0.026271 0.052759
10 0.459794 0.283284 0.021281 0.041334
10 0.309073 0.292673 0.024529 0.050683
13 0.526988 0.463211 0.265822 0.227351
14 0.670623 0.703087 0.116657 0.305685
