0 0.747319 0.781350 0.051322 0.165393
2 0.778351 0.312179 0.071922 0.218815
2 0.283018 0.334574 0.073672 0.243053
2 0.953860 0.307135 0.066574 0.194245
2 0.464495 0.327090 0.065198 0.242696
3 0.713276 0.421204 0.065784 0.262150
3 0.899881 0.418320 0.067846 0.254696
3 0.210576 0.445185 0.062105 0.234827
3 0.070355 0.792452 0.043595 0.120470
3 0.032469 0.459894 0.054948 0.220742
3 0.392056 0.438668 0.070420 0.227301
7 0.409689 0.790951 0.037696 0.119130
7 0.493054 0.791915 0.036702 0.120408
7 0.745611 0.790300 0.039019 0.124556
7 0.656628 0.790696 0.036278 0.135722
9 0.467528 0.302908 0.046312 0.072662
9 0.407339 0.818966 0.023737 0.031204
9 0.494852 0.823047 0.023886 0.033763
9 0.655704 0.821368 0.021988 0.034412
10 0.646045 0.687313 0.021657 0.052279
10 0.496108 0.687896 0.025076 0.048688
10 0.819237 0.686824 0.025397 0.047299
10 0.412741 0.691343 0.027351 0.049089
10 0.329890 0.693603 0.029200 0.048463
10 0.101488 0.698702 0.020973 0.052420
10 0.186187 0.699154 0.025694 0.046477
10 0.732194 0.687461 0.024841 0.049282
10 0.021233 0.700324 0.024863 0.052689
13 0.243418 0.872929 0.284106 0.207098
