1 0.200289 0.495209 0.031388 0.109264
1 0.275540 0.507372 0.031050 0.110407
6 0.025350 0.717770 0.030349 0.090589
8 0.082207 0.049448 0.043264 0.088679
9 0.199081 0.521024 0.020739 0.024459
10 0.137294 0.205030 0.024879 0.037031
10 0.137123 0.261489 0.024064 0.042420
10 0.098220 0.333243 0.025402 0.036350
10 0.699349 0.284867 0.024015 0.048699
10 0.656048 0.488636 0.018106 0.033164
12 0.021702 0.027998 0.032920 0.077042
12 0.504381 0.164251 0.018227 0.041494
12 0.696804 0.225276 0.021095 0.034819
13 0.264654 0.676207 0.171807 0.138374
13 0.506624 0.691521 0.118683 0.123627
13 0.686731 0.691878 0.086254 0.075174
