1 0.914223 0.309894 0.047548 0.163279
3 0.647397 0.387623 0.039408 0.119661
3 0.720896 0.378106 0.035262 0.142125
3 0.412620 0.416249 0.036173 0.104674
3 0.908660 0.497911 0.033461 0.106842
7 0.758328 0.510756 0.036047 0.098344
9 0.967129 0.087151 0.025926 0.036760
9 0.925087 0.100392 0.023889 0.030958
9 0.414377 0.437819 0.023593 0.026960
9 0.472808 0.436242 0.023896 0.027835
10 0.166100 0.230999 0.024938 0.048476
10 0.295024 0.283541 0.023574 0.044966
10 0.105801 0.204326 0.025617 0.044572
10 0.493985 0.268511 0.024696 0.050170
10 0.315900 0.180506 0.025168 0.052138
10 0.684247 0.224232 0.021295 0.045649
10 0.776763 0.439249 0.015047 0.032245
10 0.535939 0.290832 0.022479 0.043087
10 0.446717 0.244247 0.024128 0.054957
10 0.042542 0.181653 0.025040 0.051519
10 0.254679 0.150035 0.025662 0.048805
10 0.721856 0.250894 0.020692 0.045620
10 0.047760 0.270558 0.023179 0.036773
10 0.643062 0.197827 0.024177 0.047330
13 0.454523 0.589015 0.133752 0.142562
13 0.686606 0.598575 0.151434 0.162056
15 0.275689 0.381056 0.115123 0.135060
