1 0.903984 0.199887 0.067043 0.233949
1 0.544061 0.594306 0.040506 0.121521
2 0.396193 0.271825 0.069421 0.199461
2 0.515871 0.239966 0.066997 0.220058
2 0.282118 0.291997 0.084230 0.202615
2 0.132413 0.333319 0.079870 0.182041
3 0.248536 0.388805 0.064979 0.169668
3 0.738088 0.230240 0.066387 0.246378
3 0.353583 0.364660 0.064742 0.170110
3 0.459198 0.339184 0.065255 0.186867
3 0.737916 0.574623 0.037753 0.115059
3 0.815713 0.570415 0.034593 0.118715
3 0.094504 0.413261 0.060005 0.157172
3 0.014480 0.431258 0.030587 0.135616
6 0.754344 0.766605 0.045006 0.132863
6 0.800437 0.772842 0.044459 0.132229
6 0.704912 0.765930 0.049313 0.123067
7 0.485519 0.596104 0.041646 0.104743
9 0.741423 0.294502 0.041651 0.077669
9 0.356775 0.413744 0.042728 0.064774
9 0.469538 0.388145 0.043789 0.068192
9 0.809517 0.072675 0.034514 0.064314
10 0.503602 0.514875 0.019785 0.044150
10 0.445217 0.521847 0.021278 0.050179
10 0.563021 0.508064 0.022073 0.047265
10 0.832494 0.481915 0.025032 0.041750
13 0.067898 0.688122 0.149778 0.199217
13 0.401703 0.680650 0.230733 0.232342
13 0.904108 0.675609 0.168615 0.386491
