1 0.239110 0.576826 0.033538 0.123322
1 0.138342 0.549247 0.036492 0.122527
1 0.290635 0.591934 0.030006 0.120539
1 0.335963 0.601177 0.032460 0.109459
1 0.073167 0.537671 0.037080 0.136782
3 0.559361 0.428867 0.058462 0.155883
5 0.131255 0.157787 0.142081 0.169643
6 0.594227 0.667083 0.069766 0.221884
6 0.525241 0.649414 0.063911 0.198655
9 0.111601 0.156052 0.028003 0.038716
9 0.155178 0.177974 0.024470 0.034360
10 0.732665 0.405925 0.021569 0.044063
10 0.496330 0.237143 0.040529 0.081903
10 0.768046 0.429710 0.021124 0.040626
13 0.253794 0.768723 0.106772 0.130840
14 0.873439 0.839691 0.156623 0.414401
16 0.758240 0.653561 0.021359 0.057677
