1 0.987254 0.520446 0.024972 0.118489
1 0.900229 0.532992 0.033686 0.117069
10 0.816077 0.206750 0.027551 0.041500
10 0.821165 0.262754 0.023056 0.034402
10 0.181781 0.405571 0.020133 0.038627
10 0.817528 0.314385 0.024679 0.038077
10 0.514089 0.266020 0.024642 0.052624
10 0.042200 0.423980 0.018358 0.036726
10 0.092418 0.346516 0.024226 0.043546
10 0.276637 0.315572 0.023858 0.046510
10 0.786698 0.390393 0.024060 0.036689
10 0.523475 0.509112 0.018517 0.039019
10 0.139307 0.377924 0.019740 0.039232
10 0.292440 0.486020 0.015440 0.034117
11 0.784715 0.775563 0.014467 0.035570
12 0.746585 0.135901 0.034382 0.078961
12 0.477364 0.199808 0.017974 0.035617
13 0.278831 0.702854 0.089151 0.075445
13 0.123055 0.693131 0.087167 0.074620
