1 0.337967 0.567503 0.034169 0.100855
8 0.456826 0.181676 0.035703 0.080769
10 0.035090 0.434345 0.025528 0.041265
10 0.353068 0.496860 0.015458 0.036426
10 0.186022 0.406083 0.022755 0.046383
10 0.940876 0.239654 0.023644 0.035545
12 0.200560 0.257101 0.022860 0.034486
12 0.820635 0.074888 0.041954 0.077079
12 0.467046 0.180563 0.033159 0.071015
12 0.763289 0.086998 0.037308 0.077071
12 0.698049 0.107773 0.035963 0.072095
13 0.515823 0.739361 0.118394 0.130832
13 0.798105 0.751365 0.139062 0.152480
13 0.129821 0.739976 0.082908 0.077395
15 0.572731 0.475452 0.086166 0.165746
15 0.867970 0.435345 0.095062 0.190352
