1 0.313479 0.510217 0.033577 0.155745
1 0.024882 0.482087 0.038784 0.159323
1 0.208942 0.497448 0.032355 0.149426
1 0.989546 0.549429 0.019524 0.138788
1 0.406217 0.515605 0.039226 0.146163
2 0.865022 0.067118 0.118853 0.125155
3 0.788554 0.161008 0.072651 0.242729
3 0.613515 0.135889 0.072975 0.232986
3 0.431263 0.120413 0.077382 0.220438
6 0.713927 0.527257 0.104082 0.365981
6 0.607466 0.522501 0.111846 0.368510
6 0.493947 0.519071 0.114854 0.405015
13 0.330934 0.768912 0.097716 0.165062
15 0.833087 0.777177 0.026166 0.054842
