1 0.451675 0.561246 0.024462 0.094694
1 0.248506 0.515415 0.028328 0.106617
1 0.494316 0.569602 0.023093 0.089362
1 0.180922 0.499904 0.032817 0.110601
1 0.313819 0.531809 0.032060 0.111997
9 0.948000 0.444181 0.022455 0.033595
10 0.239005 0.445125 0.021481 0.040737
10 0.839475 0.342070 0.021767 0.045750
10 0.933027 0.404918 0.020485 0.044876
10 0.799493 0.309692 0.024224 0.051753
10 0.901985 0.381256 0.024562 0.043728
10 0.203764 0.177650 0.024207 0.045785
10 0.455716 0.301404 0.022163 0.036883
13 0.219916 0.686565 0.129837 0.125869
13 0.584289 0.720348 0.078975 0.080312
13 0.435363 0.712333 0.079822 0.075494
13 0.686915 0.728689 0.065454 0.072911
15 0.147294 0.695813 0.024322 0.047594
15 0.389687 0.720429 0.015700 0.033266
15 0.542757 0.721302 0.019172 0.036950
