1 0.031928 0.261446 0.062249 0.200304
2 0.631357 0.152165 0.071227 0.217763
2 0.298080 0.184209 0.078358 0.221654
2 0.469258 0.168211 0.063553 0.219110
2 0.956767 0.127352 0.064157 0.208473
3 0.560676 0.279092 0.056039 0.228118
3 0.618204 0.598521 0.033417 0.120085
3 0.393519 0.289424 0.056069 0.233264
3 0.704762 0.600354 0.038054 0.118518
3 0.110105 0.594950 0.032952 0.119879
3 0.235948 0.291511 0.056911 0.219650
3 0.031746 0.589613 0.033448 0.135196
3 0.882914 0.251567 0.065365 0.246319
6 0.009817 0.774919 0.024428 0.142678
6 0.044373 0.777758 0.041589 0.138803
6 0.626006 0.803966 0.048935 0.117481
6 0.571062 0.802044 0.046910 0.118042
9 0.644528 0.131867 0.047532 0.083106
9 0.023672 0.319493 0.047752 0.077471
9 0.560368 0.336178 0.041387 0.079486
9 0.243448 0.352791 0.039033 0.072614
10 0.549874 0.508282 0.024172 0.045461
10 0.073207 0.510943 0.018438 0.046676
10 0.630604 0.508295 0.020626 0.035998
10 0.009776 0.510126 0.016302 0.052295
10 0.708112 0.508395 0.018576 0.033222
11 0.702516 0.900430 0.012328 0.030589
13 0.442380 0.688187 0.269101 0.201855
