1 0.950359 0.497208 0.029821 0.110917
1 0.786504 0.497774 0.028846 0.117656
1 0.867630 0.495231 0.031565 0.117088
8 0.390783 0.152056 0.018744 0.038225
9 0.939232 0.343131 0.023324 0.025480
10 0.715088 0.287206 0.023596 0.035313
10 0.714623 0.233641 0.021912 0.037011
10 0.713221 0.180424 0.025863 0.044253
10 0.164337 0.406205 0.021849 0.040587
10 0.071887 0.339596 0.028913 0.044674
10 0.688165 0.360749 0.023320 0.033557
10 0.225001 0.465768 0.021139 0.035841
10 0.024432 0.306235 0.031485 0.046005
12 0.550847 0.126929 0.031948 0.083700
12 0.610068 0.111633 0.025596 0.080944
13 0.869278 0.684887 0.187398 0.144473
13 0.167068 0.652232 0.094492 0.085696
