1 0.161405 0.220803 0.059355 0.200924
1 0.411989 0.264144 0.046341 0.198110
1 0.297225 0.253484 0.051379 0.193725
1 0.310413 0.538133 0.027002 0.107695
1 0.370418 0.543887 0.030050 0.095106
1 0.139520 0.522861 0.031010 0.089850
1 0.570979 0.566874 0.034310 0.099714
1 0.073225 0.516182 0.035588 0.098321
1 0.248382 0.536701 0.031884 0.116733
2 0.752769 0.274026 0.053653 0.175157
2 0.644913 0.258341 0.053943 0.164291
2 0.869049 0.306471 0.071606 0.160561
3 0.595168 0.335861 0.048674 0.179853
3 0.812337 0.367456 0.056426 0.156738
3 0.702851 0.353195 0.036846 0.145056
6 0.629995 0.563305 0.073553 0.188588
6 0.697370 0.567717 0.079208 0.198199
6 0.762226 0.575933 0.074033 0.186970
