1 0.535197 0.156384 0.036519 0.166890
1 0.440481 0.161057 0.043505 0.159264
2 0.288870 0.133408 0.052528 0.145750
3 0.256151 0.204232 0.037003 0.134415
3 0.550040 0.341239 0.035740 0.102014
3 0.178608 0.209307 0.041878 0.118623
3 0.103741 0.213188 0.045381 0.127198
3 0.493002 0.341140 0.033187 0.112754
7 0.300474 0.344375 0.034124 0.096834
7 0.438768 0.343812 0.032537 0.108547
9 0.182287 0.240180 0.025104 0.027887
10 0.319437 0.276227 0.017167 0.035812
10 0.014084 0.071536 0.017508 0.050594
10 0.060489 0.096465 0.021679 0.050322
10 0.222730 0.045146 0.021792 0.049699
10 0.860813 0.100557 0.083016 0.174584
10 0.458001 0.274123 0.015706 0.029418
13 0.215959 0.432789 0.171716 0.175754
13 0.937092 0.460071 0.146436 0.212699
13 0.533412 0.455803 0.188052 0.219830
15 0.673641 0.087327 0.088180 0.193554
