1 0.632611 0.260022 0.052281 0.207004
1 0.518605 0.257840 0.046949 0.188037
1 0.815865 0.550320 0.035852 0.105606
1 0.592260 0.539305 0.030490 0.096290
1 0.389793 0.523561 0.030787 0.087077
1 0.400780 0.256007 0.053338 0.186919
2 0.897021 0.210205 0.056832 0.170923
3 0.838648 0.301387 0.059675 0.182998
3 0.971397 0.302310 0.050934 0.175403
6 0.967384 0.546761 0.063025 0.222353
6 0.891176 0.557782 0.079381 0.220459
10 0.046763 0.149675 0.041508 0.074741
10 0.142542 0.152315 0.039219 0.072964
10 0.241664 0.155768 0.037143 0.076886
10 0.419275 0.153516 0.037137 0.079002
10 0.630281 0.158097 0.037252 0.078236
15 0.662428 0.696196 0.015098 0.039359
