1 0.372841 0.599216 0.036739 0.105783
1 0.320102 0.587587 0.037722 0.116603
3 0.218883 0.560323 0.036935 0.118933
3 0.065926 0.534279 0.038002 0.122760
3 0.142614 0.550284 0.042503 0.120378
7 0.081711 0.669716 0.038157 0.092245
7 0.028734 0.663496 0.039775 0.094607
10 0.013186 0.589780 0.015550 0.036415
10 0.185963 0.105804 0.042603 0.077947
10 0.607865 0.363746 0.029027 0.049053
10 0.608440 0.639337 0.040449 0.078852
12 0.322038 0.104270 0.044717 0.068488
13 0.118847 0.769122 0.177444 0.192867
13 0.343888 0.781137 0.149783 0.147270
