1 0.139916 0.533824 0.032957 0.134408
1 0.239751 0.561817 0.036543 0.122513
1 0.292973 0.571910 0.032360 0.117518
1 0.338118 0.585974 0.033762 0.113992
1 0.079497 0.516049 0.032445 0.132104
3 0.601393 0.426136 0.055907 0.162052
6 0.597833 0.640271 0.070467 0.196911
6 0.524394 0.627232 0.068073 0.192883
6 0.558403 0.631498 0.074179 0.201290
9 0.107034 0.130874 0.033960 0.070320
9 0.107247 0.136754 0.027157 0.041314
9 0.150465 0.158864 0.024456 0.038893
10 0.733633 0.380465 0.023375 0.044089
10 0.495807 0.211454 0.040162 0.085748
10 0.770539 0.403917 0.022287 0.043859
13 0.257098 0.748112 0.124856 0.112938
14 0.867222 0.831635 0.165906 0.449912
16 0.758876 0.628122 0.021365 0.053485
