1 0.166969 0.534315 0.037551 0.159490
1 0.266783 0.522883 0.050808 0.156883
2 0.816082 0.484761 0.051266 0.173280
9 0.291026 0.406669 0.022340 0.038144
9 0.264840 0.370675 0.025523 0.034441
9 0.821049 0.459236 0.024477 0.041899
9 0.232397 0.327032 0.023238 0.030039
9 0.597913 0.411189 0.020659 0.038195
9 0.166660 0.571782 0.031482 0.036087
10 0.914598 0.079091 0.038678 0.085850
10 0.244526 0.640660 0.017058 0.034466
10 0.183671 0.637737 0.015963 0.031578
10 0.028652 0.635414 0.016040 0.035032
13 0.254463 0.823045 0.196297 0.217492
13 0.671501 0.839769 0.171287 0.190801
15 0.396365 0.482108 0.094262 0.190056
15 0.747645 0.480533 0.097189 0.179319
15 0.718429 0.480098 0.089609 0.161443
