1 0.126217 0.368922 0.031600 0.116013
1 0.283600 0.413667 0.025940 0.098774
1 0.050090 0.352207 0.035882 0.125546
1 0.430433 0.462063 0.015827 0.050015
8 0.198740 0.081202 0.016231 0.024048
10 0.752502 0.283529 0.019749 0.043758
10 0.727706 0.262203 0.019622 0.043152
10 0.672146 0.215640 0.021435 0.045705
10 0.635664 0.177183 0.023355 0.051626
10 0.289322 0.130037 0.022465 0.043332
10 0.593464 0.132370 0.034138 0.074516
13 0.260988 0.560900 0.118947 0.097486
13 0.417415 0.572848 0.075738 0.070457
13 0.050336 0.545916 0.106072 0.103794
14 0.853800 0.669821 0.164460 0.383226
15 0.377067 0.573937 0.017122 0.036693
