1 0.221148 0.446979 0.029388 0.109468
1 0.371053 0.484169 0.026566 0.099591
1 0.318958 0.471515 0.027135 0.098868
1 0.155284 0.434224 0.030614 0.112004
1 0.512529 0.512194 0.011959 0.075231
1 0.075219 0.415952 0.038537 0.111980
1 0.589329 0.538862 0.014758 0.059292
8 0.197604 0.124035 0.018824 0.032034
10 0.841016 0.336373 0.018726 0.044904
10 0.810249 0.317558 0.019733 0.046208
10 0.716399 0.237039 0.022458 0.055937
10 0.754574 0.270297 0.021459 0.050487
10 0.371166 0.210375 0.022128 0.044267
10 0.141223 0.355358 0.024287 0.040120
10 0.091229 0.052957 0.036709 0.076190
13 0.122762 0.613275 0.137768 0.116265
13 0.352700 0.634417 0.086784 0.075930
13 0.496963 0.639321 0.079365 0.070078
14 0.927740 0.726843 0.117981 0.405249
15 0.046647 0.614801 0.023782 0.050938
15 0.456195 0.642580 0.015414 0.037254
