1 0.782305 0.573095 0.028681 0.109630
1 0.705989 0.573721 0.031992 0.107463
1 0.632757 0.574811 0.031284 0.108656
6 0.532466 0.802326 0.015564 0.040491
8 0.396212 0.205526 0.032825 0.080993
8 0.233352 0.216217 0.018885 0.043082
9 0.706546 0.597584 0.021870 0.026001
10 0.273370 0.292165 0.023200 0.056240
10 0.567311 0.326711 0.021793 0.029604
10 0.082366 0.393747 0.027087 0.050729
12 0.936785 0.160987 0.020648 0.037559
12 0.977300 0.157503 0.017632 0.037369
12 0.871604 0.163462 0.025273 0.037836
12 0.464006 0.203385 0.015650 0.043025
13 0.718569 0.754115 0.161131 0.126633
15 0.212207 0.565752 0.088136 0.134462
