1 0.827381 0.823244 0.055890 0.169757
1 0.255652 0.958745 0.029544 0.100392
3 0.206564 0.791389 0.051650 0.190142
3 0.971326 0.854311 0.039603 0.129794
5 0.446769 0.573009 0.139333 0.131313
8 0.081904 0.130042 0.037065 0.086966
8 0.455583 0.207483 0.033828 0.083098
8 0.266150 0.156911 0.039697 0.087637
9 0.752415 0.611073 0.022023 0.026275
9 0.436633 0.570773 0.025750 0.028054
9 0.790692 0.615711 0.021475 0.027347
10 0.639620 0.334285 0.045430 0.079681
10 0.150203 0.413012 0.042598 0.065579
10 0.160253 0.334048 0.043801 0.068102
12 0.429502 0.184603 0.034645 0.082598
12 0.046041 0.106252 0.040535 0.093157
12 0.909690 0.286989 0.043693 0.072680
12 0.367944 0.177769 0.031705 0.092719
12 0.272287 0.154200 0.037721 0.086657
12 0.978411 0.289666 0.037506 0.069733
15 0.370643 0.749635 0.097891 0.327809
15 0.702842 0.784304 0.105895 0.285192
