1 0.688897 0.444595 0.042174 0.135354
1 0.762662 0.423957 0.035894 0.127378
5 0.716496 0.264867 0.127533 0.116735
6 0.804304 0.700064 0.034596 0.103494
8 0.009647 0.493035 0.009974 0.018073
8 0.050040 0.494466 0.010463 0.013448
9 0.704556 0.266182 0.026823 0.027006
9 0.756920 0.288694 0.025145 0.027470
9 0.928255 0.181809 0.018533 0.030688
9 0.797500 0.307505 0.022393 0.025751
10 0.546610 0.368187 0.021493 0.044027
10 0.105990 0.383647 0.019058 0.042518
10 0.054042 0.371328 0.019753 0.048585
10 0.717300 0.524100 0.015740 0.033799
10 0.199333 0.339489 0.021203 0.046036
10 0.376683 0.394285 0.024890 0.040993
10 0.262435 0.257717 0.023646 0.051123
10 0.380958 0.302448 0.024627 0.049041
10 0.252810 0.356839 0.022996 0.040700
10 0.546343 0.229480 0.026846 0.049515
10 0.484364 0.200838 0.028091 0.050730
10 0.035643 0.419270 0.014575 0.032887
10 0.503318 0.353939 0.019896 0.040980
12 0.391185 0.113909 0.021981 0.033005
12 0.524502 0.031413 0.019950 0.038784
13 0.721953 0.664074 0.138148 0.177598
13 0.158799 0.693485 0.077043 0.057583
13 0.511503 0.671424 0.101372 0.136840
13 0.247646 0.689169 0.071428 0.061590
13 0.359338 0.673984 0.083356 0.090255
15 0.942185 0.321456 0.104511 0.312156
15 0.624027 0.417454 0.124411 0.144057
