1 0.971053 0.613013 0.045763 0.191933
1 0.476422 0.831685 0.027711 0.120174
2 0.751446 0.569250 0.057876 0.156636
2 0.639959 0.585443 0.059531 0.142190
3 0.814983 0.831154 0.030606 0.098000
3 0.738832 0.832139 0.032708 0.102952
3 0.661857 0.828899 0.036655 0.100949
10 0.335856 0.593091 0.082218 0.192218
10 0.839481 0.150750 0.042016 0.079551
10 0.321534 0.131051 0.044123 0.081699
10 0.833489 0.046982 0.053589 0.077799
10 0.674297 0.754540 0.018687 0.034985
10 0.791710 0.385986 0.035887 0.080823
12 0.222207 0.059734 0.039304 0.074897
12 0.355879 0.047925 0.040549 0.075983
12 0.277676 0.055355 0.040955 0.082532
13 0.239913 0.928798 0.155373 0.162084
13 0.638078 0.929841 0.183298 0.146359
15 0.177890 0.580317 0.108258 0.299184
15 0.524714 0.549032 0.101279 0.221622
