1 0.402451 0.381391 0.077641 0.213079
1 0.328375 0.419730 0.074006 0.195020
1 0.484752 0.325862 0.075736 0.254245
1 0.130720 0.543019 0.065588 0.168763
1 0.223686 0.488777 0.070719 0.186250
1 0.176506 0.517969 0.068519 0.167030
1 0.680456 0.188979 0.079561 0.295729
1 0.833974 0.129265 0.084602 0.251133
9 0.687272 0.266600 0.070172 0.092489
9 0.487730 0.380405 0.063476 0.076350
9 0.143623 0.518097 0.035084 0.041487
9 0.338164 0.388407 0.043666 0.068455
9 0.331857 0.471466 0.047044 0.071505
9 0.695874 0.151158 0.065771 0.083262
13 0.186425 0.821612 0.176575 0.226132
13 0.432034 0.792854 0.251332 0.202517
13 0.861255 0.702160 0.347196 0.253389
13 0.436355 0.797741 0.167727 0.347173
15 0.701093 0.873241 0.047930 0.109428
