1 0.472575 0.523303 0.033831 0.111162
3 0.160537 0.596235 0.017041 0.033000
8 0.571936 0.128475 0.035273 0.084888
9 0.070593 0.612624 0.018414 0.026741
9 0.471286 0.547663 0.020415 0.021465
10 0.321109 0.381114 0.021264 0.046622
10 0.429224 0.419344 0.018367 0.051531
10 0.457511 0.441373 0.015832 0.037405
10 0.042155 0.437689 0.019767 0.030744
10 0.081242 0.460723 0.016214 0.027528
10 0.277783 0.353660 0.022785 0.043577
10 0.482609 0.455478 0.014295 0.037005
10 0.913294 0.541689 0.017306 0.034670
10 0.625556 0.394583 0.019254 0.036545
10 0.186045 0.546527 0.016860 0.033808
10 0.574401 0.378480 0.020656 0.041311
10 0.647639 0.415346 0.017649 0.033940
10 0.189632 0.423534 0.022399 0.038728
12 0.328361 0.239642 0.016922 0.038809
12 0.303661 0.251009 0.019571 0.031655
13 0.657609 0.686802 0.133921 0.125869
13 0.157347 0.699460 0.080952 0.070462
13 0.281788 0.694153 0.081962 0.073092
15 0.718037 0.411673 0.086911 0.161355
15 0.414199 0.480353 0.078179 0.154452
15 0.868560 0.411168 0.066679 0.164087
