1 0.915227 0.442498 0.032058 0.118280
8 0.626849 0.078292 0.035803 0.089534
8 0.006791 0.468397 0.009616 0.019510
8 0.469526 0.129124 0.030735 0.079374
8 0.468666 0.130265 0.019905 0.040874
10 0.181219 0.357072 0.022460 0.042845
10 0.137875 0.333581 0.021167 0.046365
10 0.088711 0.302319 0.023561 0.040920
10 0.043666 0.385476 0.019530 0.031232
10 0.178349 0.445221 0.015949 0.034972
10 0.510570 0.191499 0.022733 0.057262
10 0.312923 0.287734 0.024887 0.051340
10 0.528897 0.447736 0.018830 0.043154
10 0.270533 0.258605 0.026510 0.045155
10 0.296033 0.434708 0.017776 0.036079
10 0.793853 0.309366 0.023656 0.040691
12 0.700009 0.056734 0.032852 0.078109
13 0.142397 0.647043 0.080072 0.064598
15 0.674930 0.444872 0.073885 0.142771
