1 0.530126 0.580922 0.054816 0.186310
1 0.839749 0.472900 0.067293 0.219634
1 0.446099 0.610165 0.058312 0.175852
1 0.626765 0.545850 0.058003 0.233966
1 0.973411 0.425174 0.043295 0.226079
1 0.263830 0.678225 0.053964 0.151248
1 0.207362 0.698034 0.052287 0.147847
1 0.324196 0.659935 0.050217 0.163310
1 0.132058 0.722282 0.050763 0.159287
1 0.096497 0.735457 0.049063 0.145271
1 0.054899 0.750741 0.036454 0.137582
8 0.359769 0.211604 0.016898 0.033400
9 0.090697 0.768971 0.031529 0.039759
9 0.454307 0.582760 0.041722 0.069036
9 0.263519 0.712703 0.036223 0.039042
9 0.216384 0.671100 0.035515 0.044592
9 0.636380 0.514762 0.042449 0.072887
9 0.446888 0.655817 0.040001 0.061962
9 0.843167 0.439718 0.058014 0.069669
9 0.534523 0.629849 0.043608 0.064520
9 0.271035 0.651204 0.034443 0.050348
9 0.843111 0.530068 0.047027 0.081374
9 0.098356 0.715751 0.030989 0.041244
9 0.138436 0.699746 0.031507 0.041666
9 0.129936 0.758243 0.032536 0.040349
9 0.322133 0.696371 0.044027 0.057139
9 0.631358 0.599999 0.055478 0.059518
9 0.983636 0.489503 0.026478 0.096720
9 0.332698 0.626839 0.036030 0.046983
10 0.146630 0.170874 0.045604 0.079550
10 0.144210 0.430517 0.022435 0.055144
10 0.328991 0.521560 0.022670 0.064533
10 0.009261 0.528078 0.017167 0.056955
10 0.145007 0.649133 0.026459 0.052287
13 0.555085 0.919347 0.215408 0.183505
13 0.285560 0.934543 0.157679 0.142884
