1 0.718873 0.119409 0.058803 0.194581
1 0.659790 0.155650 0.054398 0.165417
1 0.495971 0.287758 0.034935 0.127745
1 0.627906 0.175381 0.055535 0.153841
9 0.619042 0.228434 0.035397 0.039319
9 0.556011 0.276290 0.031208 0.042186
9 0.715576 0.159885 0.043578 0.069594
9 0.665151 0.128513 0.033069 0.044721
9 0.831652 0.074059 0.056373 0.068581
9 0.663915 0.195669 0.037020 0.039226
9 0.620885 0.164113 0.033898 0.043674
9 0.524121 0.299912 0.025719 0.036666
10 0.426263 0.082100 0.017345 0.065039
10 0.350735 0.067312 0.019676 0.044474
10 0.297341 0.151584 0.018978 0.047402
10 0.353358 0.172154 0.017284 0.043252
13 0.698937 0.434858 0.154383 0.186205
13 0.553414 0.484449 0.108649 0.137382
13 0.936199 0.358253 0.126390 0.301042
13 0.392060 0.534309 0.043516 0.107044
13 0.452493 0.518597 0.072684 0.095163
13 0.340144 0.558583 0.038161 0.104199
16 0.164639 0.479024 0.020331 0.045508
16 0.195409 0.480111 0.018234 0.044002
