1 0.601096 0.327969 0.080527 0.254801
1 0.723403 0.389303 0.073310 0.240864
1 0.825559 0.437695 0.073362 0.207593
1 0.341864 0.201774 0.089881 0.289686
1 0.159496 0.123724 0.089358 0.274328
9 0.598864 0.391852 0.061337 0.086437
9 0.717264 0.446393 0.062382 0.081584
9 0.592471 0.292367 0.063057 0.078017
9 0.822666 0.494454 0.060182 0.071540
9 0.336910 0.160850 0.062993 0.093007
9 0.144759 0.186091 0.065843 0.098821
9 0.333536 0.273114 0.070352 0.091412
9 0.708323 0.352543 0.056465 0.070489
9 0.812181 0.404851 0.044634 0.076243
10 0.259779 0.801493 0.036055 0.076978
12 0.313582 0.891483 0.046080 0.122058
13 0.685723 0.825843 0.336101 0.210874
13 0.116858 0.700718 0.274840 0.274577
