1 0.172147 0.617416 0.066494 0.196904
1 0.471914 0.541543 0.071162 0.252393
1 0.351435 0.568882 0.080835 0.203659
1 0.089636 0.639749 0.058444 0.197680
1 0.608305 0.496382 0.073940 0.281771
1 0.917945 0.408868 0.082911 0.308293
1 0.026795 0.665278 0.051887 0.165493
9 0.181540 0.589373 0.049322 0.074288
9 0.143361 0.048744 0.041049 0.078430
9 0.620920 0.463993 0.048143 0.093907
9 0.611804 0.564487 0.065188 0.086501
9 0.361746 0.538287 0.048604 0.077727
9 0.087179 0.691506 0.044203 0.067326
9 0.025533 0.638097 0.041915 0.069976
9 0.483451 0.505519 0.046654 0.090065
9 0.472709 0.600941 0.059135 0.077170
9 0.100106 0.612611 0.045781 0.069576
9 0.927096 0.375472 0.048527 0.096224
9 0.252035 0.152295 0.037627 0.081633
9 0.925769 0.492407 0.050739 0.110528
10 0.246259 0.542785 0.039533 0.066670
