1 0.792372 0.639487 0.033029 0.089547
1 0.493889 0.597878 0.028870 0.098349
3 0.643397 0.566458 0.032210 0.097132
3 0.551479 0.589263 0.027784 0.091046
3 0.604203 0.582425 0.030693 0.097389
3 0.957294 0.482457 0.038547 0.112051
6 0.643650 0.697692 0.027116 0.103048
6 0.627182 0.699336 0.029050 0.102219
6 0.678261 0.696059 0.030369 0.104528
8 0.816761 0.360424 0.015377 0.016871
8 0.704973 0.403657 0.013266 0.014107
10 0.601856 0.487395 0.015896 0.036762
10 0.300464 0.356183 0.059136 0.050026
10 0.915930 0.387254 0.017731 0.035280
10 0.683649 0.455707 0.015309 0.033237
10 0.226977 0.407045 0.058859 0.051576
10 0.046157 0.528053 0.027246 0.048921
11 0.145591 0.558197 0.019688 0.164469
11 0.185757 0.534956 0.019093 0.181206
11 0.276433 0.488827 0.027405 0.176797
11 0.129769 0.564335 0.022571 0.160328
11 0.258194 0.493634 0.022918 0.184404
11 0.201373 0.530225 0.018546 0.181910
11 0.240884 0.504505 0.022491 0.199594
11 0.369939 0.569001 0.030802 0.129113
12 0.521312 0.275372 0.042140 0.094616
13 0.814062 0.767927 0.068105 0.068107
15 0.856193 0.762791 0.019054 0.038939
