1 0.821158 0.235945 0.027199 0.100088
1 0.028376 0.356126 0.026202 0.085119
3 0.855737 0.223793 0.026759 0.095851
6 0.987371 0.338945 0.021058 0.110409
6 0.954265 0.342818 0.029934 0.093831
10 0.351637 0.183629 0.021768 0.046052
10 0.260420 0.254677 0.020672 0.036285
10 0.380838 0.160599 0.022232 0.041821
10 0.991158 0.106008 0.013079 0.051513
10 0.409949 0.138930 0.030384 0.048281
10 0.946108 0.119050 0.014272 0.035286
11 0.544926 0.155552 0.021274 0.173849
11 0.583580 0.126839 0.023253 0.200523
11 0.512744 0.172576 0.018140 0.201188
11 0.470848 0.198424 0.018797 0.161090
11 0.487170 0.184680 0.016220 0.183278
11 0.603421 0.121978 0.023351 0.202722
11 0.527558 0.161983 0.021276 0.193734
11 0.701374 0.203920 0.029586 0.117150
11 0.618708 0.121739 0.025804 0.191913
11 0.394879 0.305921 0.021838 0.085965
14 0.875793 0.462118 0.071698 0.162596
