1 0.201512 0.491927 0.028180 0.100630
1 0.140907 0.485151 0.028306 0.085585
6 0.455864 0.639665 0.026009 0.086476
6 0.389375 0.638325 0.028494 0.080646
6 0.418470 0.638556 0.028811 0.079435
8 0.243179 0.310482 0.011337 0.020712
8 0.199780 0.307375 0.010985 0.021742
8 0.159604 0.308285 0.010965 0.020381
8 0.361764 0.326445 0.011764 0.019195
8 0.319711 0.322476 0.010112 0.023690
8 0.070475 0.291478 0.012921 0.019482
10 0.033092 0.404380 0.017986 0.038882
11 0.601401 0.585739 0.030796 0.121527
11 0.718326 0.591893 0.029478 0.109427
11 0.565273 0.583615 0.026982 0.109852
11 0.679631 0.594354 0.028697 0.101076
11 0.588582 0.582809 0.026390 0.112671
11 0.814735 0.597395 0.026620 0.099467
11 0.835548 0.595054 0.030181 0.110994
11 0.641459 0.592080 0.030337 0.092809
11 0.740214 0.591938 0.027842 0.113167
11 0.778204 0.606363 0.027837 0.099176
11 0.702560 0.593113 0.026633 0.101445
12 0.166552 0.271645 0.010566 0.022867
12 0.196548 0.278856 0.010142 0.022352
12 0.236259 0.281101 0.010957 0.021271
12 0.399351 0.297250 0.012558 0.022455
12 0.361905 0.297572 0.011041 0.023455
12 0.330643 0.292072 0.010971 0.024094
12 0.028096 0.691245 0.020055 0.033298
12 0.839376 0.342716 0.010545 0.020741
14 0.195137 0.766841 0.279724 0.165404
14 0.198063 0.775876 0.181623 0.431369
