1 0.446034 0.281717 0.026769 0.102601
1 0.389212 0.277499 0.029139 0.085278
6 0.702947 0.415353 0.026639 0.089793
6 0.666461 0.417404 0.028708 0.084801
8 0.397993 0.101130 0.009842 0.021088
8 0.561161 0.103711 0.011996 0.020578
8 0.485792 0.099897 0.009885 0.019510
8 0.601404 0.103546 0.011107 0.021302
8 0.645323 0.102506 0.012409 0.020009
8 0.162170 0.092497 0.011778 0.023791
8 0.439637 0.102420 0.009601 0.021501
8 0.319321 0.093947 0.011125 0.024994
8 0.108547 0.092882 0.011943 0.030793
8 0.228453 0.092036 0.010999 0.021681
10 0.085774 0.130774 0.028293 0.083843
10 0.026432 0.125819 0.032888 0.105908
10 0.142603 0.130190 0.030568 0.081910
10 0.610519 0.209243 0.015919 0.030419
11 0.814056 0.358301 0.030304 0.109724
11 0.853510 0.357480 0.033358 0.116081
11 0.838690 0.355938 0.030383 0.108180
11 0.932703 0.365695 0.032120 0.096760
11 0.970059 0.364524 0.027795 0.098585
11 0.988789 0.361785 0.020770 0.111217
12 0.472515 0.068096 0.012134 0.021792
12 0.600621 0.074041 0.011169 0.022884
12 0.406183 0.065858 0.010748 0.020688
12 0.640975 0.076327 0.012826 0.024265
12 0.436804 0.067354 0.010112 0.022352
12 0.569559 0.072235 0.011453 0.022530
14 0.444436 0.542337 0.164923 0.370186
14 0.440942 0.539361 0.255100 0.148589
