3 0.782710 0.117039 0.067923 0.158132
3 0.711068 0.074901 0.066788 0.158571
3 0.864083 0.162328 0.064804 0.155159
3 0.916352 0.200559 0.054629 0.146506
3 0.978971 0.252277 0.038245 0.122345
6 0.127988 0.428476 0.050317 0.139069
6 0.084193 0.426156 0.047785 0.137991
9 0.698693 0.104907 0.048392 0.068194
9 0.977265 0.277196 0.024543 0.031178
9 0.628853 0.060567 0.049010 0.074467
9 0.844223 0.195965 0.037822 0.062788
10 0.448716 0.246225 0.018429 0.050573
13 0.300497 0.274318 0.275841 0.247141
13 0.658056 0.373528 0.166761 0.242904
13 0.849992 0.429964 0.110664 0.206759
13 0.968724 0.464536 0.065726 0.168959
14 0.393043 0.568129 0.135094 0.161343
14 0.277324 0.627767 0.119537 0.312367
