1 0.161818 0.568615 0.031237 0.098647
1 0.099421 0.561768 0.028357 0.092596
6 0.379405 0.719272 0.027485 0.085195
6 0.342827 0.720664 0.033971 0.081764
6 0.415646 0.717891 0.023848 0.090531
8 0.282352 0.401287 0.009831 0.022979
8 0.323683 0.406789 0.011479 0.018308
8 0.161987 0.384344 0.010457 0.020696
8 0.120242 0.385058 0.011322 0.018380
8 0.204617 0.389512 0.010870 0.020435
8 0.031574 0.367755 0.015756 0.023753
8 0.367666 0.410771 0.011703 0.019802
11 0.549069 0.665910 0.029133 0.097873
11 0.562107 0.667658 0.029465 0.106310
11 0.528441 0.665997 0.025640 0.094693
11 0.738676 0.688560 0.024464 0.093220
11 0.796094 0.692705 0.025199 0.096019
11 0.639938 0.685453 0.027803 0.105688
11 0.511446 0.663584 0.027661 0.101036
11 0.776278 0.693614 0.021661 0.092538
11 0.663740 0.684432 0.025776 0.106500
12 0.127874 0.350706 0.011117 0.022244
12 0.158852 0.358964 0.010436 0.021332
12 0.198234 0.361994 0.011500 0.021452
12 0.322944 0.374689 0.011238 0.022194
12 0.361165 0.377212 0.012279 0.020593
12 0.292420 0.374476 0.010511 0.023613
14 0.141603 0.844129 0.263126 0.159823
14 0.143900 0.847937 0.186913 0.401704
