8 0.028019 0.183676 0.013099 0.019560
8 0.064436 0.196195 0.014750 0.024591
8 0.104357 0.205026 0.015571 0.017718
8 0.183655 0.225760 0.013894 0.016948
8 0.330185 0.259192 0.016311 0.016205
10 0.195612 0.310432 0.015930 0.046847
10 0.491702 0.126887 0.060594 0.068672
10 0.926503 0.043990 0.049770 0.081811
10 0.430100 0.153388 0.052426 0.077107
10 0.561106 0.101967 0.058543 0.065252
12 0.070319 0.156888 0.011776 0.021464
12 0.110250 0.168301 0.013659 0.021046
12 0.043517 0.149965 0.010182 0.018861
