1 0.081473 0.513564 0.029387 0.097736
1 0.137045 0.361894 0.038638 0.147557
1 0.466686 0.546701 0.025660 0.093706
1 0.035764 0.355853 0.041816 0.146956
1 0.660057 0.554385 0.032769 0.098530
1 0.013726 0.511304 0.020049 0.116208
1 0.609321 0.549129 0.030752 0.096526
1 0.243086 0.530497 0.028976 0.110886
2 0.409101 0.353662 0.037317 0.112353
2 0.487575 0.362312 0.035650 0.126481
3 0.371000 0.413836 0.038070 0.122663
3 0.281560 0.402344 0.036853 0.128633
3 0.450863 0.425847 0.032720 0.132919
6 0.372027 0.586694 0.049982 0.136258
6 0.911283 0.620546 0.034602 0.110266
6 0.318858 0.583472 0.055796 0.123848
6 0.872919 0.620893 0.031660 0.112046
6 0.428559 0.589808 0.048563 0.132370
8 0.242509 0.200403 0.012514 0.026065
8 0.085148 0.173019 0.013470 0.028771
8 0.574384 0.251233 0.013197 0.020159
8 0.296587 0.207590 0.013065 0.022607
8 0.187349 0.189882 0.011806 0.021506
9 0.606423 0.335427 0.021751 0.032042
9 0.665529 0.333916 0.019458 0.028587
9 0.551360 0.361763 0.018756 0.031094
9 0.636004 0.334276 0.019746 0.026529
9 0.036475 0.333485 0.032205 0.040610
10 0.160266 0.279717 0.018403 0.047049
10 0.455486 0.303640 0.021329 0.051131
10 0.372906 0.291449 0.019195 0.059293
10 0.290269 0.283861 0.018193 0.052938
10 0.834459 0.352099 0.020311 0.045580
11 0.894800 0.376560 0.041162 0.182884
11 0.949348 0.377123 0.039770 0.181373
12 0.200384 0.144522 0.012879 0.020953
12 0.292404 0.164689 0.011784 0.028279
12 0.072098 0.126372 0.013286 0.026751
12 0.792520 0.247481 0.013074 0.020118
12 0.822471 0.250758 0.012930 0.021557
12 0.761290 0.246901 0.012454 0.020064
12 0.012147 0.117512 0.010656 0.030467
13 0.260891 0.691789 0.079646 0.077855
13 0.643093 0.690169 0.080853 0.090966
13 0.457931 0.695427 0.084268 0.080885
14 0.082814 0.790569 0.144829 0.501045
