1 0.297777 0.529776 0.060975 0.165215
3 0.328139 0.582851 0.062622 0.170820
3 0.360158 0.627890 0.055034 0.158944
3 0.396657 0.686143 0.039694 0.124696
6 0.352226 0.893349 0.040335 0.125258
6 0.373251 0.898738 0.035221 0.125331
9 0.389695 0.717337 0.024412 0.033711
9 0.313632 0.623421 0.039591 0.041079
9 0.348749 0.663994 0.031759 0.040247
9 0.318580 0.553991 0.034483 0.035476
9 0.354337 0.593564 0.029361 0.033239
10 0.247718 0.388783 0.040762 0.071529
14 0.066624 0.890980 0.116365 0.326688
16 0.802691 0.955560 0.024921 0.049573
16 0.762265 0.955121 0.023422 0.048187
