1 0.594437 0.432581 0.066998 0.214923
1 0.678017 0.377741 0.079451 0.211553
1 0.483057 0.518537 0.062500 0.192006
1 0.381667 0.580329 0.051352 0.162586
1 0.427221 0.556427 0.056661 0.163953
1 0.028329 0.820773 0.031120 0.105338
1 0.255026 0.670709 0.038513 0.134883
1 0.776436 0.324238 0.083030 0.178987
1 0.315050 0.624873 0.053775 0.143439
1 0.163845 0.741612 0.038048 0.118772
1 0.400094 0.562739 0.056030 0.140236
9 0.685548 0.337296 0.059047 0.075703
9 0.600381 0.400745 0.045112 0.079161
9 0.484767 0.484460 0.044816 0.069581
9 0.283852 0.684704 0.030522 0.038850
9 0.315832 0.665554 0.032663 0.039211
9 0.684790 0.431210 0.058367 0.073703
9 0.317303 0.607697 0.034432 0.040996
9 0.483553 0.561163 0.042357 0.067326
9 0.598448 0.486319 0.046676 0.078272
9 0.429075 0.594683 0.036417 0.042858
9 0.256603 0.650905 0.028879 0.036676
9 0.433612 0.523549 0.035617 0.043530
9 0.203447 0.737597 0.032806 0.036271
10 0.109161 0.252200 0.040239 0.075683
10 0.207266 0.285342 0.038776 0.070115
13 0.740190 0.772586 0.279857 0.195619
13 0.457137 0.848062 0.163668 0.214866
13 0.295865 0.884665 0.115736 0.148627
