0 0.782333 0.170700 0.082658 0.235088
0 0.684540 0.228841 0.081283 0.247340
1 0.637822 0.558193 0.053798 0.166834
6 0.299086 0.661592 0.034013 0.114081
6 0.143869 0.709805 0.036733 0.104780
6 0.318820 0.657581 0.036041 0.114077
6 0.333025 0.648162 0.035936 0.097432
7 0.600054 0.280674 0.073429 0.193488
8 0.762547 0.466669 0.018200 0.015691
8 0.875748 0.504242 0.022803 0.023008
9 0.699134 0.279347 0.045264 0.064979
9 0.449772 0.358006 0.034259 0.036173
9 0.334262 0.486488 0.028314 0.035891
9 0.335042 0.427556 0.030200 0.030932
9 0.637450 0.517729 0.044840 0.059918
9 0.400594 0.387027 0.032665 0.038308
9 0.703603 0.195569 0.041187 0.065741
9 0.312205 0.404595 0.021073 0.034263
9 0.798876 0.223826 0.046923 0.072388
10 0.549857 0.225232 0.035815 0.073237
10 0.754471 0.081691 0.046852 0.079980
10 0.342759 0.375139 0.020842 0.044469
10 0.448225 0.298935 0.024406 0.056644
10 0.856446 0.027144 0.050574 0.072191
10 0.376451 0.350223 0.019804 0.056679
10 0.669347 0.143813 0.038343 0.068543
10 0.310783 0.392129 0.021027 0.044680
14 0.351377 0.789437 0.105041 0.367577
14 0.554063 0.826544 0.377644 0.207530
15 0.872323 0.593647 0.065701 0.065420
