8 0.054102 0.556100 0.014818 0.022014
8 0.100931 0.565421 0.013799 0.020445
8 0.009029 0.545891 0.012097 0.022872
8 0.456612 0.621284 0.012436 0.019649
8 0.246638 0.588460 0.013302 0.018868
10 0.052113 0.647199 0.021698 0.050597
10 0.118160 0.656345 0.019206 0.056128
10 0.333089 0.682254 0.014590 0.047692
10 0.971552 0.309167 0.050914 0.089040
10 0.685147 0.461731 0.060748 0.065790
10 0.621006 0.489219 0.052128 0.083815
10 0.563090 0.518390 0.046559 0.082523
12 0.022400 0.506908 0.012872 0.022639
12 0.187947 0.542186 0.013227 0.021210
12 0.053771 0.515929 0.012626 0.022126
12 0.251189 0.555403 0.013074 0.022085
12 0.215264 0.553987 0.011291 0.017425
