1 0.706312 0.568474 0.049297 0.171797
1 0.543113 0.623287 0.051479 0.158202
1 0.935118 0.523642 0.066226 0.153864
1 0.812217 0.554737 0.054295 0.144080
1 0.458042 0.642888 0.045362 0.153066
1 0.064838 0.748880 0.043256 0.132143
1 0.266792 0.697210 0.048109 0.146426
1 0.150006 0.721962 0.042022 0.141882
1 0.022341 0.762269 0.039035 0.119402
9 0.387130 0.699804 0.029377 0.037725
9 0.931302 0.487145 0.040893 0.066853
9 0.545318 0.595407 0.034355 0.044979
9 0.937848 0.560637 0.046420 0.073710
9 0.543462 0.657889 0.036560 0.038636
9 0.386211 0.633559 0.033229 0.043793
9 0.707475 0.546009 0.036773 0.065786
9 0.206652 0.737532 0.032977 0.034891
9 0.271468 0.667161 0.033119 0.037532
9 0.063581 0.725354 0.031649 0.035192
10 0.435067 0.146771 0.047921 0.087493
10 0.225090 0.559402 0.026400 0.049473
10 0.274993 0.582421 0.021994 0.048785
10 0.216547 0.356926 0.024053 0.061035
10 0.139315 0.309619 0.037579 0.081705
10 0.493869 0.127550 0.036605 0.099478
12 0.974774 0.921120 0.048503 0.115915
13 0.488232 0.914432 0.215964 0.167720
13 0.224057 0.926623 0.154263 0.143796
13 0.859978 0.874893 0.242295 0.175452
16 0.896421 0.258200 0.107181 0.172383
