1 0.827024 0.437400 0.061118 0.193988
1 0.726821 0.476671 0.054340 0.171484
1 0.643333 0.510437 0.062496 0.171768
1 0.530940 0.562478 0.050812 0.170920
1 0.467568 0.588971 0.052628 0.148034
1 0.298748 0.662990 0.047005 0.129410
1 0.411859 0.610416 0.052774 0.133717
1 0.334132 0.647408 0.057574 0.151742
1 0.264646 0.674594 0.041499 0.112540
9 0.467748 0.567550 0.036232 0.038585
9 0.299163 0.691373 0.031561 0.033824
9 0.649603 0.486017 0.043630 0.063071
9 0.649465 0.556063 0.039309 0.056107
9 0.414802 0.647348 0.037362 0.033526
9 0.525863 0.544434 0.040043 0.040683
9 0.299595 0.643387 0.031190 0.037166
9 0.467556 0.626801 0.039099 0.037226
9 0.526826 0.604196 0.034205 0.035793
9 0.418336 0.592654 0.037613 0.038338
9 0.829494 0.404596 0.046509 0.068729
9 0.831169 0.485716 0.054979 0.064697
9 0.339545 0.626293 0.038349 0.033998
10 0.335701 0.134612 0.039182 0.083652
10 0.433583 0.175177 0.043113 0.078564
10 0.505877 0.429163 0.023866 0.050697
10 0.202242 0.471269 0.028413 0.057093
13 0.502526 0.851211 0.151848 0.171170
13 0.313525 0.877476 0.135847 0.146404
13 0.788460 0.817788 0.235975 0.186734
