2 0.831472 0.335696 0.066148 0.175032
3 0.802200 0.435695 0.054757 0.167574
3 0.707698 0.460934 0.051583 0.147491
8 0.142450 0.609659 0.014433 0.021378
9 0.302077 0.609150 0.027663 0.032931
9 0.355335 0.592710 0.028950 0.029779
10 0.138982 0.327110 0.019772 0.056961
10 0.374402 0.490502 0.030919 0.044418
10 0.370732 0.255325 0.026176 0.060472
10 0.213052 0.185389 0.020518 0.063396
13 0.343112 0.763168 0.125456 0.164239
13 0.562037 0.763055 0.123808 0.174351
15 0.088013 0.409682 0.079287 0.162670
15 0.208104 0.341507 0.080201 0.187555
