1 0.221508 0.519906 0.066966 0.192819
1 0.336004 0.441839 0.066343 0.216184
1 0.111424 0.572575 0.053529 0.169834
1 0.418557 0.392543 0.075574 0.233572
1 0.164532 0.544603 0.063274 0.186675
1 0.012811 0.642251 0.028496 0.140998
1 0.522571 0.370941 0.072080 0.175503
1 0.032993 0.634196 0.048196 0.149111
9 0.433044 0.356982 0.056292 0.075407
9 0.350081 0.411433 0.043993 0.076863
9 0.219498 0.562571 0.045004 0.065170
9 0.012250 0.617306 0.019248 0.042959
9 0.226459 0.487497 0.045607 0.065059
9 0.523584 0.391115 0.058237 0.071892
9 0.039799 0.660374 0.032973 0.039001
9 0.163145 0.591727 0.037838 0.042780
13 0.181760 0.852921 0.161721 0.209752
13 0.473135 0.796806 0.294233 0.231422
