3 0.379053 0.151036 0.059362 0.149167
3 0.530578 0.278966 0.042898 0.104984
3 0.292098 0.087156 0.058375 0.156739
3 0.451322 0.204682 0.053969 0.142285
3 0.547076 0.286464 0.043642 0.105388
9 0.223727 0.074467 0.048540 0.069852
9 0.492844 0.276434 0.027325 0.030645
9 0.284409 0.120851 0.045335 0.053418
9 0.145714 0.024777 0.044947 0.068099
9 0.407750 0.213500 0.028470 0.033719
9 0.369100 0.185115 0.037920 0.039667
9 0.424975 0.103386 0.033299 0.034911
13 0.370158 0.412335 0.113920 0.188800
13 0.177077 0.351874 0.167248 0.266501
13 0.492435 0.455534 0.074568 0.140401
