1 0.741355 0.224984 0.109404 0.292836
1 0.632086 0.285531 0.092625 0.253999
1 0.455250 0.618613 0.069816 0.186390
1 0.987901 0.717837 0.020747 0.146070
1 0.544102 0.334076 0.083587 0.200651
1 0.721300 0.750401 0.038097 0.114349
1 0.819218 0.741612 0.045428 0.119211
3 0.930536 0.151869 0.106567 0.348672
9 0.756211 0.174113 0.070015 0.085046
9 0.638403 0.351162 0.065001 0.082914
9 0.648568 0.250941 0.059168 0.072878
9 0.746917 0.287868 0.067693 0.080960
10 0.822568 0.050778 0.065854 0.080524
10 0.393743 0.375640 0.041447 0.071521
10 0.444069 0.334941 0.045994 0.081022
10 0.497331 0.299749 0.049945 0.081993
14 0.446067 0.815081 0.801253 0.373544
16 0.624791 0.711239 0.043451 0.085353
