1 0.392136 0.464478 0.041802 0.131824
1 0.012099 0.285935 0.023611 0.159785
1 0.206746 0.377356 0.042333 0.151391
1 0.934294 0.231116 0.061848 0.196745
1 0.264017 0.403121 0.041927 0.143591
1 0.428612 0.483868 0.045519 0.122183
1 0.084023 0.319047 0.046237 0.162838
3 0.569860 0.540823 0.031942 0.096247
9 0.387997 0.492760 0.026313 0.029745
9 0.204045 0.408970 0.033414 0.036595
9 0.390252 0.441028 0.026565 0.037076
9 0.260397 0.432374 0.029319 0.035086
9 0.426872 0.459703 0.029811 0.035723
9 0.264955 0.378325 0.031338 0.039505
9 0.425885 0.508677 0.029567 0.029769
9 0.207007 0.351695 0.031454 0.038369
10 0.517032 0.279812 0.020316 0.045547
10 0.548831 0.173771 0.021124 0.049596
10 0.391204 0.342861 0.016874 0.050497
10 0.540863 0.463681 0.016188 0.039465
10 0.243532 0.248671 0.020881 0.053742
10 0.473036 0.195592 0.020337 0.046469
10 0.185174 0.263863 0.020465 0.058064
10 0.404713 0.214510 0.018014 0.053028
13 0.225485 0.633492 0.144809 0.169827
13 0.394326 0.672594 0.097491 0.127487
13 0.527133 0.693271 0.087453 0.111462
13 0.609482 0.716954 0.062768 0.067133
