1 0.142476 0.533633 0.019319 0.051043
1 0.182211 0.536404 0.019038 0.048928
1 0.819427 0.436585 0.032333 0.101696
1 0.106092 0.534667 0.020705 0.047764
1 0.243546 0.538250 0.022748 0.043634
1 0.908819 0.436950 0.024586 0.092805
6 0.563858 0.503862 0.026460 0.098252
9 0.716801 0.169339 0.027046 0.040665
9 0.699499 0.298827 0.025801 0.031787
9 0.707926 0.235651 0.021745 0.034628
9 0.815275 0.419483 0.025867 0.041003
10 0.857870 0.019834 0.028087 0.049316
10 0.813263 0.055791 0.031632 0.079285
14 0.713529 0.572482 0.161713 0.610669
14 0.451406 0.638149 0.098646 0.313515
