6 0.957295 0.453427 0.034037 0.126971
6 0.990617 0.458440 0.019546 0.150048
8 0.531929 0.121123 0.013843 0.022084
11 0.179749 0.361588 0.029771 0.134522
11 0.301701 0.354227 0.029793 0.156657
11 0.946479 0.231944 0.028820 0.176611
11 0.146309 0.362609 0.029478 0.138827
11 0.737121 0.235331 0.028594 0.189657
11 0.064296 0.364608 0.034858 0.138674
11 0.028186 0.365581 0.031149 0.144772
11 0.009569 0.364049 0.024452 0.146836
11 0.338374 0.352423 0.035718 0.157160
11 0.990035 0.231652 0.019788 0.200595
11 0.894233 0.229172 0.033176 0.196918
11 0.784620 0.232093 0.029907 0.178543
11 0.372056 0.338253 0.031668 0.138993
11 0.217446 0.359046 0.030202 0.145248
12 0.569921 0.080400 0.009705 0.017764
12 0.539949 0.083674 0.010816 0.018790
12 0.617277 0.073220 0.013688 0.028373
13 0.763490 0.541305 0.068657 0.066638
