1 0.178694 0.443648 0.055078 0.207438
1 0.271819 0.483724 0.056974 0.172203
1 0.349643 0.514999 0.050258 0.168714
1 0.530973 0.591494 0.052035 0.151949
1 0.468484 0.566341 0.054129 0.159944
1 0.698512 0.660115 0.042038 0.141175
1 0.658096 0.644825 0.043114 0.150524
9 0.263966 0.452819 0.040699 0.061933
9 0.524805 0.559481 0.037532 0.039537
9 0.526314 0.622077 0.034468 0.037569
9 0.265534 0.527956 0.041962 0.060874
9 0.168680 0.414824 0.045564 0.067239
9 0.468392 0.539178 0.043471 0.064565
9 0.656239 0.671377 0.034256 0.036929
9 0.655575 0.613108 0.030747 0.040381
9 0.470256 0.599801 0.039678 0.037024
10 0.782910 0.456286 0.022654 0.045773
10 0.852127 0.429394 0.023984 0.047214
10 0.651827 0.363075 0.023744 0.057931
10 0.415621 0.455900 0.023656 0.059141
10 0.476274 0.436576 0.020469 0.053026
10 0.644506 0.119312 0.035987 0.081313
13 0.504274 0.852669 0.134664 0.152077
13 0.233997 0.828005 0.228239 0.211746
13 0.698378 0.865643 0.150906 0.155029
16 0.830470 0.636249 0.039540 0.093553
16 0.898815 0.622598 0.039639 0.079442
