2 0.912108 0.311682 0.122435 0.257525
2 0.674942 0.424567 0.113938 0.253390
2 0.476046 0.507036 0.095159 0.184433
3 0.872827 0.466062 0.074286 0.230059
3 0.638687 0.539955 0.075357 0.231248
3 0.534742 0.578240 0.068979 0.192249
3 0.448116 0.610893 0.069146 0.176154
3 0.259610 0.674052 0.061217 0.148749
3 0.322730 0.635816 0.075094 0.174150
3 0.217698 0.687747 0.063590 0.138566
9 0.369901 0.539722 0.043912 0.070440
9 0.541567 0.624923 0.046468 0.077193
9 0.329775 0.682936 0.037284 0.068463
13 0.299745 0.914494 0.178118 0.179325
13 0.106326 0.921055 0.132642 0.139825
13 0.604812 0.892803 0.226723 0.223361
