1 0.545024 0.309356 0.028001 0.113112
1 0.707245 0.285328 0.029975 0.111152
1 0.409957 0.331535 0.028615 0.101733
1 0.600968 0.300996 0.028008 0.112929
1 0.836797 0.262341 0.034202 0.112783
1 0.494197 0.316936 0.031670 0.108844
1 0.767009 0.273568 0.029735 0.115239
1 0.964407 0.245749 0.031199 0.128164
10 0.282453 0.054334 0.021726 0.052829
10 0.220187 0.074300 0.021801 0.053129
10 0.071767 0.120784 0.019585 0.052946
10 0.780053 0.195591 0.023882 0.045591
13 0.781535 0.453035 0.119504 0.125103
13 0.390444 0.486640 0.076510 0.088371
13 0.563336 0.469255 0.109419 0.095016
14 0.105813 0.497324 0.261138 0.227502
14 0.103700 0.512887 0.170259 0.502685
15 0.700750 0.466051 0.021454 0.049764
15 0.877364 0.460428 0.023853 0.051856
