1 0.253607 0.570128 0.037251 0.124259
1 0.196793 0.555680 0.036186 0.144891
1 0.905230 0.374447 0.070100 0.202399
1 0.568059 0.694852 0.032638 0.100965
1 0.303971 0.590893 0.040761 0.123337
1 0.010275 0.482802 0.019057 0.163329
3 0.942844 0.417011 0.074871 0.175007
10 0.391867 0.375586 0.021843 0.046764
10 0.505586 0.436748 0.019895 0.047834
10 0.390025 0.503907 0.017429 0.042262
10 0.726601 0.047414 0.051535 0.088832
10 0.541560 0.617097 0.015540 0.043139
10 0.274599 0.210911 0.023114 0.056637
10 0.532893 0.332489 0.021202 0.050815
10 0.359072 0.172985 0.030447 0.083157
10 0.181573 0.435574 0.020936 0.055898
10 0.722716 0.356089 0.041744 0.073841
13 0.224279 0.812526 0.154501 0.173601
13 0.394450 0.837100 0.100084 0.125262
13 0.524093 0.852227 0.077001 0.104194
14 0.947596 0.831596 0.083688 0.439330
