1 0.428171 0.668416 0.036288 0.125788
2 0.411937 0.382410 0.061353 0.164342
3 0.594330 0.476162 0.051933 0.167215
3 0.368253 0.468415 0.047592 0.159592
6 0.393417 0.844159 0.037375 0.124629
7 0.915023 0.692746 0.037254 0.130888
7 0.553897 0.673244 0.029790 0.129731
7 0.704444 0.683088 0.037227 0.108473
9 0.420365 0.357525 0.038158 0.072732
10 0.627062 0.591554 0.019606 0.047877
10 0.554076 0.585332 0.018657 0.040870
10 0.701244 0.595840 0.020863 0.048920
13 0.724524 0.799197 0.251509 0.167466
15 0.853445 0.288322 0.119530 0.451640
15 0.183001 0.283477 0.090295 0.352823
