1 0.914211 0.557679 0.037270 0.142269
1 0.760836 0.591565 0.035196 0.128968
1 0.813499 0.581143 0.033152 0.134202
1 0.984618 0.543753 0.024733 0.129932
1 0.287422 0.482762 0.052989 0.127239
1 0.329260 0.468417 0.052167 0.131992
1 0.254863 0.505888 0.045701 0.125246
3 0.431166 0.442109 0.048018 0.116553
3 0.511359 0.429362 0.058202 0.166362
3 0.372951 0.458941 0.045182 0.104120
3 0.449053 0.437230 0.055991 0.147941
3 0.491675 0.428768 0.057650 0.151343
3 0.390478 0.463079 0.042098 0.120509
5 0.941938 0.158231 0.120609 0.217484
6 0.547365 0.629001 0.071537 0.194356
6 0.476911 0.641761 0.071665 0.167922
6 0.523163 0.633754 0.078564 0.178616
8 0.760393 0.234214 0.018617 0.031378
9 0.293863 0.460840 0.032132 0.039932
9 0.255946 0.480082 0.031813 0.035258
9 0.912753 0.187103 0.023527 0.042748
9 0.333454 0.443266 0.032292 0.032406
9 0.254514 0.531032 0.031919 0.033237
9 0.290307 0.516278 0.030287 0.035410
9 0.957376 0.160971 0.024653 0.041562
10 0.175960 0.479464 0.021623 0.047905
10 0.203530 0.463379 0.018675 0.045827
10 0.293824 0.408999 0.021682 0.050195
12 0.930605 0.822500 0.010788 0.033786
13 0.788214 0.776935 0.128685 0.118540
16 0.331535 0.631239 0.023924 0.065714
