1 0.065651 0.433499 0.014730 0.052753
8 0.300216 0.203915 0.011705 0.017875
8 0.226530 0.196237 0.012404 0.020828
8 0.146511 0.195536 0.011233 0.020038
8 0.762767 0.214451 0.008812 0.018147
8 0.337175 0.202353 0.012707 0.018308
11 0.900222 0.415026 0.024253 0.161384
11 0.601712 0.461223 0.021454 0.101790
11 0.488380 0.459587 0.024520 0.094089
11 0.868687 0.414844 0.026236 0.154436
11 0.839066 0.416935 0.026980 0.164980
11 0.989766 0.412975 0.018781 0.144506
11 0.372317 0.452259 0.023968 0.102944
11 0.338614 0.454429 0.026939 0.096247
11 0.950532 0.458859 0.023826 0.130692
11 0.454470 0.463351 0.022285 0.094962
11 0.508260 0.457749 0.024559 0.092380
12 0.330882 0.169273 0.010925 0.020019
12 0.802890 0.179352 0.011764 0.021925
12 0.303962 0.168345 0.009989 0.019111
12 0.527495 0.175757 0.012166 0.024574
12 0.771632 0.180685 0.009610 0.018497
12 0.457086 0.170846 0.012450 0.026012
14 0.216317 0.627311 0.141896 0.348869
