1 0.527953 0.441085 0.037209 0.116450
1 0.016615 0.388862 0.026260 0.128849
1 0.083072 0.358346 0.047355 0.123157
1 0.445351 0.457457 0.036972 0.109238
1 0.485242 0.452129 0.034218 0.111566
1 0.379804 0.478605 0.033776 0.109932
3 0.640567 0.122254 0.074259 0.174983
3 0.122809 0.357556 0.037575 0.115611
3 0.750042 0.079871 0.067714 0.192909
3 0.161701 0.341383 0.041388 0.125910
3 0.219724 0.316299 0.045830 0.123548
6 0.762358 0.356783 0.078486 0.231164
6 0.838544 0.338837 0.094443 0.257045
6 0.199660 0.506088 0.047231 0.138126
6 0.918859 0.323052 0.106305 0.255873
8 0.487571 0.126472 0.016386 0.029081
9 0.260694 0.206792 0.034549 0.036861
9 0.081912 0.386335 0.031108 0.030489
9 0.083731 0.336142 0.028686 0.030880
9 0.047087 0.402118 0.030350 0.033652
9 0.280832 0.288784 0.031540 0.034254
9 0.050018 0.350162 0.027705 0.039069
13 0.508515 0.613813 0.084721 0.091212
13 0.939136 0.565439 0.111814 0.146760
14 0.047438 0.726900 0.091537 0.431941
16 0.103442 0.494160 0.020339 0.067113
