1 0.166131 0.326697 0.047213 0.098311
1 0.215091 0.331530 0.042886 0.095734
1 0.283098 0.336649 0.039462 0.089514
1 0.110590 0.315151 0.046515 0.092539
6 0.843202 0.312326 0.032393 0.143190
6 0.890018 0.310821 0.028174 0.120003
11 0.509124 0.231885 0.036516 0.142071
11 0.777513 0.198844 0.033188 0.174937
11 0.739190 0.203137 0.027076 0.172352
11 0.467319 0.232737 0.028120 0.138915
11 0.580489 0.229803 0.031695 0.132965
11 0.490048 0.233495 0.029797 0.135685
11 0.453486 0.233772 0.029853 0.140063
14 0.593275 0.474904 0.123080 0.343756
15 0.257213 0.201364 0.024037 0.054484
