1 0.640299 0.722056 0.025046 0.091934
1 0.876118 0.714751 0.015197 0.061052
8 0.603753 0.431005 0.014178 0.017350
8 0.785224 0.437331 0.012332 0.020501
8 0.949513 0.435589 0.012137 0.019576
8 0.701705 0.433568 0.013786 0.021757
8 0.874642 0.436566 0.014021 0.019961
8 0.830646 0.438975 0.013971 0.020507
8 0.990114 0.439039 0.010836 0.020186
8 0.648245 0.428714 0.015608 0.017096
8 0.524981 0.430878 0.012061 0.022054
10 0.837336 0.523104 0.019305 0.052479
10 0.620208 0.521342 0.017146 0.045500
10 0.406763 0.530028 0.021607 0.044949
10 0.770778 0.523733 0.017170 0.049386
10 0.905502 0.523287 0.017765 0.057040
12 0.793445 0.399122 0.011938 0.016804
12 0.868276 0.399633 0.012534 0.021985
12 0.821641 0.398972 0.011942 0.018726
12 0.969419 0.399428 0.010812 0.020566
13 0.493714 0.871366 0.079680 0.089615
