1 0.213856 0.339766 0.035803 0.158503
1 0.283996 0.356568 0.043381 0.138339
1 0.408267 0.379772 0.031961 0.141174
1 0.929238 0.180054 0.060110 0.197689
1 0.130636 0.323949 0.041426 0.149434
1 0.457873 0.389713 0.039858 0.118409
1 0.600132 0.412304 0.036494 0.103178
8 0.434087 0.025005 0.024096 0.022955
9 0.930148 0.225304 0.046016 0.050931
10 0.389999 0.278608 0.023486 0.051921
10 0.873586 0.059693 0.039019 0.070163
13 0.195567 0.572123 0.173516 0.138918
13 0.432283 0.582186 0.129643 0.124372
14 0.939493 0.683671 0.095623 0.451277
