1 0.640108 0.115794 0.057938 0.173309
1 0.529874 0.174999 0.051932 0.179615
1 0.468311 0.208175 0.050875 0.158470
1 0.721289 0.080172 0.060705 0.160407
1 0.320146 0.302558 0.040072 0.140728
1 0.357979 0.271488 0.048644 0.152282
1 0.430903 0.230302 0.049003 0.138699
9 0.323105 0.334430 0.028245 0.037730
9 0.640785 0.154062 0.045865 0.067998
9 0.355877 0.317054 0.033770 0.038360
9 0.471507 0.249500 0.035110 0.040312
9 0.358289 0.263063 0.033865 0.042123
9 0.323387 0.281380 0.026626 0.040667
9 0.646429 0.079252 0.046310 0.070393
9 0.424417 0.275476 0.036451 0.039930
9 0.475646 0.187759 0.035782 0.041541
9 0.426648 0.215966 0.034923 0.045550
9 0.290404 0.351807 0.024687 0.040002
9 0.529100 0.151901 0.038959 0.041688
9 0.289931 0.300739 0.024583 0.041003
9 0.725517 0.107521 0.049974 0.069308
9 0.725795 0.031619 0.046968 0.058212
9 0.822512 0.054705 0.059322 0.071923
10 0.139831 0.095250 0.023956 0.051712
10 0.066295 0.079743 0.024107 0.063388
10 0.215695 0.112297 0.021489 0.060491
10 0.361364 0.208709 0.023393 0.049085
12 0.835854 0.568591 0.014379 0.039384
13 0.512758 0.471758 0.145901 0.177692
13 0.337306 0.510586 0.128771 0.154239
13 0.778933 0.421209 0.224315 0.208492
16 0.112711 0.279424 0.043574 0.091997
16 0.189343 0.297955 0.039159 0.084622
16 0.040773 0.272322 0.046777 0.095766
