1 0.792614 0.411737 0.065627 0.212635
1 0.915489 0.360776 0.071153 0.212284
1 0.554211 0.516398 0.057659 0.180187
1 0.491241 0.545077 0.055599 0.178150
1 0.695125 0.454396 0.067392 0.176991
1 0.428611 0.567948 0.051242 0.140978
1 0.293470 0.636297 0.051409 0.137246
1 0.272299 0.642775 0.040367 0.144030
9 0.799555 0.377742 0.047066 0.070778
9 0.796983 0.467677 0.048637 0.075281
9 0.430511 0.608274 0.033743 0.038678
9 0.486194 0.586796 0.035617 0.041763
9 0.552920 0.562927 0.039686 0.057999
9 0.918924 0.418502 0.050428 0.074066
9 0.305204 0.660070 0.032412 0.039755
9 0.699560 0.426187 0.041088 0.073246
9 0.272672 0.621532 0.032572 0.038909
9 0.696398 0.505040 0.045464 0.066379
9 0.351066 0.585045 0.033263 0.041495
9 0.494558 0.522288 0.037422 0.042611
9 0.918043 0.325881 0.046521 0.080590
9 0.344650 0.642451 0.034184 0.038252
10 0.261391 0.258696 0.047086 0.069792
10 0.132101 0.389835 0.027867 0.052581
10 0.164219 0.222046 0.045194 0.073483
10 0.052542 0.359598 0.041501 0.066907
13 0.519627 0.850461 0.175772 0.203121
13 0.313900 0.865267 0.132312 0.176498
13 0.835645 0.827635 0.259685 0.178203
16 0.083415 0.585202 0.049481 0.092464
16 0.161316 0.608735 0.043944 0.088294
16 0.014599 0.563282 0.029785 0.099240
