1 0.087241 0.284388 0.046081 0.097203
1 0.332208 0.310666 0.044029 0.091894
1 0.283367 0.304459 0.042110 0.096104
1 0.236377 0.301603 0.042111 0.106933
10 0.060243 0.134400 0.025070 0.049428
10 0.202969 0.124039 0.017950 0.036602
11 0.909556 0.152381 0.030315 0.168810
11 0.775488 0.179119 0.036892 0.133079
11 0.603503 0.201459 0.030160 0.145530
11 0.626594 0.201297 0.031311 0.148614
11 0.742699 0.180961 0.033444 0.146677
11 0.872905 0.157122 0.032764 0.150480
11 0.582511 0.203718 0.030395 0.151233
11 0.894928 0.153848 0.030314 0.163520
