3 0.330058 0.306199 0.080721 0.287640
3 0.703457 0.324082 0.092506 0.259604
3 0.918083 0.331054 0.095337 0.281345
3 0.708045 0.926618 0.039855 0.113042
7 0.322062 0.926116 0.033932 0.157939
9 0.779896 0.209042 0.073693 0.092307
9 0.234703 0.177728 0.065184 0.091169
10 0.695664 0.845917 0.021420 0.048151
10 0.338562 0.823941 0.024396 0.059611
10 0.436204 0.829344 0.022629 0.061621
10 0.792013 0.854864 0.020907 0.058311
10 0.600883 0.842629 0.020363 0.040228
13 0.137383 0.797847 0.300789 0.258843
