0 0.484743 0.363979 0.081035 0.222532
0 0.586157 0.322119 0.077254 0.216175
6 0.102850 0.764129 0.040352 0.118765
6 0.088380 0.767626 0.039896 0.117547
7 0.401583 0.417488 0.075410 0.195779
7 0.293494 0.473380 0.067214 0.183130
9 0.494683 0.415337 0.045579 0.066656
9 0.411297 0.458733 0.040611 0.059774
9 0.119525 0.592273 0.032213 0.036898
9 0.126092 0.535152 0.034398 0.032606
9 0.239657 0.538354 0.035547 0.041986
9 0.427498 0.647674 0.048087 0.066984
9 0.505791 0.334991 0.042570 0.064618
9 0.295046 0.513488 0.042151 0.061209
9 0.241671 0.469981 0.035385 0.040314
9 0.599928 0.283942 0.046298 0.071633
10 0.554955 0.231894 0.042628 0.077870
10 0.472629 0.280079 0.037801 0.073518
10 0.137145 0.479255 0.023176 0.049718
10 0.299416 0.383212 0.035164 0.079758
10 0.355006 0.350304 0.035919 0.072240
10 0.651949 0.175926 0.047410 0.080037
