2 0.900980 0.154270 0.117233 0.249169
2 0.678841 0.268459 0.092084 0.171163
2 0.550831 0.356569 0.082820 0.184069
3 0.752055 0.336585 0.069605 0.219556
3 0.862304 0.280617 0.074343 0.242154
3 0.661416 0.388519 0.068311 0.188677
3 0.295286 0.585638 0.042461 0.105599
3 0.470703 0.491314 0.047000 0.137616
8 0.198702 0.605526 0.014717 0.016235
9 0.756397 0.391262 0.048370 0.081786
9 0.928390 0.111914 0.071209 0.095083
9 0.566851 0.334684 0.043475 0.063488
9 0.663863 0.434197 0.045543 0.073148
9 0.870108 0.341985 0.063360 0.074570
10 0.235349 0.337829 0.024880 0.056357
10 0.167946 0.133040 0.038743 0.083221
13 0.532499 0.747455 0.159358 0.207203
13 0.352652 0.764113 0.101981 0.156288
13 0.852174 0.695388 0.262285 0.228575
