1 0.397183 0.592741 0.036239 0.132099
1 0.892235 0.672224 0.041497 0.121467
1 0.432762 0.567812 0.042966 0.126824
1 0.359377 0.613690 0.040842 0.127446
1 0.848634 0.684766 0.038760 0.123721
3 0.471318 0.559869 0.041908 0.116341
3 0.511492 0.544307 0.046627 0.135969
6 0.627143 0.714310 0.070540 0.225997
6 0.563656 0.730470 0.062504 0.201921
9 0.397549 0.621082 0.027892 0.034125
9 0.435678 0.548270 0.028093 0.034386
9 0.400697 0.571136 0.025660 0.038338
9 0.367815 0.586857 0.024696 0.039727
10 0.644956 0.307507 0.037730 0.087752
10 0.332031 0.573000 0.022422 0.050682
10 0.401439 0.513805 0.020568 0.054117
10 0.304743 0.585373 0.023750 0.047696
13 0.928873 0.867923 0.122318 0.144755
