2 0.704689 0.632808 0.065434 0.143035
3 0.677502 0.725786 0.050882 0.157793
8 0.776258 0.048203 0.041444 0.078903
8 0.260067 0.301870 0.042053 0.072353
10 0.203841 0.633964 0.023424 0.057114
10 0.063519 0.574710 0.020765 0.058821
10 0.751715 0.789665 0.018622 0.045385
10 0.812042 0.784048 0.018845 0.037691
10 0.184392 0.463713 0.036340 0.078696
10 0.693798 0.801429 0.015233 0.043913
12 0.716899 0.068758 0.037826 0.083281
12 0.473712 0.183554 0.040209 0.078895
12 0.636938 0.104621 0.032180 0.075312
12 0.416370 0.207534 0.035515 0.068825
15 0.313762 0.679593 0.127425 0.191897
