1 0.141944 0.434910 0.083609 0.246693
1 0.056181 0.474966 0.080621 0.212594
1 0.241813 0.386910 0.081783 0.245220
1 0.473006 0.822583 0.035895 0.140362
1 0.272085 0.851429 0.032718 0.133556
1 0.415410 0.838715 0.030505 0.138556
1 0.223885 0.853956 0.038995 0.106200
2 0.455785 0.211273 0.131598 0.257697
2 0.620056 0.132414 0.135997 0.276359
3 0.739103 0.203867 0.096436 0.334223
3 0.557313 0.281982 0.099735 0.275899
3 0.405130 0.350789 0.087820 0.268139
6 0.780226 0.676855 0.142331 0.435805
6 0.548392 0.717357 0.124871 0.424533
6 0.649232 0.695783 0.130347 0.421653
9 0.580086 0.362173 0.050113 0.099524
9 0.256992 0.351229 0.059178 0.075246
9 0.766247 0.285669 0.052319 0.098987
9 0.160587 0.402939 0.055443 0.067452
9 0.505075 0.172155 0.068409 0.089765
9 0.147400 0.494302 0.062116 0.070284
9 0.661921 0.093545 0.075339 0.103696
10 0.222945 0.300834 0.042990 0.079265
10 0.323435 0.246846 0.051047 0.088929
10 0.021392 0.411783 0.044070 0.086745
