1 0.948612 0.278344 0.013138 0.067536
6 0.044990 0.389120 0.027477 0.098453
6 0.081890 0.391488 0.027046 0.109059
6 0.580365 0.360527 0.031882 0.102754
8 0.068834 0.080686 0.010193 0.015192
8 0.567537 0.027621 0.013213 0.021479
8 0.744952 0.015507 0.012530 0.025849
11 0.257646 0.231421 0.028274 0.163123
11 0.290010 0.229594 0.027826 0.160179
11 0.184577 0.233690 0.030208 0.180750
11 0.436502 0.210169 0.022891 0.189650
11 0.323298 0.227042 0.030598 0.166841
11 0.472140 0.208868 0.029433 0.184377
11 0.149758 0.237631 0.026465 0.163595
11 0.121425 0.239506 0.026810 0.173884
11 0.400812 0.223586 0.022533 0.183665
12 0.034472 0.046099 0.011585 0.024755
12 0.062647 0.047064 0.012229 0.018641
14 0.794703 0.475049 0.122777 0.349704
