1 0.826420 0.696739 0.054720 0.170669
2 0.088534 0.330942 0.093782 0.204243
3 0.150890 0.461813 0.066964 0.199566
3 0.370596 0.537539 0.060708 0.208273
3 0.467753 0.573396 0.072714 0.179487
3 0.023687 0.412689 0.044881 0.210706
3 0.749974 0.671905 0.058688 0.141589
7 0.141531 0.749086 0.044756 0.129022
8 0.740165 0.108759 0.061605 0.057246
9 0.357739 0.583650 0.041053 0.075795
9 0.490409 0.483161 0.058878 0.058984
10 0.128286 0.659549 0.026917 0.049395
10 0.868603 0.174443 0.041859 0.083989
10 0.056479 0.645726 0.027720 0.046267
13 0.431123 0.879143 0.218641 0.222511
13 0.744083 0.917254 0.108748 0.143723
