1 0.822721 0.337796 0.032672 0.125333
1 0.887720 0.330768 0.036413 0.145449
1 0.720075 0.356778 0.034649 0.121308
1 0.256661 0.217212 0.048504 0.138648
1 0.182376 0.255713 0.043972 0.115262
1 0.621204 0.377581 0.034694 0.116616
1 0.668365 0.368316 0.033289 0.108077
3 0.369436 0.205283 0.040649 0.136473
3 0.444939 0.182482 0.050477 0.162532
3 0.431421 0.183178 0.047638 0.131314
3 0.318369 0.222463 0.038144 0.123744
6 0.481332 0.385735 0.056389 0.198268
9 0.258141 0.254211 0.036196 0.035804
9 0.185495 0.239950 0.033629 0.042971
9 0.218071 0.271805 0.031668 0.036426
9 0.179781 0.288207 0.032348 0.031882
9 0.263305 0.195263 0.031447 0.033854
10 0.664490 0.229469 0.020648 0.044937
10 0.219526 0.161990 0.022145 0.053037
10 0.743138 0.258692 0.020836 0.042325
10 0.703670 0.246921 0.017594 0.038626
10 0.156715 0.199059 0.018617 0.054773
10 0.850620 0.173508 0.022194 0.051604
13 0.897108 0.528164 0.136649 0.141259
13 0.686789 0.535835 0.139861 0.128718
14 0.139948 0.622910 0.295105 0.240135
