1 0.025775 0.616054 0.044825 0.145631
1 0.639185 0.625471 0.059937 0.158997
1 0.217005 0.647430 0.036507 0.123933
1 0.157146 0.639862 0.036656 0.136650
1 0.354240 0.671332 0.041517 0.112576
1 0.718332 0.472924 0.064566 0.150215
1 0.675236 0.460120 0.065536 0.154098
3 0.897229 0.585704 0.041888 0.102583
9 0.669099 0.425334 0.033811 0.037749
9 0.720365 0.453664 0.034137 0.039092
9 0.723449 0.518251 0.042524 0.041684
10 0.356155 0.176628 0.043794 0.088452
10 0.821387 0.463026 0.023225 0.046618
10 0.512463 0.273339 0.041251 0.071507
10 0.439570 0.226756 0.043350 0.074428
10 0.619678 0.335933 0.040094 0.064527
13 0.182221 0.862250 0.132789 0.163558
14 0.812916 0.829284 0.318503 0.225895
