1 0.107466 0.123832 0.080580 0.238354
1 0.295900 0.133980 0.075960 0.255201
1 0.054840 0.541978 0.053308 0.160066
1 0.146189 0.555687 0.043988 0.154678
1 0.889863 0.647433 0.033730 0.145950
1 0.245070 0.562572 0.047188 0.125417
2 0.824327 0.164207 0.074318 0.233319
2 0.660336 0.129007 0.089842 0.218531
3 0.754078 0.266512 0.065046 0.224985
3 0.914886 0.300096 0.063753 0.233724
3 0.587265 0.237768 0.073152 0.247981
6 0.837774 0.625122 0.099790 0.271124
6 0.738791 0.617383 0.098996 0.316677
6 0.636063 0.608190 0.097670 0.277051
9 0.107445 0.173396 0.071693 0.083965
10 0.737183 0.074811 0.050099 0.086188
13 0.489380 0.837832 0.104159 0.159646
