1 0.185422 0.307515 0.026623 0.097057
3 0.936962 0.302519 0.037552 0.115742
6 0.906033 0.468577 0.037223 0.119538
6 0.367439 0.458968 0.032026 0.101497
6 0.963715 0.466732 0.037442 0.114664
6 0.407683 0.461198 0.030175 0.112377
9 0.931455 0.160967 0.021110 0.030839
11 0.660842 0.155198 0.038378 0.218168
11 0.609121 0.152911 0.039352 0.228567
11 0.491821 0.175238 0.033810 0.229993
11 0.406309 0.177795 0.031619 0.218364
11 0.724583 0.156426 0.039468 0.204930
11 0.446912 0.175484 0.030114 0.207643
11 0.254543 0.202061 0.027583 0.186906
11 0.263864 0.200775 0.025796 0.252564
13 0.603475 0.545162 0.089511 0.084578
14 0.140042 0.612464 0.122097 0.377811
