1 0.831574 0.506871 0.032713 0.123359
1 0.642501 0.539693 0.030774 0.099480
1 0.784589 0.514978 0.033832 0.121352
1 0.976892 0.478217 0.037644 0.133116
1 0.880018 0.495931 0.034261 0.129571
3 0.417555 0.414458 0.038275 0.097718
6 0.218664 0.607488 0.029091 0.086438
6 0.234735 0.609113 0.027143 0.091617
8 0.841996 0.163124 0.018912 0.028296
8 0.929846 0.119660 0.014972 0.023311
9 0.408644 0.333475 0.018932 0.030045
9 0.444371 0.316461 0.021778 0.042827
10 0.793214 0.230589 0.019008 0.045693
10 0.658481 0.171527 0.036337 0.077519
10 0.547537 0.236309 0.022382 0.062887
10 0.599082 0.203212 0.035937 0.071666
10 0.469215 0.275835 0.019610 0.056632
13 0.853410 0.667282 0.136368 0.114664
13 0.581726 0.687039 0.069610 0.068282
14 0.451725 0.674080 0.268852 0.242166
14 0.082739 0.739540 0.113094 0.357091
14 0.452243 0.687476 0.178156 0.557399
