1 0.896253 0.543291 0.030815 0.098455
1 0.261286 0.696012 0.031762 0.097585
1 0.127475 0.696405 0.026104 0.099775
9 0.896561 0.566647 0.020430 0.024046
10 0.030236 0.569981 0.017707 0.030342
10 0.986123 0.433894 0.014695 0.045130
10 0.314630 0.593668 0.018069 0.033581
10 0.546480 0.416059 0.034792 0.047896
10 0.395794 0.521728 0.024469 0.044009
10 0.453338 0.477194 0.029253 0.046042
10 0.669828 0.316032 0.062653 0.051735
11 0.510205 0.533678 0.018893 0.159610
11 0.587893 0.491659 0.021051 0.175973
11 0.624257 0.463933 0.025717 0.191966
11 0.563051 0.504460 0.020182 0.183918
11 0.641774 0.458420 0.024192 0.189934
11 0.531272 0.522646 0.016385 0.178776
11 0.658280 0.457241 0.028015 0.188687
11 0.549805 0.511591 0.016879 0.186316
12 0.899454 0.213275 0.053471 0.098825
14 0.937987 0.777433 0.077354 0.199554
