1 0.352735 0.457504 0.021169 0.092209
1 0.072008 0.431883 0.030264 0.103986
1 0.449829 0.464090 0.024498 0.088607
1 0.009846 0.427745 0.022794 0.115254
8 0.072255 0.095072 0.016079 0.025665
8 0.130679 0.102202 0.013863 0.022174
8 0.232935 0.119765 0.016242 0.022029
8 0.012942 0.082539 0.013577 0.026174
8 0.286331 0.127059 0.015451 0.021840
8 0.338333 0.137119 0.014813 0.020333
10 0.060472 0.177087 0.022833 0.055778
10 0.234093 0.207163 0.023763 0.052526
10 0.657212 0.286572 0.020444 0.053502
10 0.464994 0.252581 0.020734 0.044237
10 0.507341 0.382586 0.017162 0.026746
12 0.088447 0.052790 0.015617 0.024471
12 0.128316 0.060409 0.012632 0.026181
12 0.033585 0.040578 0.016526 0.023833
13 0.490061 0.605897 0.092072 0.078745
14 0.175646 0.638216 0.166875 0.533187
16 0.620609 0.452330 0.027112 0.047893
