1 0.456171 0.228479 0.016304 0.055211
1 0.503226 0.228142 0.017100 0.054509
6 0.080507 0.232902 0.031517 0.136832
6 0.138395 0.238200 0.033702 0.124603
6 0.183467 0.239152 0.035547 0.134831
10 0.685154 0.156559 0.018800 0.029183
10 0.659455 0.056899 0.016829 0.042314
10 0.829741 0.084888 0.018144 0.047943
11 0.259853 0.050866 0.025283 0.160105
11 0.302807 0.055645 0.022861 0.152370
13 0.667589 0.366803 0.076902 0.077183
14 0.439952 0.392677 0.115743 0.313190
16 0.780719 0.231768 0.022763 0.053335
16 0.796110 0.229305 0.022658 0.052716
16 0.837456 0.224760 0.025651 0.055513
