1 0.027237 0.634810 0.029977 0.094118
1 0.168582 0.617905 0.025676 0.096630
1 0.810871 0.541682 0.026087 0.100860
1 0.065255 0.632661 0.034390 0.097795
1 0.103704 0.624595 0.031256 0.093242
2 0.333378 0.405975 0.037702 0.116741
3 0.373049 0.462356 0.035978 0.120036
3 0.300841 0.482497 0.035502 0.110641
3 0.313710 0.483352 0.034692 0.119528
6 0.350024 0.638850 0.042894 0.132405
6 0.300744 0.639412 0.056843 0.125991
6 0.392457 0.635260 0.051297 0.139347
8 0.549448 0.250546 0.014223 0.027205
8 0.296223 0.309348 0.016948 0.019898
8 0.752966 0.201144 0.019240 0.029470
8 0.869341 0.173970 0.016214 0.032536
8 0.652286 0.225233 0.015789 0.024809
8 0.986167 0.148425 0.014163 0.034981
8 0.600623 0.240324 0.014929 0.026430
8 0.809864 0.188343 0.015024 0.029773
8 0.107609 0.349722 0.011162 0.014937
9 0.198330 0.390426 0.015512 0.033129
10 0.892837 0.263936 0.022780 0.048126
10 0.278853 0.362319 0.019028 0.045706
10 0.643866 0.284262 0.022218 0.056391
10 0.733716 0.263499 0.020364 0.060636
10 0.559147 0.299958 0.025035 0.050968
10 0.424570 0.329300 0.019073 0.041802
10 0.349210 0.348409 0.021483 0.041308
12 0.550094 0.201055 0.011874 0.025898
12 0.637979 0.184035 0.011989 0.029332
12 0.583268 0.194920 0.012596 0.023113
12 0.858502 0.131966 0.013785 0.034323
12 0.765306 0.147537 0.013330 0.027755
12 0.279560 0.271348 0.012854 0.019170
12 0.128256 0.307581 0.010047 0.015578
12 0.815611 0.138588 0.012088 0.027722
12 0.240280 0.283732 0.010706 0.020262
13 0.072320 0.762553 0.081686 0.073431
