3 0.932286 0.106752 0.057981 0.171575
3 0.590843 0.070367 0.055009 0.167084
6 0.028869 0.461527 0.035433 0.122014
7 0.584801 0.324736 0.040508 0.111015
7 0.297479 0.288213 0.033131 0.139100
9 0.587139 0.099629 0.045496 0.075087
10 0.573990 0.234478 0.021999 0.051879
10 0.373318 0.207960 0.023624 0.058005
10 0.502930 0.221437 0.022196 0.049332
10 0.640461 0.241129 0.021139 0.050025
10 0.294807 0.196728 0.022362 0.055655
13 0.950553 0.428482 0.101244 0.223075
13 0.451817 0.379705 0.241437 0.192222
13 0.450780 0.387131 0.158168 0.330978
14 0.296860 0.593013 0.127739 0.277305
