1 0.044644 0.718560 0.020259 0.047234
1 0.124003 0.716654 0.032298 0.083538
2 0.744771 0.212525 0.077411 0.183350
3 0.646286 0.408289 0.039635 0.129125
3 0.738891 0.335538 0.039477 0.108996
6 0.508119 0.644124 0.033907 0.090579
6 0.525012 0.644618 0.025915 0.094753
6 0.494874 0.646345 0.032579 0.083175
6 0.722675 0.545391 0.044862 0.116278
10 0.909778 0.053187 0.042392 0.083015
10 0.526352 0.402988 0.025273 0.044767
10 0.800147 0.150490 0.034298 0.077242
14 0.369187 0.797072 0.114889 0.315945
14 0.834317 0.641582 0.357002 0.531765
