1 0.222586 0.719169 0.063001 0.165264
1 0.102592 0.764070 0.065516 0.157903
1 0.159728 0.735398 0.060657 0.164973
1 0.791540 0.951720 0.037567 0.120252
3 0.494038 0.628777 0.082646 0.212704
3 0.400587 0.674799 0.076113 0.174092
3 0.300252 0.699303 0.067855 0.186171
6 0.405854 0.937389 0.081149 0.181180
6 0.467262 0.923170 0.091124 0.194367
6 0.533212 0.917408 0.106973 0.212880
9 0.972260 0.459442 0.032018 0.097232
9 0.514405 0.681830 0.047159 0.080269
10 0.226534 0.616608 0.038202 0.080760
10 0.744848 0.826786 0.025129 0.061886
