1 0.417074 0.695764 0.035029 0.107270
1 0.483816 0.694261 0.032201 0.103262
1 0.233821 0.694131 0.033978 0.112077
1 0.164755 0.696073 0.035585 0.110485
1 0.548572 0.692028 0.036290 0.106881
1 0.303322 0.695184 0.036581 0.107890
8 0.068689 0.340783 0.015513 0.030918
8 0.301892 0.340960 0.017693 0.029016
8 0.178974 0.340281 0.019564 0.031799
10 0.370374 0.439063 0.021726 0.044877
10 0.630516 0.441545 0.023735 0.044303
10 0.078393 0.429987 0.024458 0.052416
10 0.239486 0.331863 0.024428 0.036559
12 0.013495 0.288086 0.011329 0.038450
12 0.059984 0.292150 0.014236 0.029712
13 0.480607 0.865907 0.120671 0.138138
13 0.220207 0.875139 0.148594 0.122975
15 0.280281 0.877273 0.020779 0.049167
16 0.646789 0.623926 0.067321 0.070199
