1 0.822095 0.342204 0.033905 0.120322
1 0.619928 0.380698 0.033181 0.118479
1 0.717649 0.359375 0.034133 0.115848
1 0.882023 0.333999 0.034585 0.148165
1 0.256674 0.219730 0.048094 0.138786
1 0.180393 0.257098 0.044237 0.113844
1 0.667693 0.368899 0.032608 0.105355
3 0.318828 0.224235 0.038300 0.127289
3 0.369417 0.206941 0.043180 0.136508
3 0.429826 0.185756 0.046867 0.135391
6 0.479293 0.389442 0.054673 0.201748
6 0.393286 0.402825 0.056027 0.149720
9 0.216985 0.273395 0.031480 0.037562
9 0.261535 0.198335 0.035326 0.036320
9 0.256265 0.258258 0.035709 0.035823
9 0.182770 0.240724 0.034048 0.043991
9 0.221087 0.219481 0.033157 0.035055
9 0.178194 0.289658 0.032638 0.032751
10 0.661869 0.233342 0.021068 0.045200
10 0.702134 0.249349 0.018523 0.039508
10 0.155718 0.200810 0.020304 0.055817
10 0.741400 0.262307 0.020909 0.045264
10 0.848779 0.175246 0.022241 0.054112
13 0.893951 0.532814 0.138802 0.140539
13 0.685199 0.535908 0.142475 0.131881
14 0.137324 0.622332 0.288410 0.248052
