1 0.060003 0.152002 0.085872 0.213596
1 0.168198 0.125279 0.087388 0.224168
1 0.607858 0.511760 0.040340 0.142492
1 0.186759 0.564349 0.040213 0.132869
1 0.238871 0.556888 0.045152 0.129717
1 0.342802 0.545027 0.040185 0.121601
1 0.290253 0.103279 0.089949 0.173284
6 0.784312 0.391276 0.108348 0.431278
6 0.665697 0.408241 0.113519 0.395585
6 0.928611 0.368614 0.119889 0.450943
9 0.296351 0.133335 0.065721 0.080642
9 0.182077 0.079962 0.059992 0.076009
9 0.170045 0.180585 0.064037 0.079588
14 0.313557 0.779206 0.165075 0.574318
14 0.134407 0.732358 0.343394 0.497416
