1 0.872394 0.153943 0.061172 0.203898
1 0.759463 0.206931 0.055540 0.186814
1 0.669539 0.249229 0.059397 0.171149
1 0.540958 0.307059 0.053104 0.169487
1 0.419988 0.374272 0.047885 0.150549
1 0.302262 0.433046 0.039778 0.145853
1 0.477540 0.348053 0.048181 0.150344
1 0.338048 0.410005 0.047550 0.142327
1 0.266458 0.451661 0.039797 0.145281
9 0.877630 0.208219 0.048927 0.072437
9 0.765191 0.258072 0.045324 0.067608
9 0.877717 0.120902 0.045600 0.077245
9 0.766114 0.173700 0.041132 0.064985
9 0.477174 0.386429 0.038655 0.040308
9 0.304628 0.461787 0.029331 0.036722
9 0.424874 0.410058 0.035083 0.040886
9 0.540391 0.356824 0.041208 0.041619
9 0.675058 0.221912 0.040369 0.068738
9 0.542572 0.290943 0.036246 0.046777
9 0.342722 0.444844 0.031007 0.034046
9 0.674705 0.298821 0.037193 0.065384
9 0.304477 0.411495 0.026042 0.040196
10 0.119001 0.213608 0.026604 0.056392
10 0.196833 0.230365 0.022802 0.052232
10 0.149900 0.050868 0.047316 0.070600
10 0.243200 0.081330 0.041132 0.072864
12 0.927122 0.709747 0.015173 0.028262
13 0.519397 0.624571 0.162970 0.183576
13 0.318563 0.657084 0.122588 0.169116
13 0.811385 0.585158 0.225127 0.170061
13 0.814445 0.587613 0.172896 0.300322
16 0.088083 0.405066 0.042793 0.095075
16 0.016487 0.385503 0.030381 0.107408
16 0.164055 0.425651 0.042642 0.081907
