1 0.437753 0.562513 0.015802 0.059993
1 0.262286 0.560269 0.012986 0.060325
1 0.485891 0.560140 0.014725 0.061194
1 0.606611 0.559379 0.024968 0.081247
1 0.387876 0.561193 0.015244 0.055914
6 0.074846 0.620362 0.038290 0.111153
8 0.127641 0.284473 0.010538 0.018742
8 0.080371 0.286690 0.011120 0.019403
8 0.207472 0.289194 0.010754 0.019894
8 0.381180 0.296447 0.013429 0.022540
8 0.301589 0.297334 0.010868 0.022639
8 0.257542 0.288121 0.011297 0.018791
8 0.256518 0.297059 0.011201 0.023765
8 0.470521 0.299440 0.014234 0.021700
10 0.100858 0.385976 0.016131 0.042787
10 0.218243 0.392579 0.017127 0.045582
12 0.265135 0.257279 0.010348 0.021555
12 0.296453 0.259842 0.010730 0.024109
12 0.226860 0.255070 0.012642 0.024348
12 0.120360 0.250175 0.011399 0.021314
12 0.389315 0.673994 0.013711 0.031803
13 0.451343 0.685185 0.072753 0.063814
14 0.294524 0.730817 0.124721 0.388888
