6 0.944712 0.618847 0.034200 0.110479
6 0.451377 0.648788 0.033454 0.098216
6 0.492456 0.647432 0.031606 0.099676
6 0.986994 0.615634 0.022352 0.146146
8 0.468197 0.331168 0.010875 0.015778
11 0.139605 0.566788 0.035815 0.125829
11 0.165123 0.561902 0.033341 0.128261
11 0.315530 0.539241 0.030998 0.142658
11 0.678851 0.433255 0.025232 0.221698
11 0.868688 0.408023 0.032837 0.176270
11 0.772980 0.414815 0.030498 0.177635
11 0.276111 0.542053 0.029927 0.136281
11 0.815231 0.409105 0.034563 0.184237
11 0.109609 0.569686 0.034436 0.134409
11 0.590155 0.437681 0.026133 0.203339
11 0.239637 0.540489 0.029058 0.160663
11 0.008618 0.571444 0.024075 0.139891
11 0.045356 0.582878 0.034178 0.128390
13 0.784101 0.711819 0.073555 0.082163
14 0.169618 0.824791 0.136176 0.349090
15 0.664001 0.107167 0.083769 0.135817
15 0.828943 0.080244 0.083498 0.128396
