1 0.136076 0.588452 0.062832 0.203975
1 0.438581 0.510825 0.068755 0.234324
1 0.735486 0.435532 0.076090 0.265304
1 0.236095 0.561602 0.063467 0.192258
1 0.051029 0.613145 0.064250 0.176338
1 0.574757 0.470426 0.075620 0.242909
9 0.580120 0.541970 0.048988 0.094652
9 0.446176 0.477910 0.047465 0.090869
9 0.582027 0.442872 0.047884 0.091520
9 0.148473 0.557275 0.044356 0.068414
9 0.245293 0.532051 0.043411 0.071778
9 0.234576 0.614840 0.047408 0.083473
9 0.136422 0.636600 0.046242 0.073106
9 0.060222 0.584681 0.043025 0.072902
9 0.439364 0.571552 0.049546 0.072722
9 0.740341 0.504210 0.050314 0.103174
9 0.045847 0.657849 0.045290 0.062708
9 0.742141 0.399541 0.047754 0.089269
13 0.127719 0.934780 0.229328 0.167005
13 0.583324 0.898818 0.310011 0.150386
