1 0.854324 0.357492 0.014630 0.054510
1 0.816590 0.360713 0.013262 0.051399
8 0.734145 0.182750 0.009782 0.014813
8 0.704974 0.197699 0.011463 0.013822
8 0.792103 0.170701 0.010963 0.014157
8 0.624504 0.206167 0.008721 0.013260
8 0.604023 0.224818 0.010444 0.011915
8 0.678547 0.200908 0.009601 0.012107
8 0.584216 0.226394 0.009471 0.010638
8 0.863331 0.154010 0.011614 0.015213
8 0.572886 0.227820 0.007952 0.011074
8 0.430109 0.260335 0.009212 0.011432
8 0.358080 0.278706 0.012328 0.010805
8 0.415332 0.276974 0.011853 0.015715
10 0.180884 0.312652 0.022110 0.029010
10 0.825128 0.161028 0.011718 0.017671
10 0.198208 0.222542 0.018461 0.030962
10 0.042734 0.300180 0.021746 0.021751
10 0.105880 0.282704 0.021415 0.027499
11 0.049025 0.355227 0.013919 0.049818
12 0.619539 0.186297 0.008049 0.015212
12 0.678130 0.172709 0.007103 0.013293
12 0.724782 0.161206 0.010070 0.018596
12 0.705204 0.173686 0.008343 0.015595
12 0.583624 0.196600 0.006473 0.012140
12 0.604050 0.201491 0.006858 0.011345
15 0.783693 0.457306 0.012416 0.018237
