6 0.432540 0.617063 0.088624 0.166667
6 0.485450 0.631944 0.088624 0.166667
6 0.542989 0.635417 0.088624 0.166667
16 0.693783 0.628968 0.037037 0.069444
13 0.202381 0.757937 0.130952 0.107143
1 0.085979 0.590278 0.046296 0.071429
1 0.027778 0.586310 0.046296 0.071429
10 0.216270 0.507440 0.039683 0.042659
10 0.193783 0.439980 0.039683 0.042659
10 0.148148 0.517857 0.039683 0.042659
10 0.203704 0.560516 0.033069 0.031746
10 0.257275 0.555060 0.033069 0.031746
10 0.740079 0.433532 0.042328 0.041667
10 0.375992 0.276042 0.074735 0.078869
10 0.464947 0.309524 0.058201 0.067460
14 0.895833 0.784226 0.208333 0.322421
