13 0.246759 0.449306 0.203704 0.134722
13 0.459259 0.475347 0.138889 0.107639
13 0.594444 0.491493 0.113889 0.082986
13 0.692361 0.503819 0.103241 0.074306
1 0.062269 0.111979 0.096759 0.160069
1 0.231250 0.178646 0.081944 0.133681
1 0.307639 0.206771 0.073611 0.125347
1 0.372222 0.231771 0.071296 0.117708
1 0.463194 0.271354 0.060648 0.105903
1 0.509259 0.288368 0.060185 0.099653
1 0.548611 0.303125 0.058333 0.092361
1 0.613194 0.325694 0.047685 0.084722
1 0.710880 0.364931 0.044907 0.070833
1 0.783796 0.392361 0.037963 0.061111
1 0.838426 0.414236 0.033333 0.054167
16 0.967130 0.427257 0.025000 0.027431
9 0.833102 0.402257 0.019907 0.014236
9 0.834954 0.426389 0.019907 0.014583
9 0.779398 0.406944 0.020833 0.016667
9 0.776157 0.378646 0.018981 0.017014
9 0.703935 0.350000 0.023611 0.019444
9 0.706713 0.382812 0.023611 0.019097
9 0.603935 0.308681 0.026389 0.021528
9 0.606944 0.348090 0.026852 0.023958
9 0.542824 0.326389 0.032870 0.024306
9 0.541204 0.283507 0.033333 0.024653
9 0.502546 0.312500 0.032870 0.025000
9 0.499306 0.268056 0.032870 0.026389
9 0.458102 0.296007 0.033796 0.026736
9 0.455093 0.248958 0.032407 0.027083
9 0.365046 0.261632 0.039352 0.031597
9 0.359954 0.208681 0.040278 0.031944
9 0.299537 0.239410 0.041667 0.033681
9 0.294676 0.182465 0.043056 0.034375
9 0.225231 0.213194 0.047685 0.037500
9 0.220139 0.151389 0.047685 0.037500
9 0.050000 0.080556 0.048148 0.044444
9 0.055556 0.152257 0.051852 0.044097
9 0.168056 0.284549 0.040741 0.032292
9 0.238194 0.304861 0.038426 0.028472
9 0.395370 0.346875 0.028704 0.024306
9 0.439120 0.358160 0.031019 0.023264
9 0.626157 0.092882 0.031019 0.023958
9 0.645139 0.108333 0.031019 0.022222
9 0.738889 0.080208 0.033333 0.025000
9 0.756250 0.095486 0.031019 0.020833
9 0.862269 0.068403 0.033796 0.028472
9 0.876852 0.082986 0.027778 0.022917
9 0.928704 0.156597 0.029630 0.021528
9 0.828241 0.166493 0.026852 0.020486
9 0.839583 0.175694 0.023611 0.017361
9 0.731481 0.177083 0.027778 0.022222
9 0.745370 0.186285 0.022222 0.019097
5 0.646296 0.097222 0.073148 0.070139
5 0.756481 0.082292 0.070370 0.068056
5 0.839815 0.172569 0.051852 0.055556
5 0.937269 0.158681 0.046759 0.064583
5 0.744676 0.181944 0.054167 0.053472
10 0.180556 0.058507 0.037963 0.028819
10 0.496528 0.017361 0.039352 0.029167
10 0.815972 0.253299 0.024537 0.017014
10 0.897917 0.246007 0.022685 0.015625
10 0.984722 0.239757 0.022222 0.015625
10 0.866898 0.291493 0.020833 0.013542
10 0.939815 0.285243 0.021296 0.013542
10 0.909028 0.322743 0.018056 0.012153
10 0.975000 0.318229 0.020370 0.011458
10 0.943056 0.347222 0.015741 0.011111
10 0.691898 0.306597 0.019907 0.012500
11 0.604630 0.550694 0.011111 0.040972
8 0.590972 0.064583 0.034722 0.021528
