1 0.234722 0.178935 0.077083 0.313426
1 0.454688 0.249769 0.085069 0.293981
1 0.759549 0.346065 0.097569 0.259722
1 0.900347 0.392361 0.102083 0.244907
9 0.229861 0.141667 0.068750 0.087963
9 0.233681 0.278241 0.071528 0.092593
9 0.443924 0.213889 0.064236 0.081481
9 0.452257 0.339583 0.063542 0.083796
9 0.175694 0.495833 0.064583 0.087037
9 0.372743 0.533102 0.055903 0.080093
9 0.737326 0.315741 0.051736 0.071296
9 0.752951 0.429861 0.055208 0.072685
9 0.876215 0.362500 0.051042 0.066667
9 0.894444 0.470139 0.052083 0.070833
9 0.659722 0.589815 0.050000 0.063889
9 0.792535 0.615509 0.048264 0.062500
9 0.910590 0.640972 0.046181 0.059722
10 0.175347 0.031944 0.062500 0.062963
10 0.830035 0.238657 0.038542 0.043056
