1 0.617882 0.582407 0.015625 0.062037
3 0.660243 0.479630 0.031597 0.100926
9 0.760938 0.400694 0.026042 0.029167
10 0.426910 0.337269 0.018403 0.033796
10 0.385937 0.312037 0.018403 0.036111
10 0.302778 0.382407 0.016667 0.032407
10 0.168056 0.403935 0.014583 0.030093
12 0.431944 0.199769 0.018056 0.045833
12 0.409549 0.210185 0.018403 0.045370
13 0.768576 0.650000 0.122569 0.127778
13 0.278646 0.655556 0.068403 0.074074
15 0.532118 0.439583 0.080903 0.124537
13 0.390104 0.654167 0.073264 0.086111
13 0.536285 0.650694 0.096875 0.106944
13 0.191840 0.657407 0.055903 0.064815
13 0.123958 0.656713 0.046528 0.060648
6 0.951389 0.682870 0.020139 0.092593
6 0.580035 0.676620 0.018403 0.067130
6 0.599306 0.677778 0.018750 0.066667
6 0.616493 0.677778 0.017014 0.069444
16 0.209201 0.590046 0.018403 0.027315
15 0.043403 0.550694 0.055556 0.063426
15 0.092708 0.540741 0.065972 0.075000
15 0.394271 0.470370 0.079514 0.112963
15 0.851562 0.344676 0.106597 0.198611
12 0.758507 0.026852 0.022569 0.052778
12 0.696354 0.055556 0.023958 0.056481
12 0.378299 0.229167 0.017708 0.044444
12 0.314236 0.263889 0.015972 0.040741
12 0.294271 0.273611 0.015625 0.037037
12 0.278646 0.281944 0.015625 0.037037
8 0.184549 0.333333 0.029514 0.024074
8 0.202604 0.324537 0.029514 0.024074
8 0.222396 0.314352 0.029514 0.024074
8 0.261111 0.296065 0.027778 0.021759
8 0.285243 0.282870 0.030903 0.021296
8 0.311632 0.270833 0.027431 0.022222
8 0.360069 0.243981 0.029861 0.022222
8 0.389931 0.228009 0.031944 0.020833
8 0.424132 0.212500 0.030208 0.019444
8 0.676736 0.072454 0.029167 0.045833
8 0.739236 0.036111 0.028472 0.045370
8 0.814410 0.014120 0.030208 0.027315
12 0.706076 0.653935 0.011458 0.032870
12 0.886632 0.652778 0.010069 0.032407
12 0.985764 0.654398 0.015278 0.038426
12 0.004340 0.641898 0.007986 0.036574
12 0.023264 0.638889 0.015278 0.036111
8 0.686806 0.517130 0.026389 0.016667
8 0.703125 0.529630 0.028472 0.016667
11 0.964931 0.733102 0.010417 0.030093
11 0.993056 0.732176 0.011111 0.031019
1 0.954167 0.561574 0.028472 0.082407
1 0.586458 0.585648 0.017361 0.058333
1 0.558507 0.586574 0.019097 0.054630
1 0.576389 0.477778 0.027083 0.088889
3 0.728299 0.467824 0.032986 0.106019
3 0.968056 0.422685 0.041667 0.130556
3 0.333333 0.537731 0.027778 0.074537
3 0.280035 0.545370 0.024653 0.066667
3 0.255035 0.548611 0.022569 0.062963
3 0.231424 0.556481 0.021181 0.062963
2 0.292014 0.512731 0.042361 0.064352
2 0.346354 0.500000 0.036458 0.059259
2 0.411111 0.481713 0.041667 0.057870
2 0.685937 0.431019 0.044097 0.089815
2 0.754861 0.416204 0.043750 0.101852
5 0.699306 0.322454 0.083333 0.090278
5 0.514931 0.377315 0.067361 0.075926
10 0.957812 0.503241 0.017708 0.030556
10 0.813715 0.041667 0.042708 0.065741
10 0.846181 0.105093 0.030556 0.062963
10 0.872917 0.161111 0.031250 0.061111
10 0.517188 0.196065 0.025347 0.047685
10 0.338368 0.284259 0.021875 0.038889
10 0.439410 0.472454 0.044792 0.069907
10 0.389062 0.424074 0.015625 0.029630
10 0.261806 0.362500 0.018056 0.033333
10 0.294792 0.451389 0.013194 0.027778
10 0.325868 0.462963 0.012847 0.026852
10 0.207986 0.419444 0.014583 0.026852
10 0.218229 0.343287 0.017014 0.031944
10 0.125347 0.389583 0.015972 0.031944
10 0.057639 0.423611 0.014583 0.026852
10 0.005208 0.450000 0.009722 0.028704
10 0.042361 0.459722 0.012500 0.025926
10 0.078472 0.469907 0.012500 0.025926
10 0.135764 0.448148 0.012500 0.025926
10 0.209028 0.509259 0.011806 0.021296
10 0.187847 0.502315 0.011111 0.021296
10 0.158681 0.493056 0.011111 0.021296
10 0.052083 0.559028 0.025694 0.039352
10 0.571007 0.544907 0.012153 0.024074
10 0.602431 0.541667 0.008333 0.025000
9 0.512153 0.581944 0.011111 0.016667
9 0.511806 0.604167 0.011111 0.016667
9 0.561111 0.578241 0.011111 0.016667
9 0.560764 0.599537 0.011111 0.016667
9 0.590625 0.575231 0.012500 0.016204
9 0.589931 0.598380 0.012500 0.016204
9 0.484722 0.584259 0.011111 0.016667
9 0.484722 0.605556 0.011111 0.016667
1 0.484028 0.593287 0.013194 0.047685
10 0.956424 0.331944 0.019792 0.038889
9 0.730729 0.497917 0.023958 0.031019
9 0.691840 0.417361 0.023958 0.031019
9 0.663021 0.507176 0.023958 0.031019
9 0.576389 0.502083 0.021528 0.027315
9 0.577083 0.463657 0.021528 0.027315
9 0.482292 0.481250 0.021528 0.027315
9 0.422222 0.478241 0.019444 0.025000
9 0.353819 0.492593 0.019444 0.025000
9 0.336979 0.555093 0.019792 0.023148
9 0.301736 0.503935 0.015972 0.021759
9 0.284722 0.562269 0.015972 0.021759
9 0.258160 0.565972 0.015625 0.022685
9 0.232986 0.570139 0.015972 0.021759
9 0.194271 0.575926 0.014931 0.020370
9 0.175174 0.578704 0.014931 0.020370
9 0.513368 0.381481 0.014931 0.025000
9 0.531424 0.375926 0.017014 0.025926
9 0.559375 0.394676 0.015278 0.026389
9 0.585764 0.412037 0.014583 0.024074
9 0.683681 0.328241 0.020139 0.035185
9 0.715278 0.318519 0.020139 0.035185
9 0.740799 0.344676 0.021181 0.034722
9 0.764236 0.368287 0.018056 0.031019
10 0.098437 0.437269 0.013542 0.025463
