13 0.515509 0.590278 0.257870 0.165278
3 0.658333 0.316667 0.055556 0.158333
3 0.475926 0.337500 0.050926 0.131944
3 0.311806 0.336632 0.056944 0.142014
3 0.059722 0.358333 0.062963 0.111806
2 0.121296 0.302257 0.100000 0.103125
2 0.387731 0.280035 0.070833 0.113542
2 0.558796 0.267708 0.056481 0.122222
2 0.743981 0.252604 0.056481 0.126736
1 0.930556 0.544792 0.029630 0.068750
9 0.930093 0.533854 0.025000 0.017708
9 0.931944 0.563542 0.025000 0.018056
9 0.744213 0.246181 0.051389 0.036806
9 0.701620 0.309201 0.052315 0.037153
9 0.657639 0.371528 0.051389 0.038194
9 0.563194 0.259201 0.047685 0.036458
9 0.521296 0.321528 0.046296 0.034028
9 0.475694 0.379514 0.046759 0.034028
9 0.399074 0.272049 0.043519 0.035069
9 0.357407 0.329861 0.042593 0.033333
9 0.314583 0.384896 0.045833 0.034375
9 0.200926 0.371701 0.037037 0.028125
9 0.149537 0.297917 0.041667 0.031250
9 0.068287 0.391840 0.040278 0.032986
9 0.087269 0.376563 0.033796 0.026042
9 0.110417 0.346701 0.043981 0.031597
9 0.022222 0.305729 0.040741 0.031597
10 0.924306 0.497222 0.025463 0.015278
16 0.108796 0.470486 0.053704 0.040278
16 0.046296 0.447396 0.054630 0.041319
8 0.084722 0.523611 0.022222 0.011111
8 0.027778 0.521354 0.024074 0.008681
8 0.009722 0.501042 0.018519 0.011806
8 0.709954 0.501563 0.035648 0.011458
8 0.717824 0.516840 0.033796 0.009375
8 0.719213 0.529861 0.028241 0.010417
