13 0.868519 0.685417 0.262963 0.175694
13 0.584491 0.717014 0.166204 0.124306
13 0.415278 0.731771 0.131481 0.096875
1 0.900231 0.359722 0.086574 0.148611
1 0.794907 0.403472 0.083333 0.136111
1 0.705324 0.438889 0.072685 0.120139
1 0.587500 0.486806 0.059259 0.104167
1 0.533565 0.509549 0.055093 0.098958
1 0.486111 0.528646 0.053704 0.093403
1 0.417361 0.555556 0.053241 0.081250
1 0.387037 0.570312 0.046296 0.078125
1 0.357870 0.582465 0.042593 0.075347
9 0.913426 0.334375 0.056481 0.043750
9 0.910417 0.401389 0.056944 0.043750
9 0.807176 0.380208 0.052315 0.038194
9 0.802778 0.441667 0.050926 0.041667
9 0.718287 0.416667 0.044907 0.035417
9 0.713657 0.472049 0.045833 0.034375
9 0.599537 0.467882 0.034259 0.028819
9 0.593981 0.515104 0.035185 0.030208
9 0.545370 0.491146 0.030556 0.028125
9 0.538657 0.536458 0.032870 0.028472
9 0.497685 0.511111 0.031481 0.026389
9 0.493287 0.553472 0.032870 0.027083
9 0.429167 0.540625 0.027778 0.022222
9 0.424769 0.578993 0.030093 0.025347
9 0.619213 0.586458 0.033796 0.027083
9 0.885880 0.515799 0.045833 0.033681
9 0.981250 0.487500 0.037500 0.036111
16 0.052778 0.545139 0.050926 0.054167
16 0.149769 0.554340 0.043056 0.051042
16 0.244444 0.565625 0.041667 0.047222
10 0.280556 0.168750 0.048148 0.035417
10 0.431944 0.197396 0.042593 0.034375
10 0.572685 0.221875 0.042593 0.036111
10 0.887500 0.283681 0.042593 0.032639
10 0.609954 0.426215 0.035648 0.036458
10 0.654630 0.398090 0.032407 0.027431
10 0.286806 0.340972 0.031944 0.027083
10 0.168750 0.322917 0.033796 0.028472
10 0.100926 0.413889 0.027778 0.026389
10 0.198380 0.427257 0.027315 0.023958
10 0.290972 0.439757 0.026389 0.024653
10 0.451852 0.503472 0.028704 0.030556
10 0.634259 0.124653 0.034259 0.026389
8 0.696065 0.123438 0.057870 0.030208
