1 0.353993 0.586574 0.030903 0.109259
1 0.539236 0.618056 0.027778 0.097222
1 0.477431 0.606713 0.027083 0.100463
1 0.783681 0.658796 0.035417 0.083333
1 0.692361 0.642593 0.029861 0.088889
1 0.189931 0.560417 0.035417 0.116204
1 0.597396 0.626620 0.029514 0.095833
1 0.275694 0.575000 0.033333 0.113889
1 0.738368 0.650694 0.034375 0.087500
10 0.977778 0.134028 0.043750 0.091204
10 0.890104 0.080556 0.052431 0.090741
10 0.148090 0.225926 0.031597 0.056481
13 0.249826 0.800694 0.140625 0.131944
13 0.531771 0.816204 0.110764 0.115741
13 0.741840 0.825926 0.105208 0.098148
16 0.113542 0.361806 0.078472 0.106019
15 0.156944 0.819444 0.032639 0.057407
15 0.357639 0.824306 0.026389 0.050463
15 0.574826 0.832870 0.025347 0.046296
8 0.222222 0.208333 0.020833 0.040741
8 0.286285 0.232176 0.021875 0.041204
8 0.348438 0.262037 0.021181 0.052778
8 0.448090 0.290509 0.021875 0.034722
8 0.543924 0.330093 0.027431 0.039815
8 0.627778 0.354630 0.020139 0.029630
8 0.669965 0.368519 0.019097 0.029630
8 0.710590 0.378935 0.023958 0.028241
8 0.804861 0.414352 0.017361 0.024074
12 0.336632 0.864815 0.012847 0.044444
12 0.371181 0.869907 0.012500 0.034259
1 0.988889 0.695833 0.022222 0.075000
9 0.189236 0.591204 0.027778 0.035185
9 0.193056 0.540741 0.027778 0.035185
9 0.278646 0.557176 0.025347 0.032870
9 0.275174 0.603472 0.025347 0.032870
9 0.356771 0.567824 0.025347 0.032870
9 0.354340 0.615046 0.025347 0.032870
9 0.477257 0.588889 0.021875 0.029630
9 0.477257 0.633333 0.021875 0.029630
9 0.538368 0.599537 0.021875 0.029630
9 0.539410 0.642130 0.021875 0.029630
9 0.595313 0.609722 0.021875 0.029630
9 0.596875 0.651157 0.020139 0.028241
9 0.688889 0.627083 0.022222 0.027315
9 0.691319 0.666435 0.022222 0.027315
9 0.735938 0.635648 0.020486 0.025926
9 0.739757 0.672222 0.020486 0.025926
9 0.781076 0.643981 0.023264 0.027778
9 0.784549 0.679861 0.020486 0.025463
9 0.987153 0.682639 0.017361 0.024537
9 0.972049 0.700000 0.015625 0.021296
9 0.991667 0.714120 0.016667 0.023611
9 0.943576 0.291435 0.048958 0.055093
9 0.958333 0.363426 0.052778 0.065741
9 0.945139 0.516898 0.016667 0.028241
10 0.972917 0.609954 0.016667 0.028241
10 0.829514 0.597454 0.014583 0.027315
10 0.733507 0.550000 0.017708 0.031481
10 0.702257 0.568519 0.015625 0.031481
10 0.672569 0.585417 0.015278 0.029167
10 0.577778 0.511574 0.019444 0.033333
10 0.659722 0.441435 0.022222 0.037500
10 0.702604 0.407176 0.023264 0.040278
10 0.752604 0.363657 0.023958 0.046759
10 0.549479 0.534954 0.018403 0.029167
10 0.521181 0.550463 0.019444 0.037963
10 0.499653 0.280093 0.027083 0.045370
10 0.516667 0.291204 0.018750 0.029630
10 0.145313 0.287500 0.031597 0.050926
10 0.275347 0.497917 0.024306 0.041204
10 0.157986 0.144676 0.041667 0.064352
10 0.675521 0.842130 0.014931 0.025926
