10 0.293056 0.105382 0.048148 0.073264
13 0.771065 0.491667 0.263426 0.172222
13 0.496296 0.531597 0.164815 0.118056
13 0.331019 0.553299 0.133333 0.094097
1 0.808565 0.161458 0.090278 0.159722
1 0.700000 0.211979 0.080556 0.145486
1 0.615046 0.250174 0.073611 0.130903
1 0.494213 0.305729 0.058796 0.116319
1 0.441898 0.329340 0.053241 0.103125
1 0.394907 0.349826 0.050000 0.096875
1 0.324769 0.379861 0.051389 0.086111
9 0.821759 0.135069 0.058333 0.045139
9 0.816435 0.205729 0.060648 0.047569
9 0.715046 0.185417 0.051389 0.040278
9 0.710417 0.249653 0.053241 0.043056
9 0.625926 0.226042 0.048148 0.037500
9 0.621759 0.285069 0.043519 0.036806
9 0.504861 0.282639 0.034722 0.031250
9 0.501389 0.333333 0.038889 0.031944
9 0.451157 0.308681 0.031944 0.028472
9 0.446759 0.356250 0.033333 0.029861
9 0.404630 0.330729 0.029630 0.028125
9 0.401389 0.374653 0.032407 0.027778
9 0.334722 0.362500 0.030556 0.025000
9 0.332407 0.401736 0.031481 0.023611
9 0.271759 0.391493 0.027778 0.021181
9 0.270139 0.426736 0.030093 0.022222
9 0.894213 0.294097 0.053241 0.037500
9 0.791435 0.325694 0.048611 0.034722
9 0.530556 0.405208 0.036111 0.027083
16 0.051157 0.380903 0.043056 0.051389
16 0.146991 0.389931 0.043981 0.047917
10 0.515741 0.238542 0.035185 0.040278
10 0.356713 0.322743 0.031019 0.032292
10 0.048380 0.134375 0.038426 0.029167
10 0.174537 0.152257 0.034259 0.029514
10 0.291667 0.168576 0.034259 0.032986
10 0.559259 0.206771 0.033333 0.032292
10 0.185185 0.257465 0.028704 0.027431
10 0.087037 0.245139 0.029630 0.027083
10 0.795602 0.082118 0.043056 0.035069
15 0.918287 0.547222 0.057870 0.049306
12 0.903704 0.593403 0.016667 0.032639
12 0.945139 0.590972 0.018981 0.042361
