12 0.322049 0.646660 0.037946 0.119378
12 0.360739 0.635747 0.037946 0.119378
12 0.404638 0.629795 0.037946 0.119378
14 0.674603 0.858466 0.268353 0.283069
13 0.765129 0.781911 0.103175 0.137897
15 0.689856 0.549272 0.070685 0.145503
10 0.753596 0.560020 0.046875 0.081680
15 0.854911 0.506614 0.082341 0.162037
8 0.578621 0.512401 0.007937 0.010251
8 0.517609 0.498843 0.007937 0.010251
10 0.462302 0.425265 0.013393 0.020503
10 0.461806 0.444444 0.013393 0.020503
10 0.481647 0.414848 0.015873 0.022817
10 0.481151 0.433036 0.015873 0.022817
10 0.526290 0.438988 0.015873 0.022817
10 0.525298 0.456184 0.015873 0.022817
10 0.544395 0.450231 0.015873 0.022817
10 0.544891 0.429398 0.015873 0.022817
10 0.586062 0.452216 0.015873 0.022817
10 0.585565 0.471396 0.015873 0.022817
10 0.607143 0.463459 0.015873 0.022817
10 0.606399 0.443287 0.015873 0.022817
10 0.632812 0.251819 0.026538 0.033399
10 0.531746 0.373512 0.020337 0.028108
10 0.464782 0.359292 0.020337 0.028108
10 0.595982 0.387070 0.020337 0.028108
10 0.707837 0.270668 0.024802 0.036706
10 0.778026 0.293816 0.024802 0.036706
10 0.936012 0.340443 0.024802 0.036706
10 0.987599 0.403274 0.024802 0.036706
10 0.799727 0.436177 0.018601 0.025132
10 0.745164 0.421958 0.018601 0.025132
10 0.493180 0.549272 0.009673 0.015212
10 0.493180 0.562831 0.009673 0.015212
10 0.542287 0.558201 0.009673 0.015212
10 0.541791 0.571429 0.009673 0.015212
10 0.588170 0.565476 0.009673 0.015212
10 0.589162 0.580688 0.009673 0.015212
8 0.521329 0.581845 0.006944 0.011574
8 0.570437 0.592097 0.006944 0.011574
8 0.443700 0.571594 0.006944 0.011574
8 0.332341 0.550099 0.006944 0.011574
8 0.388641 0.560020 0.006944 0.011574
10 0.365947 0.527116 0.009673 0.015212
10 0.365203 0.541005 0.009673 0.015212
10 0.310640 0.517857 0.010665 0.015212
10 0.309648 0.533730 0.010665 0.015212
8 0.301959 0.564484 0.007192 0.009921
12 0.278522 0.655258 0.013393 0.042659
12 0.297867 0.648975 0.013393 0.042659
15 0.505828 0.619709 0.065228 0.098545
15 0.441096 0.637401 0.056300 0.079696
12 0.580605 0.652778 0.011905 0.044312
12 0.609375 0.648810 0.011905 0.044312
10 0.543527 0.696263 0.023065 0.037368
8 0.609251 0.703373 0.008185 0.011905
8 0.583209 0.714286 0.008185 0.011905
12 0.738467 0.699074 0.013145 0.045635
12 0.765005 0.683532 0.013145 0.045635
12 0.794023 0.708499 0.012153 0.037368
12 0.798983 0.674438 0.012153 0.034722
8 0.919023 0.559524 0.008681 0.015212
3 0.931176 0.547288 0.039435 0.126984
2 0.950025 0.468254 0.066716 0.080026
9 0.938864 0.573247 0.026042 0.037368
9 0.966394 0.445602 0.026042 0.037368
9 0.791915 0.510086 0.025298 0.035384
2 0.776414 0.529597 0.059772 0.067791
