14 0.825694 0.615104 0.090278 0.078125
13 0.795370 0.549306 0.134259 0.084028
13 0.477546 0.524653 0.130093 0.087500
13 0.131944 0.496875 0.133333 0.098611
6 0.611343 0.552083 0.023611 0.051389
6 0.581944 0.550347 0.027778 0.053472
6 0.203472 0.521701 0.031944 0.057986
6 0.240741 0.525174 0.032407 0.057292
15 0.861343 0.541840 0.020833 0.017708
15 0.345370 0.487674 0.026852 0.030208
15 0.245139 0.481076 0.025463 0.028125
15 0.090741 0.323611 0.100926 0.100694
8 0.295602 0.043229 0.035648 0.042708
8 0.196528 0.028646 0.035648 0.042708
8 0.095833 0.017882 0.039815 0.035069
8 0.775000 0.120313 0.047222 0.034375
8 0.856250 0.132118 0.053241 0.031597
8 0.929167 0.142708 0.046296 0.036111
12 0.366204 0.513194 0.014815 0.024306
12 0.538426 0.529167 0.010185 0.022222
12 0.899537 0.131250 0.037037 0.047917
12 0.854167 0.125694 0.031481 0.047917
12 0.778704 0.112500 0.031481 0.047917
12 0.278472 0.032118 0.030093 0.055903
12 0.218056 0.025521 0.033333 0.050347
12 0.122917 0.019965 0.033796 0.039236
11 0.530093 0.573090 0.011111 0.016319
11 0.486343 0.570312 0.009722 0.014931
11 0.477083 0.569965 0.009722 0.014931
11 0.442361 0.566840 0.009722 0.014931
11 0.433102 0.566840 0.009722 0.014931
11 0.344444 0.552257 0.011111 0.030903
11 0.333565 0.551910 0.010648 0.031597
11 0.284954 0.549306 0.009722 0.031250
11 0.275694 0.546875 0.009722 0.031250
1 0.153935 0.437326 0.029167 0.052431
1 0.215046 0.443924 0.029167 0.052431
1 0.273611 0.447743 0.026852 0.052431
1 0.578009 0.477083 0.023611 0.049306
1 0.681250 0.486458 0.023611 0.049306
7 0.768750 0.493750 0.031019 0.044444
7 0.818750 0.498785 0.031944 0.046181
7 0.867361 0.502778 0.034722 0.045139
0 0.988657 0.513889 0.022685 0.040972
2 0.934259 0.408160 0.065741 0.063542
2 0.849537 0.398090 0.067593 0.062153
2 0.767361 0.391667 0.059722 0.063889
2 0.256250 0.339062 0.059722 0.072569
2 0.157176 0.328646 0.064352 0.076736
3 0.216435 0.367361 0.039352 0.081944
3 0.727546 0.419792 0.040278 0.074306
3 0.808796 0.429688 0.044444 0.071181
3 0.890278 0.438021 0.046296 0.070486
1 0.414583 0.375694 0.034722 0.076389
1 0.504630 0.384549 0.033333 0.071875
1 0.592824 0.395139 0.035648 0.072222
10 0.165741 0.402431 0.017593 0.019444
10 0.224769 0.408507 0.018981 0.018403
10 0.281019 0.414931 0.019444 0.017361
10 0.574306 0.444097 0.017130 0.016667
10 0.623843 0.448264 0.017130 0.016667
10 0.675000 0.453125 0.016667 0.016667
10 0.758796 0.460069 0.017593 0.018750
10 0.806250 0.465278 0.017130 0.017361
10 0.853935 0.469444 0.017130 0.017361
10 0.976389 0.480903 0.017593 0.016667
10 0.788657 0.165972 0.046759 0.047222
10 0.365046 0.104340 0.042130 0.047569
10 0.360185 0.155729 0.034259 0.039236
10 0.354861 0.197049 0.031944 0.035764
9 0.171296 0.319097 0.035185 0.026389
9 0.216898 0.391840 0.031944 0.023958
9 0.269676 0.330382 0.030093 0.023958
9 0.416667 0.363542 0.029630 0.022222
9 0.412963 0.396181 0.029630 0.022222
9 0.506944 0.373958 0.027778 0.020833
9 0.503704 0.406076 0.028704 0.021875
9 0.590741 0.414236 0.027778 0.021528
9 0.593981 0.383333 0.027778 0.021528
9 0.763657 0.383507 0.028241 0.020486
9 0.721991 0.441667 0.029167 0.021528
9 0.806250 0.449306 0.029167 0.021528
9 0.845139 0.391667 0.029167 0.021528
9 0.885880 0.456944 0.029167 0.021528
9 0.924306 0.401042 0.029167 0.021528
9 0.989352 0.506250 0.020370 0.014583
9 0.989815 0.524306 0.020370 0.014583
9 0.863426 0.513542 0.020370 0.014583
9 0.864352 0.495139 0.020370 0.014583
9 0.817130 0.490278 0.020370 0.014583
9 0.814815 0.509028 0.020370 0.014583
9 0.766667 0.504514 0.020370 0.014583
9 0.768056 0.486458 0.020370 0.014583
9 0.679861 0.478993 0.018981 0.013542
9 0.679398 0.497743 0.018981 0.013542
9 0.576157 0.488542 0.018056 0.012500
9 0.578009 0.468056 0.018056 0.012500
10 0.729861 0.555556 0.012500 0.011806
10 0.558102 0.552083 0.015278 0.009722
10 0.366204 0.538021 0.013889 0.009375
10 0.412037 0.541146 0.013889 0.009375
10 0.241667 0.480729 0.012963 0.014236
10 0.343981 0.489757 0.012963 0.013542
9 0.300926 0.256076 0.026852 0.031597
9 0.385185 0.265451 0.025926 0.028819
9 0.603241 0.291146 0.024074 0.026736
9 0.585417 0.311806 0.022685 0.026389
9 0.568056 0.329688 0.022222 0.026042
