1 0.923843 0.499306 0.040278 0.088889
1 0.724769 0.501736 0.037500 0.086111
1 0.614815 0.502083 0.035185 0.088889
9 0.923380 0.483507 0.032870 0.028125
9 0.924537 0.522743 0.032407 0.028819
9 0.723843 0.484375 0.033796 0.028472
9 0.724306 0.522396 0.032870 0.028125
9 0.615972 0.488194 0.031944 0.025694
9 0.615046 0.524132 0.031944 0.027431
10 0.292593 0.166146 0.051852 0.060764
10 0.472222 0.157292 0.051852 0.061806
10 0.657870 0.147049 0.059259 0.064931
8 0.899074 0.182118 0.028704 0.034375
8 0.719907 0.194271 0.031481 0.038542
8 0.623843 0.198785 0.032870 0.041319
8 0.531944 0.200694 0.031481 0.038194
8 0.370139 0.207292 0.032870 0.038194
8 0.190972 0.218056 0.035648 0.038889
12 0.959259 0.673438 0.023148 0.038542
15 0.917130 0.666840 0.036111 0.042014
15 0.723148 0.661979 0.034259 0.047569
14 0.390741 0.707465 0.554630 0.517708
