1 0.612153 0.122454 0.044444 0.179167
1 0.830729 0.153704 0.044097 0.165741
1 0.723611 0.137731 0.041667 0.167130
1 0.262153 0.080556 0.052778 0.160185
1 0.397569 0.088194 0.042361 0.175463
9 0.990451 0.225926 0.019097 0.041667
9 0.263368 0.032639 0.040625 0.051389
9 0.397396 0.053472 0.035764 0.054167
13 0.694618 0.476620 0.178819 0.187500
13 0.238889 0.434491 0.207639 0.217130
15 0.528125 0.496528 0.042361 0.074537
15 0.435417 0.489815 0.048611 0.077778
15 0.131944 0.472917 0.051389 0.079167
1 0.121354 0.068750 0.046181 0.136574
9 0.119965 0.092361 0.041319 0.054167
9 0.262326 0.117130 0.036458 0.050926
9 0.396181 0.138426 0.036806 0.051852
9 0.610764 0.093056 0.034028 0.045370
9 0.609896 0.171065 0.033681 0.046759
9 0.721354 0.109954 0.033681 0.045833
9 0.721181 0.185185 0.033333 0.045370
9 0.827257 0.127083 0.032292 0.042130
9 0.828299 0.198611 0.032292 0.043519
9 0.990278 0.155556 0.019444 0.046296
10 0.693750 0.023148 0.031250 0.045370
15 0.787326 0.511574 0.044097 0.067593
10 0.961285 0.532407 0.020486 0.038889
12 0.411285 0.553009 0.016319 0.061574
12 0.182118 0.547685 0.019097 0.060185
