10 0.173115 0.332176 0.037202 0.058532
10 0.302331 0.398975 0.037202 0.058532
10 0.422123 0.465774 0.037202 0.058532
10 0.665179 0.602513 0.032242 0.037037
10 0.706721 0.627976 0.041915 0.062169
9 0.765749 0.680225 0.048859 0.064153
10 0.097594 0.608300 0.031002 0.047288
10 0.196553 0.652943 0.031498 0.040013
10 0.063368 0.740245 0.025050 0.043320
10 0.043031 0.757440 0.025050 0.043320
10 0.027406 0.769015 0.025050 0.043320
8 0.298735 0.514881 0.015625 0.023148
8 0.256572 0.551587 0.015625 0.023148
8 0.488467 0.347222 0.022073 0.027778
8 0.431300 0.397156 0.015377 0.023810
1 0.759797 0.734623 0.070685 0.229828
1 0.641741 0.775628 0.070685 0.229828
9 0.651042 0.735119 0.039683 0.053571
9 0.764013 0.783896 0.049851 0.069775
9 0.645337 0.832837 0.046131 0.066468
1 0.541047 0.823743 0.068204 0.205688
9 0.545387 0.880126 0.046131 0.066468
9 0.549107 0.785714 0.043651 0.058862
10 0.491071 0.789187 0.022817 0.036706
10 0.414931 0.753142 0.027282 0.038690
1 0.396577 0.892692 0.064980 0.187500
9 0.408234 0.861607 0.036706 0.052579
9 0.401290 0.942295 0.036706 0.052579
9 0.339286 0.896991 0.036706 0.052579
9 0.331721 0.973380 0.031498 0.046627
1 0.328001 0.920139 0.061756 0.159722
1 0.266741 0.936343 0.055804 0.127315
9 0.277902 0.922454 0.030506 0.038690
9 0.268229 0.989253 0.027530 0.021495
9 0.186136 0.973876 0.028026 0.037698
1 0.180060 0.961806 0.054563 0.076389
8 0.767733 0.096230 0.033978 0.043651
8 0.861731 0.020007 0.039435 0.039352
