13 0.648843 0.547049 0.334722 0.201042
13 0.113426 0.583333 0.225926 0.136111
3 0.033565 0.373090 0.066204 0.121875
3 0.135880 0.346007 0.071759 0.126736
2 0.061111 0.307292 0.121296 0.104861
2 0.173148 0.277778 0.126852 0.113194
1 0.416898 0.255382 0.072685 0.137847
1 0.592593 0.210243 0.065741 0.154514
1 0.809028 0.151042 0.068981 0.173611
1 0.421991 0.543576 0.026389 0.055903
1 0.593750 0.530382 0.030093 0.069792
1 0.671296 0.522569 0.036111 0.068750
5 0.474306 0.157465 0.162500 0.098264
9 0.042130 0.410243 0.043519 0.030903
9 0.077546 0.355382 0.041204 0.030903
9 0.147454 0.388368 0.043056 0.033681
9 0.184491 0.330382 0.042130 0.032986
9 0.213194 0.268229 0.043056 0.033681
9 0.103472 0.297396 0.038426 0.034375
9 0.427546 0.242361 0.048611 0.040278
9 0.420139 0.303472 0.054167 0.038889
9 0.596991 0.197743 0.055093 0.044097
9 0.595833 0.263368 0.057407 0.046181
9 0.532176 0.153472 0.036574 0.028472
9 0.478009 0.169618 0.034722 0.026042
9 0.807176 0.140625 0.065278 0.050000
9 0.809491 0.213715 0.067130 0.049653
9 0.949306 0.029687 0.051389 0.038542
9 0.425231 0.532813 0.019907 0.014236
9 0.423611 0.558333 0.019444 0.014583
9 0.471759 0.600868 0.020370 0.015625
9 0.471065 0.628472 0.020833 0.015972
0 0.459259 0.613715 0.049074 0.060069
14 0.419907 0.711285 0.138889 0.132292
10 0.391204 0.507292 0.018519 0.013194
10 0.445602 0.501042 0.018981 0.013889
10 0.687269 0.475000 0.022685 0.013194
10 0.788657 0.590451 0.013426 0.010069
10 0.858333 0.587847 0.015741 0.010417
10 0.929630 0.584722 0.017593 0.011111
10 0.992130 0.653125 0.015741 0.012500
15 0.803704 0.587153 0.033333 0.033333
15 0.869907 0.583854 0.031481 0.033681
15 0.943287 0.579861 0.033796 0.035417
12 0.977778 0.613542 0.017593 0.028472
12 0.900694 0.615972 0.018056 0.027778
11 0.942593 0.674653 0.010185 0.038194
11 0.907176 0.675521 0.011574 0.037153
11 0.890741 0.675347 0.011111 0.036111
11 0.877778 0.678125 0.016667 0.040972
11 0.840741 0.675521 0.010185 0.037847
11 0.825463 0.675521 0.009259 0.035764
11 0.811111 0.675347 0.008333 0.035417
11 0.011111 0.696007 0.005556 0.021875
11 0.003241 0.696701 0.005556 0.021875
11 0.006713 0.696007 0.006019 0.021181
11 0.042130 0.696007 0.004630 0.023264
11 0.037731 0.696007 0.005093 0.022569
11 0.066435 0.695660 0.006019 0.022569
11 0.071528 0.695833 0.005093 0.022917
11 0.075694 0.695139 0.005093 0.022222
