13 0.540225 0.856113 0.333478 0.287774
10 0.231401 0.926326 0.025087 0.063149
10 0.676471 0.906719 0.023789 0.053922
10 0.735943 0.902970 0.028547 0.048731
10 0.840506 0.903547 0.023573 0.043541
3 0.929715 0.442907 0.115484 0.220877
3 0.775519 0.961073 0.043685 0.077855
3 0.709559 0.961217 0.038062 0.077566
1 0.664252 0.416522 0.076341 0.214245
1 0.503676 0.413495 0.062284 0.219723
1 0.330234 0.402393 0.074827 0.215975
9 0.333045 0.455450 0.061419 0.076413
9 0.335532 0.378172 0.057742 0.074683
9 0.062824 0.327278 0.060770 0.089389
9 0.506163 0.462226 0.050389 0.068051
9 0.499567 0.390859 0.050606 0.077566
9 0.667820 0.467993 0.048010 0.092272
9 0.649978 0.403114 0.046497 0.086505
9 0.929498 0.509371 0.057958 0.081603
9 0.911440 0.381055 0.049524 0.081603
