15 0.615079 0.452050 0.087302 0.100529
15 0.752480 0.467758 0.097222 0.108796
15 0.881820 0.479497 0.102927 0.099868
8 0.345114 0.524306 0.019593 0.024140
8 0.292907 0.520007 0.018849 0.024140
8 0.240451 0.514385 0.019593 0.023479
8 0.031126 0.496528 0.020089 0.026124
8 0.091022 0.501984 0.016369 0.025132
8 0.145213 0.506118 0.015129 0.022817
1 0.022817 0.720569 0.032242 0.119709
1 0.107887 0.722222 0.029266 0.117725
1 0.187872 0.726190 0.026042 0.119709
1 0.137773 0.824239 0.024554 0.081680
1 0.074901 0.824901 0.022817 0.083664
1 0.298115 0.830688 0.024306 0.078042
3 0.313740 0.752646 0.027778 0.120370
3 0.391121 0.757110 0.030754 0.112765
3 0.462674 0.760251 0.030506 0.115079
2 0.494048 0.706515 0.031250 0.090278
2 0.422743 0.708499 0.030506 0.089616
2 0.350074 0.700397 0.031994 0.099868
1 0.355531 0.826720 0.027530 0.079365
1 0.499876 0.832011 0.024058 0.076058
6 0.439484 0.904266 0.039683 0.120040
6 0.393229 0.905258 0.037450 0.118056
6 0.344618 0.906415 0.036458 0.118386
11 0.651166 0.817130 0.033978 0.132275
11 0.684896 0.817130 0.035466 0.129630
11 0.714658 0.813161 0.038442 0.121693
11 0.752232 0.791171 0.027282 0.119378
11 0.805184 0.820602 0.035466 0.109458
11 0.837922 0.816634 0.031994 0.106812
11 0.865699 0.822255 0.038938 0.110119
11 0.947793 0.829200 0.028026 0.114087
11 0.977803 0.826389 0.035466 0.117063
12 0.339410 0.485284 0.011657 0.023479
12 0.255704 0.478671 0.012897 0.026124
12 0.044891 0.457011 0.011905 0.025132
12 0.135665 0.467427 0.011905 0.027447
12 0.082837 0.461806 0.015377 0.027447
12 0.288194 0.481481 0.010913 0.021825
