14 0.795312 0.852778 0.187847 0.294444
13 0.024306 0.880556 0.047917 0.100000
13 0.251215 0.884954 0.087847 0.080093
13 0.519444 0.900463 0.035417 0.060185
6 0.349132 0.674074 0.070486 0.211111
6 0.415451 0.693056 0.058681 0.195370
6 0.472222 0.707407 0.056250 0.182407
15 0.104340 0.892824 0.023264 0.053241
16 0.619618 0.775694 0.025347 0.035648
16 0.650868 0.770139 0.025347 0.035648
16 0.686285 0.762731 0.025347 0.038426
3 0.346701 0.381250 0.068403 0.146759
3 0.448437 0.446296 0.060069 0.128704
3 0.524132 0.500000 0.057292 0.119444
2 0.564236 0.418287 0.080556 0.113426
1 0.497396 0.360185 0.084375 0.120370
1 0.408333 0.289815 0.097222 0.131481
1 0.117882 0.685185 0.037847 0.098148
1 0.044271 0.666898 0.042014 0.105093
1 0.227778 0.710417 0.031250 0.090278
1 0.279340 0.722222 0.031597 0.084259
1 0.515104 0.777315 0.019792 0.061111
8 0.130035 0.359028 0.021181 0.028241
10 0.665104 0.661111 0.014236 0.016667
10 0.662500 0.515741 0.023611 0.026852
10 0.624479 0.486343 0.025347 0.027315
10 0.487326 0.372685 0.026736 0.038889
10 0.414236 0.311806 0.031250 0.035648
10 0.328299 0.240972 0.035764 0.044907
10 0.073785 0.598380 0.014931 0.013426
10 0.102083 0.581481 0.015278 0.015741
10 0.132118 0.562500 0.016319 0.017593
10 0.066667 0.909259 0.015972 0.018519
10 0.522917 0.703009 0.008333 0.014352
10 0.308333 0.626852 0.013889 0.016667
10 0.250868 0.656250 0.012847 0.015278
9 0.037153 0.356944 0.025694 0.029630
9 0.076215 0.315509 0.028125 0.031019
9 0.021354 0.285185 0.030903 0.031481
9 0.336979 0.412731 0.039931 0.052315
9 0.439410 0.471759 0.033681 0.048148
9 0.385243 0.288657 0.031597 0.041204
9 0.516667 0.520602 0.027778 0.041204
9 0.512674 0.669444 0.024653 0.037963
9 0.512326 0.733796 0.023958 0.038889
9 0.600000 0.567130 0.019444 0.025000
9 0.640104 0.591898 0.018403 0.022685
9 0.644271 0.642593 0.018403 0.023148
9 0.602951 0.619444 0.021875 0.026852
9 0.047569 0.647454 0.023611 0.030093
9 0.041667 0.693750 0.023611 0.030093
9 0.120486 0.665509 0.021528 0.029167
9 0.115278 0.709954 0.021528 0.029167
9 0.229340 0.693519 0.019792 0.026852
9 0.225868 0.733796 0.019792 0.026852
9 0.280382 0.706944 0.018403 0.024074
9 0.275868 0.743519 0.018403 0.024074
9 0.513889 0.768287 0.013889 0.018981
9 0.515278 0.795833 0.013889 0.016667
