15 0.083681 0.224306 0.121528 0.203241
15 0.412674 0.306250 0.139236 0.173611
15 0.562674 0.342130 0.119097 0.132407
15 0.727257 0.399306 0.108681 0.120833
15 0.798611 0.418750 0.087500 0.106019
15 0.950868 0.456481 0.079514 0.081481
15 0.911111 0.441898 0.083333 0.081019
13 0.206771 0.585417 0.132986 0.152315
12 0.859201 0.477778 0.030208 0.107407
12 0.893750 0.483796 0.029167 0.101852
12 0.927431 0.489352 0.027778 0.098148
3 0.229861 0.345833 0.044444 0.140741
3 0.302083 0.357870 0.043750 0.135185
9 0.224479 0.379398 0.030208 0.039352
9 0.294792 0.392593 0.026389 0.037963
9 0.175347 0.238426 0.029861 0.034259
9 0.245486 0.260417 0.029861 0.039352
9 0.314757 0.278704 0.026736 0.036111
10 0.192535 0.206481 0.026736 0.034259
10 0.170660 0.161111 0.021181 0.028704
10 0.231076 0.137963 0.022569 0.029630
10 0.397743 0.073843 0.025347 0.032870
10 0.473264 0.045139 0.026389 0.032870
10 0.551910 0.018287 0.026042 0.035648
10 0.719792 0.114815 0.023611 0.029630
10 0.647569 0.137731 0.022222 0.026389
10 0.578993 0.160185 0.021181 0.025926
10 0.423264 0.209954 0.020139 0.023611
10 0.505382 0.374306 0.046181 0.052315
