1 0.328125 0.380093 0.063889 0.203704
1 0.607639 0.366667 0.057639 0.205556
1 0.781250 0.367361 0.066667 0.222685
1 0.166667 0.381250 0.082639 0.192130
1 0.031771 0.383102 0.062153 0.215278
1 0.958507 0.353704 0.082986 0.211111
8 0.237153 0.069444 0.035417 0.109259
8 0.678472 0.049306 0.029167 0.097685
9 0.332292 0.358565 0.042361 0.056944
9 0.182639 0.365046 0.045139 0.055093
9 0.607986 0.348380 0.044444 0.065278
9 0.320833 0.433102 0.045139 0.061574
9 0.611111 0.428009 0.047917 0.063426
9 0.786458 0.424306 0.047917 0.067130
13 0.125174 0.864120 0.249653 0.267130
13 0.836285 0.867824 0.327431 0.264352
8 0.327431 0.068981 0.028472 0.089815
8 0.417014 0.068750 0.025694 0.088426
8 0.584549 0.057639 0.025347 0.090278
8 0.774653 0.036111 0.028472 0.065741
8 0.952778 0.022917 0.031944 0.044907
8 0.400868 0.672222 0.017014 0.012963
8 0.405382 0.691898 0.012847 0.012500
8 0.389236 0.763426 0.016667 0.012963
8 0.395833 0.782407 0.015278 0.012963
9 0.036806 0.370139 0.047222 0.056944
9 0.017708 0.444676 0.034722 0.058796
9 0.162326 0.439120 0.042708 0.055093
9 0.773611 0.344907 0.045833 0.059259
9 0.944618 0.341667 0.052431 0.060185
9 0.966667 0.417130 0.051389 0.066667
9 0.791667 0.591667 0.043056 0.055556
9 0.638715 0.592130 0.040625 0.054630
9 0.383507 0.596991 0.037847 0.049537
9 0.242882 0.598611 0.040625 0.050000
9 0.105903 0.600926 0.040972 0.050000
