13 0.072222 0.556481 0.115972 0.116667
13 0.293750 0.545370 0.140278 0.133333
13 0.635938 0.525000 0.171875 0.171296
15 0.139410 0.589352 0.023264 0.043519
15 0.399132 0.582639 0.027431 0.048611
15 0.501736 0.580556 0.025694 0.051852
15 0.724826 0.585648 0.019792 0.050000
15 0.803819 0.582176 0.027778 0.061574
12 0.819965 0.601389 0.014931 0.056481
12 0.769444 0.600463 0.016667 0.054630
1 0.740278 0.171065 0.044444 0.171759
1 0.622049 0.198843 0.042014 0.161574
1 0.515972 0.229630 0.039583 0.153704
1 0.360764 0.266204 0.044444 0.135185
1 0.285417 0.284028 0.044444 0.125463
1 0.217188 0.301852 0.044097 0.119444
1 0.064236 0.340046 0.048611 0.105093
1 0.114236 0.328704 0.045833 0.110185
1 0.019271 0.354630 0.037847 0.104630
8 0.138889 0.016435 0.024306 0.030093
9 0.988194 0.085185 0.023611 0.062963
9 0.740451 0.221991 0.037847 0.050463
9 0.740104 0.150231 0.037847 0.050463
9 0.620486 0.181713 0.034722 0.047685
9 0.619618 0.249769 0.032986 0.047685
9 0.515972 0.274537 0.030556 0.043519
9 0.518403 0.209028 0.033333 0.044907
9 0.365799 0.248148 0.029514 0.039815
9 0.362153 0.305787 0.027778 0.041204
9 0.287847 0.320833 0.027778 0.038889
9 0.292014 0.267824 0.026389 0.034722
9 0.220660 0.337731 0.026042 0.037500
9 0.225868 0.284491 0.026042 0.037500
9 0.123264 0.311574 0.025694 0.032407
9 0.117708 0.360185 0.025694 0.032407
9 0.066493 0.371065 0.025347 0.031944
9 0.073090 0.325231 0.024653 0.031944
9 0.018576 0.381250 0.025347 0.031944
9 0.024826 0.335880 0.025347 0.031944
9 0.096528 0.431019 0.020833 0.027778
9 0.141840 0.422454 0.022569 0.031944
9 0.294618 0.399074 0.024653 0.031481
9 0.580035 0.356019 0.028819 0.038889
9 0.361632 0.387269 0.024653 0.033796
9 0.679688 0.338194 0.032292 0.041204
10 0.372396 0.599537 0.014236 0.020370
10 0.541319 0.597917 0.015278 0.022685
10 0.641319 0.119907 0.031250 0.039815
10 0.288715 0.194444 0.019097 0.025926
10 0.331597 0.233565 0.018750 0.022685
10 0.167708 0.281944 0.018750 0.023148
10 0.117361 0.249306 0.020139 0.023611
10 0.143750 0.059954 0.027778 0.033796
