6 0.195934 0.217272 0.159602 0.433968
6 0.261138 0.288495 0.136894 0.355536
6 0.333586 0.320358 0.115701 0.318916
14 0.581856 0.632065 0.120026 0.230681
14 0.361916 0.680363 0.196151 0.337082
7 0.492647 0.216696 0.070502 0.140427
7 0.524005 0.261534 0.041522 0.105536
7 0.537630 0.314735 0.034602 0.103518
0 0.565203 0.370531 0.045631 0.084198
0 0.578936 0.425750 0.043685 0.059689
16 0.755082 0.475779 0.032223 0.054787
16 0.798767 0.475202 0.032223 0.054787
16 0.850022 0.465110 0.032223 0.054787
10 0.761354 0.363754 0.030493 0.044694
10 0.806769 0.360582 0.030493 0.044694
10 0.853914 0.352220 0.030493 0.044694
10 0.782548 0.269175 0.030493 0.044694
10 0.843101 0.263985 0.030493 0.044694
10 0.908413 0.255911 0.030493 0.044694
1 0.912089 0.466263 0.030926 0.083045
1 0.955342 0.426182 0.030926 0.083045
1 0.984537 0.391292 0.030926 0.083045
13 0.964425 0.586505 0.071151 0.111303
