15 0.940046 0.101910 0.119907 0.062847
15 0.884722 0.152083 0.182407 0.061111
15 0.810880 0.194618 0.140278 0.051736
15 0.933102 0.392014 0.051389 0.034722
15 0.908333 0.394965 0.042593 0.032292
15 0.890046 0.399479 0.044907 0.030903
11 0.965972 0.389931 0.039352 0.062500
11 0.840046 0.403819 0.044907 0.065278
11 0.815741 0.409375 0.043519 0.063889
11 0.797222 0.413194 0.043519 0.064583
11 0.758796 0.425521 0.042593 0.061458
11 0.743981 0.429514 0.040741 0.057639
11 0.728935 0.433854 0.036574 0.059375
11 0.698380 0.435243 0.034722 0.058681
11 0.675463 0.440972 0.030556 0.055556
10 0.861574 0.239236 0.048148 0.041667
10 0.777083 0.277257 0.048611 0.035764
10 0.716435 0.306597 0.042130 0.030556
10 0.539352 0.375174 0.026852 0.024653
10 0.526852 0.381424 0.027778 0.024653
10 0.517824 0.385243 0.024537 0.024653
10 0.106944 0.351215 0.030556 0.028125
10 0.147222 0.472917 0.027778 0.020833
10 0.204861 0.475347 0.025463 0.021528
10 0.292130 0.478819 0.024074 0.022222
10 0.346759 0.481424 0.026852 0.019792
10 0.427778 0.483681 0.027778 0.018750
10 0.481019 0.485243 0.025000 0.019792
10 0.580787 0.489410 0.026389 0.019792
1 0.638657 0.481944 0.031944 0.050694
1 0.460185 0.475694 0.027778 0.050000
1 0.330787 0.472917 0.030093 0.052778
1 0.255093 0.470139 0.031481 0.053472
1 0.176620 0.466319 0.033796 0.059028
9 0.176389 0.459722 0.030556 0.021528
9 0.255556 0.463368 0.028704 0.022569
9 0.330787 0.465799 0.028241 0.022569
9 0.460185 0.471181 0.026852 0.021528
9 0.639583 0.478472 0.026389 0.020833
