13 0.406250 0.735764 0.384722 0.234028
13 0.889120 0.772569 0.221759 0.172917
1 0.274074 0.273785 0.119444 0.204514
1 0.461806 0.337847 0.118981 0.181250
1 0.616204 0.384028 0.112037 0.161806
1 0.822685 0.453819 0.104630 0.143056
1 0.916204 0.480035 0.094444 0.132292
9 0.256713 0.247049 0.079167 0.062847
9 0.266435 0.336458 0.085648 0.064583
9 0.439583 0.312153 0.070833 0.055556
9 0.453935 0.394618 0.072685 0.055208
9 0.594213 0.361806 0.065278 0.049306
9 0.608333 0.434549 0.062963 0.050347
9 0.801389 0.431076 0.061111 0.038542
9 0.817824 0.493056 0.062500 0.042361
9 0.894907 0.461458 0.049074 0.038194
9 0.909954 0.520660 0.055093 0.040625
9 0.974074 0.487674 0.049074 0.037847
9 0.982407 0.542708 0.035185 0.037500
9 0.128241 0.466146 0.076852 0.054514
9 0.318519 0.504340 0.065741 0.047569
9 0.472917 0.531771 0.059722 0.044792
9 0.772917 0.592535 0.048611 0.034375
9 0.857639 0.608507 0.044907 0.032986
10 0.156944 0.839063 0.039815 0.037847
15 0.081944 0.823611 0.060185 0.079167
11 0.847685 0.881076 0.023148 0.071875
11 0.886343 0.876736 0.029167 0.066667
10 0.754630 0.378125 0.039815 0.040278
8 0.619213 0.061632 0.080093 0.052431
8 0.694444 0.110069 0.083333 0.051389
