1 0.279687 0.341435 0.081597 0.314352
1 0.526736 0.301852 0.072917 0.324074
1 0.789757 0.251620 0.085069 0.336574
9 0.284028 0.304398 0.065972 0.085648
9 0.274306 0.442130 0.067361 0.091667
9 0.526215 0.268981 0.067708 0.091667
9 0.524826 0.408796 0.068403 0.093519
9 0.783681 0.220139 0.070139 0.093981
9 0.791667 0.367130 0.076389 0.096296
9 0.405208 0.650231 0.060417 0.080093
9 0.632118 0.624074 0.060764 0.083333
9 0.872743 0.594676 0.069792 0.095833
10 0.555556 0.162731 0.061111 0.073611
8 0.937847 0.638889 0.016667 0.022222
8 0.896701 0.748611 0.022569 0.025926
8 0.900347 0.779167 0.022222 0.023148
8 0.947569 0.817593 0.018750 0.025000
8 0.874132 0.818981 0.019097 0.024074
8 0.902604 0.809954 0.021181 0.024537
