10 0.253993 0.150231 0.026736 0.049537
13 0.382812 0.613889 0.110764 0.122222
13 0.623958 0.610185 0.103472 0.108333
15 0.108160 0.285880 0.096181 0.201389
13 0.067708 0.622454 0.134722 0.138426
15 0.537674 0.356944 0.076736 0.156481
15 0.692882 0.372685 0.090625 0.130556
15 0.935590 0.411111 0.101736 0.127778
15 0.271701 0.602546 0.017708 0.027315
15 0.293229 0.602546 0.018403 0.026389
12 0.823438 0.442361 0.053125 0.148611
12 0.723437 0.434491 0.048264 0.150463
12 0.607812 0.428935 0.052431 0.164352
8 0.551042 0.057870 0.030556 0.050926
8 0.605208 0.067593 0.030556 0.050926
8 0.657118 0.079398 0.030903 0.052315
8 0.452951 0.020833 0.035069 0.040741
8 0.387153 0.014120 0.035417 0.027315
7 0.164062 0.534491 0.022569 0.072685
7 0.051562 0.534722 0.023958 0.075926
2 0.483854 0.388657 0.042014 0.088426
2 0.646528 0.396296 0.045833 0.075000
2 0.412500 0.380556 0.039583 0.093519
2 0.338889 0.371296 0.039583 0.093519
2 0.189236 0.357407 0.037500 0.108333
3 0.301215 0.420370 0.034375 0.112963
3 0.378125 0.428935 0.029167 0.103241
3 0.450521 0.432870 0.032292 0.100000
0 0.348264 0.537731 0.024306 0.062500
0 0.300521 0.538194 0.021181 0.068981
10 0.832639 0.165278 0.032639 0.049074
10 0.781424 0.209722 0.026736 0.044444
10 0.737326 0.246528 0.023958 0.041204
10 0.650000 0.324769 0.018056 0.031944
10 0.380556 0.340741 0.023611 0.035185
10 0.341667 0.490278 0.013194 0.022222
10 0.297222 0.488657 0.013194 0.023611
10 0.057465 0.479167 0.017014 0.025000
10 0.276736 0.023380 0.035417 0.045833
10 0.264410 0.088889 0.029514 0.053704
10 0.597222 0.103935 0.031250 0.052315
9 0.052083 0.519907 0.019444 0.024074
9 0.051042 0.552315 0.019444 0.024074
9 0.164236 0.524074 0.018056 0.021296
9 0.163542 0.554630 0.018056 0.021296
9 0.301215 0.526620 0.015625 0.019907
9 0.301563 0.554398 0.015625 0.019907
9 0.347396 0.555787 0.015625 0.019907
9 0.346701 0.528009 0.015625 0.019907
9 0.188889 0.347222 0.026389 0.036111
9 0.301389 0.451620 0.027083 0.035648
9 0.334722 0.361343 0.025694 0.031944
9 0.379167 0.457639 0.025694 0.031944
9 0.406597 0.371991 0.025694 0.031944
9 0.449653 0.462731 0.025694 0.031944
9 0.474479 0.378704 0.022569 0.031481
9 0.579688 0.389352 0.022569 0.028704
9 0.634549 0.394444 0.022569 0.028704
10 0.375521 0.047917 0.022569 0.031944
