11 0.400628 0.315146 0.014881 0.078704
11 0.426587 0.328869 0.013889 0.070437
11 0.445767 0.339782 0.011243 0.067130
10 0.424934 0.255456 0.029101 0.026786
10 0.447090 0.276124 0.026455 0.020503
10 0.493552 0.276951 0.043320 0.025463
10 0.495536 0.310020 0.024140 0.016204
10 0.575397 0.160549 0.024471 0.031415
10 0.584325 0.189815 0.021164 0.029762
10 0.590443 0.214120 0.020172 0.026786
15 0.515212 0.139716 0.111111 0.073082
12 0.533069 0.202546 0.029762 0.063823
12 0.594246 0.296792 0.022487 0.041336
12 0.601521 0.316138 0.016534 0.033730
11 0.535714 0.348876 0.025132 0.089947
9 0.592427 0.409392 0.012235 0.014550
9 0.622354 0.410218 0.011905 0.014220
9 0.653770 0.411376 0.013228 0.016534
9 0.708003 0.412698 0.013228 0.015873
14 0.903935 0.484458 0.114749 0.135582
1 0.930060 0.331349 0.026124 0.050926
1 0.943783 0.325893 0.022487 0.049934
1 0.958995 0.320933 0.028439 0.057209
9 0.934028 0.320271 0.014881 0.012897
9 0.932209 0.342097 0.013228 0.014881
9 0.945271 0.336310 0.014881 0.013889
9 0.961475 0.330853 0.018188 0.015542
9 0.946429 0.315311 0.013889 0.012897
9 0.959491 0.308201 0.016865 0.016534
