13 0.463542 0.605787 0.188194 0.219907
6 0.063889 0.638194 0.043750 0.130093
6 0.119618 0.638889 0.044097 0.125926
6 0.817187 0.671991 0.040625 0.126389
6 0.766319 0.668750 0.036111 0.130093
1 0.323437 0.201389 0.044097 0.204630
1 0.470139 0.209259 0.042361 0.204630
1 0.614062 0.217361 0.043403 0.201389
1 0.026042 0.431944 0.034028 0.128704
1 0.117535 0.437269 0.031597 0.131019
1 0.688368 0.470139 0.028819 0.129167
1 0.773264 0.473148 0.031250 0.126852
1 0.860069 0.478241 0.032639 0.127778
3 0.032465 0.221759 0.064236 0.216667
3 0.848785 0.264583 0.057986 0.207870
3 0.981076 0.273148 0.037847 0.209259
2 0.902604 0.176389 0.078819 0.180556
2 0.072917 0.124769 0.075000 0.188426
9 0.019097 0.283333 0.037500 0.059259
9 0.053993 0.193750 0.039931 0.057870
9 0.088368 0.102778 0.042014 0.053704
9 0.323958 0.167361 0.041667 0.052315
9 0.322569 0.256713 0.040972 0.053241
9 0.469965 0.266898 0.039931 0.051389
9 0.614410 0.274537 0.039236 0.052778
9 0.615625 0.185417 0.038194 0.052315
9 0.840625 0.328241 0.038889 0.053704
9 0.898438 0.154167 0.040625 0.053704
9 0.868924 0.241435 0.037153 0.053241
9 0.958854 0.255556 0.033681 0.053704
9 0.981597 0.336343 0.036806 0.056019
9 0.065278 0.511574 0.023611 0.030556
9 0.150521 0.515278 0.022569 0.029630
9 0.614757 0.055324 0.028125 0.038426
9 0.307812 0.032870 0.030208 0.039815
12 0.320486 0.599769 0.018056 0.052315
12 0.595139 0.612500 0.015278 0.048148
15 0.360938 0.533102 0.029514 0.062500
15 0.517708 0.551852 0.029167 0.057407
15 0.589236 0.555093 0.029861 0.058333
15 0.660069 0.558796 0.029861 0.056481
10 0.044618 0.335880 0.023958 0.027315
10 0.131944 0.342130 0.022917 0.028704
10 0.680208 0.376157 0.020833 0.024537
10 0.761632 0.380556 0.021875 0.025926
10 0.845139 0.384722 0.025000 0.024074
10 0.986632 0.392824 0.024653 0.026389
10 0.359028 0.546528 0.016667 0.019907
11 0.654861 0.748843 0.014583 0.038426
11 0.639757 0.748380 0.014931 0.040278
11 0.584201 0.748380 0.015625 0.035648
11 0.569618 0.746991 0.014236 0.036574
11 0.515278 0.743519 0.014583 0.036111
11 0.500694 0.742593 0.014583 0.036111
11 0.343056 0.708796 0.010417 0.065741
11 0.360069 0.710185 0.009028 0.067593
11 0.306424 0.709491 0.010764 0.067130
11 0.233854 0.705787 0.010764 0.068981
11 0.218056 0.706019 0.010417 0.069444
