1 0.289410 0.430324 0.025347 0.080093
1 0.129861 0.385417 0.031250 0.093981
1 0.238715 0.416204 0.026736 0.083333
1 0.057118 0.367361 0.030903 0.103241
1 0.336285 0.441898 0.023958 0.073611
10 0.760590 0.307407 0.020486 0.040741
10 0.734722 0.285417 0.021528 0.040278
10 0.680903 0.237269 0.023611 0.043056
10 0.046875 0.289352 0.027083 0.045370
10 0.297743 0.150694 0.027431 0.051389
10 0.645486 0.203241 0.027778 0.045370
10 0.602257 0.160880 0.028819 0.051389
13 0.045660 0.565509 0.090625 0.108796
13 0.273611 0.584722 0.093056 0.087963
13 0.427778 0.598843 0.075000 0.074537
14 0.864062 0.687037 0.192708 0.298148
15 0.132118 0.586806 0.029514 0.047685
14 0.990104 0.650694 0.019792 0.131944
13 0.522743 0.605787 0.042014 0.061574
6 0.921354 0.580787 0.017708 0.062500
15 0.225347 0.593056 0.021528 0.043519
15 0.383160 0.602546 0.017014 0.038426
15 0.501910 0.610880 0.012847 0.032870
8 0.043750 0.014352 0.029861 0.027778
8 0.109028 0.043981 0.025000 0.044444
8 0.206597 0.100231 0.029861 0.031944
8 0.252431 0.126389 0.030556 0.026852
8 0.372743 0.198843 0.015625 0.030093
8 0.398785 0.220833 0.026736 0.027778
8 0.428646 0.236574 0.028819 0.025926
8 0.499306 0.282407 0.024306 0.021296
8 0.523611 0.296528 0.020833 0.020833
12 0.114236 0.625463 0.011806 0.033333
2 0.862847 0.405093 0.054861 0.076852
1 0.820660 0.400231 0.034375 0.089352
1 0.774653 0.358333 0.040972 0.099074
1 0.757292 0.470370 0.040278 0.104630
1 0.754687 0.557639 0.016319 0.038426
1 0.601389 0.516435 0.019444 0.053241
1 0.520139 0.495602 0.020833 0.059722
1 0.473090 0.480556 0.023958 0.062037
1 0.441493 0.472222 0.022569 0.068519
1 0.409028 0.463889 0.027778 0.070370
3 0.851215 0.448380 0.031597 0.069907
10 0.274306 0.367593 0.018750 0.034259
10 0.258333 0.359491 0.015972 0.026389
10 0.286285 0.345139 0.015625 0.028241
10 0.315799 0.331944 0.017014 0.029630
10 0.398611 0.295370 0.019444 0.033333
10 0.438368 0.279167 0.019097 0.034259
10 0.478993 0.264815 0.019097 0.034259
10 0.384201 0.403472 0.012847 0.023611
10 0.411979 0.394676 0.014236 0.024537
10 0.439063 0.383565 0.013542 0.025463
10 0.518750 0.357639 0.015972 0.030093
10 0.529514 0.421296 0.012500 0.024074
10 0.592361 0.335880 0.014583 0.023611
10 0.748785 0.530556 0.009375 0.016667
10 0.843750 0.505324 0.008333 0.015278
10 0.911806 0.450926 0.011806 0.027778
10 0.921181 0.456713 0.012500 0.022685
10 0.829861 0.371528 0.019444 0.033796
10 0.813715 0.355787 0.017708 0.036574
10 0.698264 0.488194 0.009722 0.017130
10 0.597569 0.448611 0.011806 0.022222
9 0.057639 0.347454 0.025694 0.032870
9 0.055208 0.392824 0.025694 0.032870
9 0.131597 0.368287 0.022917 0.030093
9 0.129861 0.411111 0.022917 0.031481
9 0.239583 0.401389 0.022917 0.025926
9 0.237326 0.439120 0.021181 0.023611
9 0.291146 0.416435 0.021181 0.023611
9 0.289757 0.450694 0.021181 0.023611
9 0.336458 0.428704 0.018056 0.022222
9 0.336111 0.461574 0.018056 0.022222
9 0.406597 0.449537 0.018056 0.022222
9 0.406250 0.479630 0.018056 0.022222
9 0.440278 0.459259 0.018056 0.020370
9 0.439583 0.488889 0.018056 0.020370
9 0.471181 0.468056 0.018056 0.020370
9 0.471528 0.496296 0.018056 0.020370
9 0.518576 0.482176 0.015625 0.018981
9 0.518576 0.508102 0.015625 0.018981
9 0.617535 0.533565 0.012153 0.016204
9 0.599479 0.529398 0.012153 0.016204
9 0.598785 0.506713 0.012153 0.016204
9 0.749132 0.582407 0.008681 0.012963
9 0.754167 0.566898 0.010417 0.013426
9 0.753472 0.551157 0.010417 0.013426
9 0.590278 0.388194 0.009722 0.021759
9 0.602604 0.391898 0.011458 0.018981
9 0.624306 0.378472 0.012500 0.018056
9 0.635764 0.383565 0.011111 0.018056
9 0.668056 0.426620 0.009722 0.017130
9 0.676736 0.430093 0.010417 0.018519
9 0.754514 0.497685 0.027778 0.032407
10 0.759549 0.479167 0.010764 0.015741
9 0.750694 0.448611 0.025000 0.033333
9 0.771007 0.386343 0.026042 0.030093
9 0.768924 0.342593 0.025347 0.029630
10 0.781597 0.326620 0.019444 0.037500
9 0.789583 0.363889 0.022917 0.028704
9 0.793229 0.404861 0.023958 0.028241
9 0.814410 0.420602 0.023958 0.028241
9 0.810243 0.381944 0.023264 0.025000
9 0.846875 0.392824 0.018750 0.022685
9 0.844792 0.423843 0.018750 0.022685
9 0.845313 0.458565 0.019792 0.026389
9 0.927951 0.466898 0.014931 0.018056
9 0.926910 0.490972 0.014931 0.018056
9 0.928299 0.515972 0.016319 0.017130
