1 0.584722 0.463657 0.028472 0.108796
1 0.222222 0.408796 0.031250 0.118519
1 0.803646 0.491435 0.032292 0.097685
1 0.391319 0.432407 0.028472 0.108333
1 0.309201 0.419444 0.028125 0.113889
1 0.751910 0.487269 0.030208 0.102315
1 0.515972 0.453935 0.028472 0.103241
1 0.648090 0.469444 0.030208 0.100000
1 0.854167 0.496065 0.031944 0.091204
9 0.583681 0.487037 0.020139 0.025926
10 0.563715 0.391204 0.020486 0.038889
10 0.530208 0.081944 0.026389 0.041667
10 0.733681 0.438194 0.020833 0.043056
13 0.289410 0.648148 0.132292 0.126852
13 0.576042 0.665046 0.106944 0.119907
13 0.797049 0.669676 0.105903 0.103241
15 0.412500 0.673380 0.021528 0.041204
15 0.469792 0.673380 0.021528 0.043056
9 0.223438 0.389120 0.024653 0.030093
9 0.221007 0.440278 0.024653 0.031481
9 0.310590 0.403472 0.021875 0.031019
9 0.308854 0.452083 0.022569 0.031019
9 0.391319 0.415046 0.020833 0.028241
9 0.391146 0.463426 0.021875 0.029630
9 0.517708 0.435185 0.020139 0.026852
9 0.518229 0.479167 0.019792 0.026852
9 0.582812 0.443981 0.019792 0.025926
9 0.645139 0.452546 0.020139 0.024537
9 0.647049 0.493750 0.019097 0.025463
9 0.745833 0.467361 0.018056 0.023611
9 0.749479 0.506713 0.019792 0.024537
9 0.798611 0.475000 0.019444 0.024074
9 0.802083 0.514120 0.018056 0.023611
9 0.847743 0.481713 0.017708 0.023611
9 0.852257 0.519676 0.018403 0.023611
10 0.151910 0.055324 0.030208 0.040278
10 0.156076 0.132176 0.028819 0.033796
10 0.307292 0.344907 0.022917 0.037037
10 0.316493 0.040278 0.021181 0.025000
10 0.556250 0.115972 0.015972 0.021759
10 0.818056 0.176620 0.022917 0.028241
15 0.220833 0.671296 0.025000 0.045370
15 0.630729 0.680324 0.024653 0.042130
12 0.251042 0.719907 0.011806 0.031481
12 0.396701 0.713194 0.010069 0.038426
10 0.736458 0.690741 0.012500 0.021296
16 0.110937 0.182870 0.078125 0.104630
