13 0.103646 0.938889 0.206597 0.122222
16 0.502257 0.615278 0.074653 0.137037
16 0.600868 0.590741 0.074653 0.140741
16 0.697743 0.548611 0.079514 0.156481
1 0.032986 0.561343 0.065278 0.228241
1 0.171701 0.609259 0.070486 0.215741
1 0.299653 0.648843 0.065972 0.207870
9 0.026736 0.621065 0.052778 0.065278
9 0.033681 0.521991 0.050694 0.062500
9 0.170833 0.569213 0.050694 0.062500
9 0.166319 0.665509 0.050694 0.062500
9 0.295486 0.702083 0.050694 0.062500
9 0.300694 0.613889 0.050000 0.059259
10 0.662847 0.178472 0.050694 0.063426
10 0.560937 0.233333 0.043403 0.054630
10 0.473611 0.280556 0.043750 0.049074
10 0.292014 0.391667 0.038889 0.042593
10 0.230035 0.428241 0.035764 0.041667
10 0.173611 0.459259 0.034722 0.039815
