13 0.535880 0.480208 0.179167 0.118056
13 0.338194 0.494792 0.118056 0.079861
13 0.220370 0.503646 0.076852 0.067014
13 0.152083 0.508681 0.064352 0.054167
3 0.883102 0.150347 0.082870 0.167361
3 0.731019 0.206250 0.069444 0.144444
3 0.544213 0.274826 0.056944 0.112847
3 0.469907 0.307118 0.051852 0.092708
3 0.410417 0.330729 0.047685 0.078125
2 0.424306 0.274826 0.093056 0.089931
2 0.493287 0.244097 0.101389 0.092361
2 0.572454 0.207986 0.115278 0.101389
2 0.778009 0.119097 0.131019 0.128472
2 0.942593 0.059201 0.114815 0.117708
1 0.347222 0.337847 0.049074 0.077778
1 0.307870 0.352778 0.044444 0.070833
1 0.277083 0.362326 0.037500 0.062847
1 0.623380 0.462153 0.026389 0.045139
5 0.580093 0.182118 0.110185 0.066319
5 0.404398 0.264757 0.060648 0.053125
9 0.948148 0.121875 0.062963 0.046528
9 0.895139 0.205035 0.057870 0.043403
9 0.816435 0.107465 0.051389 0.043403
9 0.781944 0.185938 0.050000 0.036458
9 0.740278 0.253993 0.050926 0.037847
9 0.609722 0.197396 0.037963 0.031597
9 0.575694 0.195833 0.026389 0.019444
9 0.611806 0.179688 0.027315 0.019792
9 0.584491 0.256944 0.036574 0.027083
9 0.554861 0.311111 0.036574 0.029861
9 0.523380 0.236111 0.030093 0.024306
9 0.504861 0.285938 0.031944 0.026042
9 0.479398 0.334722 0.033796 0.027083
9 0.440509 0.310764 0.030093 0.021528
9 0.418750 0.353646 0.031019 0.023264
9 0.403704 0.273090 0.020370 0.014236
9 0.421759 0.264931 0.019444 0.015278
9 0.359259 0.325347 0.024074 0.021528
9 0.352083 0.359896 0.024537 0.021181
9 0.319444 0.340799 0.022222 0.019097
9 0.312963 0.372569 0.022222 0.019444
9 0.284954 0.354167 0.020833 0.018056
9 0.278472 0.383507 0.020833 0.017708
9 0.239815 0.357639 0.018519 0.016667
9 0.232176 0.387500 0.018056 0.014583
9 0.215278 0.367188 0.017593 0.015625
9 0.219213 0.414236 0.018981 0.016667
9 0.154861 0.412674 0.013426 0.012153
9 0.144444 0.435590 0.016667 0.012847
9 0.144444 0.396701 0.015741 0.012847
9 0.093287 0.450868 0.012500 0.010764
9 0.629167 0.454514 0.013889 0.011111
9 0.627778 0.474653 0.012963 0.011111
9 0.636343 0.493229 0.014352 0.010764
11 0.982407 0.583507 0.021296 0.035764
11 0.965972 0.582812 0.009722 0.035069
11 0.954630 0.582639 0.008333 0.034722
11 0.455787 0.569792 0.005093 0.015278
11 0.441667 0.569444 0.004630 0.016667
10 0.351852 0.139236 0.029630 0.020833
10 0.245370 0.105382 0.031481 0.021875
10 0.124769 0.066493 0.035648 0.023958
10 0.044213 0.194097 0.027315 0.018750
10 0.135648 0.217708 0.025000 0.017361
10 0.221296 0.239410 0.023148 0.015625
10 0.142824 0.296875 0.018981 0.011806
10 0.073843 0.281424 0.019907 0.013542
10 0.349769 0.345139 0.014352 0.009722
10 0.090046 0.336458 0.016204 0.010417
10 0.031481 0.325000 0.015741 0.009722
10 0.052778 0.365104 0.012963 0.008681
10 0.616204 0.432986 0.013889 0.009722
8 0.250694 0.156771 0.027315 0.014931
8 0.227083 0.176215 0.024537 0.014931
8 0.190741 0.205556 0.018519 0.011111
8 0.175926 0.221354 0.020370 0.011458
8 0.136343 0.256250 0.017130 0.011806
8 0.125000 0.265625 0.017593 0.011111
8 0.113657 0.277431 0.018056 0.010417
12 0.290278 0.121701 0.019444 0.032986
12 0.246991 0.160764 0.020833 0.029861
12 0.202546 0.200174 0.017130 0.026736
16 0.168056 0.463194 0.015741 0.016667
6 0.637269 0.537326 0.026389 0.046875
9 0.595139 0.458333 0.013426 0.010417
