16 0.504795 0.461806 0.036045 0.063988
16 0.462798 0.458333 0.036045 0.063988
16 0.567791 0.463046 0.038360 0.070437
16 0.624008 0.470114 0.037698 0.074157
16 0.661706 0.462922 0.029762 0.046379
16 0.690146 0.461186 0.029762 0.046379
16 0.731812 0.463914 0.029762 0.046379
16 0.778108 0.464658 0.029762 0.046379
10 0.525794 0.386781 0.029762 0.039931
10 0.585648 0.390501 0.029762 0.039931
10 0.643188 0.394717 0.029762 0.039931
10 0.746362 0.399926 0.029762 0.039931
10 0.884921 0.405878 0.029762 0.039931
10 0.936177 0.410590 0.029762 0.039931
10 0.985119 0.411830 0.029762 0.039931
16 0.850198 0.468130 0.029762 0.046379
16 0.907407 0.469370 0.029762 0.046379
16 0.942791 0.473834 0.029762 0.046379
16 0.985119 0.482763 0.029762 0.046379
10 0.791832 0.323289 0.027447 0.029018
10 0.770668 0.328497 0.027447 0.029018
10 0.752149 0.333209 0.027447 0.029018
10 0.458499 0.298487 0.027447 0.029018
10 0.446263 0.301215 0.025463 0.024554
10 0.434689 0.308408 0.025463 0.024554
15 0.395833 0.407986 0.044974 0.051091
