13 0.317593 0.493576 0.311111 0.196875
13 0.693287 0.549132 0.204167 0.146875
13 0.919676 0.582812 0.159722 0.113542
1 0.285185 0.100521 0.098148 0.186458
1 0.424306 0.157812 0.089352 0.174653
1 0.537963 0.203472 0.089815 0.153472
1 0.699769 0.272396 0.080093 0.139236
1 0.777083 0.302257 0.073611 0.128819
1 0.843750 0.327257 0.067130 0.123958
1 0.940741 0.366493 0.065741 0.110069
9 0.270833 0.067708 0.061111 0.051389
9 0.271296 0.151736 0.062963 0.051389
9 0.410880 0.125174 0.057870 0.046875
9 0.411806 0.202951 0.059722 0.046875
9 0.525926 0.174826 0.054630 0.042014
9 0.528241 0.245486 0.054630 0.043056
9 0.690046 0.243576 0.045833 0.035764
9 0.690278 0.306597 0.047222 0.036111
9 0.765741 0.276042 0.042593 0.033333
9 0.765972 0.334896 0.043981 0.032986
9 0.831481 0.302951 0.040741 0.032292
9 0.833102 0.357639 0.039352 0.031250
9 0.933333 0.343403 0.036111 0.029167
9 0.934028 0.393229 0.037500 0.029514
9 0.980093 0.364236 0.034259 0.027083
9 0.981481 0.411285 0.033333 0.027431
9 0.121991 0.235590 0.057870 0.045486
9 0.261806 0.275174 0.055093 0.042708
9 0.378935 0.310590 0.048611 0.039931
9 0.631019 0.382465 0.040741 0.032986
9 0.701852 0.402431 0.037963 0.029861
9 0.984028 0.079514 0.031944 0.032639
10 0.360185 0.013368 0.044444 0.026042
10 0.230556 0.036979 0.043519 0.028819
10 0.662269 0.157292 0.036574 0.023611
