3 0.542188 0.560417 0.035764 0.126389
8 0.110417 0.491898 0.033333 0.025463
8 0.171528 0.509954 0.032639 0.024537
10 0.183681 0.356481 0.024306 0.049074
10 0.386285 0.435648 0.023264 0.042593
10 0.247222 0.381481 0.024306 0.046296
10 0.660590 0.199537 0.037153 0.070370
10 0.115451 0.332407 0.028819 0.053704
10 0.419618 0.307870 0.030208 0.057407
12 0.213715 0.746528 0.033681 0.082870
12 0.182812 0.751157 0.027431 0.090278
13 0.596354 0.773611 0.139931 0.154630
13 0.912674 0.768750 0.174653 0.187500
13 0.384028 0.776389 0.115278 0.125000
15 0.851215 0.403704 0.130903 0.229630
15 0.476215 0.495602 0.122569 0.179167
15 0.308160 0.531944 0.100347 0.157407
15 0.115451 0.590741 0.124653 0.147222
15 0.042882 0.615046 0.085069 0.120833
8 0.017535 0.564120 0.024653 0.025463
8 0.229340 0.528009 0.030903 0.026389
8 0.515451 0.054861 0.051042 0.050463
8 0.575000 0.021528 0.052778 0.042130
8 0.186285 0.601852 0.021875 0.022222
11 0.035069 0.779630 0.032639 0.150926
2 0.781424 0.440278 0.070486 0.127778
3 0.750521 0.515278 0.049653 0.147222
3 0.608507 0.544213 0.046181 0.139352
2 0.561979 0.497917 0.060764 0.121759
2 0.632465 0.480787 0.064236 0.119907
10 0.355035 0.274537 0.030208 0.057407
10 0.285417 0.242130 0.032639 0.057407
10 0.556597 0.377778 0.025694 0.050000
10 0.603646 0.399537 0.026736 0.045370
10 0.647049 0.421759 0.023264 0.042593
10 0.598090 0.435417 0.028819 0.050463
10 0.595660 0.154630 0.037153 0.070370
10 0.523611 0.113657 0.034028 0.068981
10 0.607986 0.069444 0.030556 0.046296
10 0.360938 0.534722 0.064931 0.102778
10 0.984201 0.377546 0.031597 0.160648
9 0.889931 0.397917 0.044444 0.057870
9 0.754861 0.554398 0.036806 0.045833
9 0.690799 0.517361 0.029514 0.040278
9 0.614062 0.580093 0.031597 0.041667
9 0.544965 0.592593 0.031597 0.041667
9 0.513715 0.492593 0.029514 0.037963
10 0.165799 0.677315 0.033681 0.057407
9 0.576562 0.475926 0.029514 0.037963
