13 0.251620 0.511632 0.128241 0.092708
13 0.394676 0.534028 0.083796 0.066667
13 0.472685 0.547917 0.065741 0.051389
15 0.890509 0.489410 0.062500 0.047569
12 0.916667 0.557465 0.012963 0.022569
12 0.434722 0.165625 0.025000 0.029167
12 0.449769 0.181424 0.023611 0.028819
12 0.490278 0.231771 0.019444 0.025347
12 0.501852 0.250000 0.012963 0.021528
8 0.420833 0.146528 0.021296 0.014583
8 0.444907 0.176563 0.021296 0.014931
8 0.467130 0.202431 0.019444 0.013889
8 0.499306 0.241146 0.017130 0.012153
8 0.551389 0.303299 0.014815 0.010764
8 0.562963 0.314583 0.014815 0.009028
8 0.571528 0.328646 0.013426 0.009375
8 0.594444 0.356250 0.012963 0.008333
3 0.041667 0.257986 0.068519 0.107639
3 0.136111 0.301910 0.057407 0.092708
3 0.411111 0.426736 0.034259 0.054167
3 0.438194 0.442014 0.029167 0.047917
3 0.461343 0.450347 0.024537 0.045139
3 0.493287 0.462674 0.025463 0.039931
2 0.115972 0.215104 0.111574 0.104514
2 0.193056 0.262500 0.104630 0.089583
2 0.435648 0.395313 0.058333 0.048958
1 0.268287 0.339236 0.048611 0.083333
1 0.317361 0.363368 0.043056 0.075347
1 0.358333 0.383681 0.038889 0.070833
7 0.090972 0.465625 0.033796 0.049306
0 0.208796 0.485590 0.036111 0.034375
5 0.049306 0.117708 0.097685 0.105556
5 0.254861 0.254514 0.068981 0.063194
9 0.232176 0.251736 0.021759 0.015972
9 0.252546 0.266146 0.020833 0.015625
9 0.040972 0.134722 0.034722 0.022917
9 0.081713 0.197917 0.040278 0.032639
9 0.029630 0.282813 0.042593 0.034375
9 0.050926 0.239931 0.038889 0.033333
9 0.126620 0.323785 0.038426 0.030208
9 0.164120 0.246875 0.034722 0.027083
9 0.144676 0.282118 0.033796 0.030208
9 0.217824 0.352257 0.027315 0.019792
9 0.260648 0.321875 0.025926 0.022222
9 0.259028 0.360590 0.028241 0.021875
9 0.309259 0.382812 0.025926 0.021181
9 0.310417 0.347917 0.025463 0.020833
9 0.350926 0.369097 0.021296 0.018750
9 0.350463 0.401389 0.022222 0.018750
9 0.405093 0.438542 0.019444 0.016667
9 0.416667 0.388194 0.019444 0.015972
9 0.408102 0.412847 0.018056 0.015972
9 0.442824 0.402257 0.018981 0.015625
9 0.434954 0.425521 0.015278 0.015625
9 0.432639 0.450347 0.018981 0.015972
9 0.458102 0.436111 0.014352 0.014583
9 0.456713 0.459201 0.017130 0.014931
9 0.491204 0.453472 0.012963 0.013194
9 0.489583 0.474132 0.016204 0.013542
9 0.496991 0.433333 0.015278 0.012500
9 0.512037 0.442361 0.014815 0.011806
9 0.505787 0.480208 0.014352 0.011806
9 0.544907 0.496181 0.012963 0.010417
9 0.548380 0.461979 0.012500 0.010069
9 0.582407 0.512153 0.011111 0.009028
9 0.082176 0.454861 0.014352 0.011806
9 0.081713 0.474826 0.015278 0.012153
9 0.197917 0.495139 0.012500 0.009722
10 0.536343 0.090104 0.035648 0.025347
10 0.413889 0.104861 0.035185 0.023611
10 0.300000 0.119792 0.032407 0.021528
10 0.527083 0.252257 0.022685 0.017708
10 0.523380 0.338368 0.018056 0.012153
10 0.589352 0.333854 0.017593 0.012153
10 0.684259 0.382465 0.013889 0.010069
10 0.628009 0.384896 0.015278 0.010069
10 0.574074 0.387326 0.013889 0.010069
10 0.702083 0.416840 0.012500 0.009375
10 0.654167 0.418750 0.012963 0.009028
10 0.608102 0.420833 0.012500 0.009028
10 0.714352 0.442188 0.012037 0.007292
16 0.492593 0.501910 0.013889 0.017708
10 0.099074 0.434722 0.015741 0.009722
10 0.063889 0.425694 0.016667 0.009722
10 0.206019 0.459896 0.012963 0.007986
10 0.533565 0.323437 0.012500 0.008681
10 0.569676 0.362674 0.010648 0.007292
9 0.012963 0.440799 0.016667 0.012153
