1 0.171875 0.410648 0.061806 0.187963
1 0.021875 0.367361 0.043056 0.221759
1 0.612326 0.535648 0.055208 0.140741
1 0.520833 0.509028 0.047917 0.148611
1 0.316319 0.453704 0.051389 0.173148
1 0.987500 0.654861 0.025000 0.113426
1 0.691667 0.557870 0.060417 0.131481
1 0.869444 0.609954 0.056944 0.117130
9 0.177431 0.387037 0.043750 0.057407
9 0.169097 0.467593 0.047222 0.062963
13 0.887674 0.873611 0.140625 0.165741
13 0.621528 0.869444 0.193056 0.208333
13 0.120313 0.855324 0.239931 0.268981
15 0.287153 0.923380 0.036111 0.082870
15 0.732292 0.922685 0.020833 0.046296
15 0.519271 0.919444 0.032292 0.078704
1 0.812674 0.593981 0.059375 0.122222
1 0.923611 0.625926 0.056944 0.111111
5 0.456250 0.133796 0.176389 0.190741
9 0.011632 0.424306 0.022569 0.057870
9 0.019097 0.338657 0.037500 0.068056
9 0.317188 0.430556 0.039236 0.049074
9 0.316493 0.504630 0.042014 0.055556
9 0.513889 0.491204 0.031944 0.043519
9 0.520833 0.554630 0.033333 0.045370
9 0.603472 0.517361 0.032639 0.042130
9 0.611632 0.579167 0.033681 0.043519
9 0.680903 0.541667 0.029167 0.040741
9 0.691493 0.599074 0.029514 0.040741
9 0.800000 0.575694 0.028472 0.038426
9 0.813194 0.630787 0.028472 0.038426
9 0.856424 0.593287 0.026042 0.036574
9 0.869965 0.644213 0.026042 0.036574
9 0.909549 0.611111 0.026042 0.035185
9 0.922396 0.657407 0.026042 0.035185
9 0.988194 0.634259 0.022917 0.031481
9 0.404167 0.106019 0.037500 0.048148
9 0.509375 0.164352 0.033333 0.046296
9 0.572049 0.053935 0.035764 0.053241
10 0.338542 0.946759 0.020833 0.029630
10 0.894271 0.346759 0.020486 0.026852
10 0.948264 0.416898 0.027083 0.033796
10 0.801389 0.524769 0.020833 0.028241
10 0.753993 0.558565 0.019792 0.023611
10 0.975347 0.601389 0.024306 0.035185
10 0.941667 0.574306 0.018750 0.026389
