1 0.321733 0.134375 0.075284 0.189583
1 0.458097 0.089583 0.078125 0.175000
1 0.202415 0.203125 0.078125 0.185417
15 0.424716 0.844792 0.039773 0.072917
15 0.590909 0.809375 0.042614 0.097917
15 0.321023 0.845833 0.051136 0.087500
15 0.377131 0.860417 0.024148 0.050000
9 0.312500 0.394792 0.048295 0.093750
9 0.428267 0.352083 0.046875 0.095833
9 0.558949 0.297917 0.052557 0.104167
9 0.458807 0.121875 0.051136 0.072917
9 0.456676 0.051042 0.052557 0.072917
9 0.325284 0.119792 0.051136 0.068750
9 0.320312 0.188542 0.052557 0.068750
9 0.213068 0.183333 0.059659 0.066667
9 0.199574 0.254167 0.046875 0.079167
9 0.052557 0.275000 0.039773 0.058333
9 0.029830 0.336458 0.039773 0.056250
9 0.057528 0.489583 0.038352 0.054167
13 0.343040 0.563542 0.259943 0.285417
