15 0.937996 0.455233 0.039352 0.050843
13 0.666171 0.454985 0.185516 0.092014
15 0.758763 0.462674 0.031415 0.046379
13 0.342593 0.470734 0.148148 0.083829
10 0.267692 0.491071 0.014881 0.016865
15 0.301422 0.489583 0.019511 0.016369
10 0.251323 0.036086 0.031746 0.025546
10 0.336971 0.062624 0.031746 0.025546
10 0.418320 0.085938 0.031746 0.025546
10 0.303241 0.193824 0.031746 0.025546
10 0.366733 0.209449 0.031746 0.025546
10 0.425926 0.223834 0.031746 0.025546
10 0.586971 0.145709 0.031746 0.025546
10 0.644511 0.164062 0.031746 0.025546
10 0.699735 0.182416 0.031746 0.025546
10 0.965278 0.081721 0.031746 0.025546
10 0.806217 0.012897 0.031746 0.025298
1 0.963459 0.238715 0.049934 0.115823
9 0.963624 0.214162 0.043651 0.029514
9 0.963955 0.265501 0.043651 0.029514
9 0.750000 0.241939 0.043651 0.029514
9 0.750661 0.286830 0.043651 0.029514
9 0.644511 0.254340 0.043651 0.029514
9 0.642857 0.294519 0.043651 0.029514
1 0.747851 0.263021 0.049934 0.115823
1 0.638724 0.277654 0.049934 0.115823
1 0.544808 0.287574 0.049934 0.115823
9 0.547288 0.267485 0.043651 0.029514
9 0.544974 0.310144 0.043651 0.029514
9 0.393188 0.326637 0.037037 0.027282
9 0.392196 0.286954 0.037037 0.027282
9 0.314815 0.295387 0.037037 0.027282
9 0.309854 0.334077 0.037037 0.027282
9 0.237765 0.343006 0.037037 0.027282
9 0.238095 0.304563 0.037037 0.027282
1 0.308532 0.315848 0.050265 0.093502
1 0.386905 0.304191 0.050265 0.093502
1 0.232804 0.323289 0.049603 0.086558
1 0.044974 0.340774 0.033069 0.076389
9 0.046627 0.326389 0.025132 0.020833
9 0.047288 0.359375 0.025132 0.020833
10 0.018849 0.280258 0.019180 0.018353
8 0.329200 0.247768 0.009590 0.008433
8 0.334491 0.246528 0.009590 0.008433
