14 0.791047 0.558697 0.305804 0.505622
6 0.514509 0.480489 0.030506 0.111772
6 0.500744 0.484623 0.025794 0.105489
6 0.486855 0.487434 0.027778 0.106481
2 0.473958 0.285384 0.040179 0.098545
3 0.468874 0.361111 0.024554 0.083995
3 0.451141 0.375661 0.021825 0.087302
3 0.434772 0.381779 0.023810 0.086971
1 0.392113 0.386243 0.023810 0.086640
1 0.405754 0.380952 0.019841 0.093915
1 0.421131 0.370040 0.022321 0.084656
3 0.622644 0.262401 0.029018 0.106812
3 0.661086 0.234458 0.026538 0.115079
3 0.707589 0.206845 0.034226 0.122024
2 0.717138 0.092262 0.066716 0.130952
2 0.626736 0.177579 0.055060 0.084656
13 0.958457 0.537202 0.075645 0.102183
1 0.959077 0.364749 0.031250 0.099206
1 0.923735 0.376157 0.033978 0.094246
1 0.092634 0.533565 0.021577 0.075728
1 0.008185 0.533234 0.015873 0.066468
10 0.526042 0.220899 0.019345 0.057540
10 0.505952 0.238261 0.018849 0.047950
15 0.141245 0.418981 0.032490 0.040344
