1 0.986979 0.523380 0.025347 0.117130
1 0.901910 0.525000 0.039236 0.109259
10 0.817014 0.195833 0.028472 0.056481
10 0.818229 0.254630 0.025347 0.046296
10 0.183333 0.397222 0.020833 0.036111
10 0.819965 0.306481 0.025347 0.040741
10 0.514931 0.256944 0.026389 0.053704
10 0.044097 0.419213 0.020139 0.032870
10 0.094618 0.338426 0.024653 0.040741
10 0.275868 0.302778 0.026042 0.047222
10 0.140799 0.370139 0.021875 0.039352
10 0.296181 0.474306 0.017361 0.028241
12 0.744965 0.137269 0.026042 0.075463
12 0.474479 0.202083 0.019097 0.054167
13 0.271875 0.708333 0.088194 0.098148
13 0.118403 0.700000 0.088194 0.088889
14 0.608160 0.816898 0.060069 0.150463
13 0.967187 0.742824 0.065625 0.136574
13 0.705035 0.727546 0.082986 0.120833
13 0.457292 0.717361 0.095833 0.110648
6 0.751736 0.755324 0.025694 0.084722
6 0.781250 0.757176 0.025694 0.084722
15 0.659201 0.519676 0.061458 0.130093
15 0.475694 0.532176 0.064583 0.108796
15 0.857986 0.696759 0.021528 0.046296
15 0.774826 0.694676 0.019097 0.040278
15 0.249479 0.545370 0.078819 0.102778
15 0.125868 0.551620 0.074653 0.095833
8 0.262500 0.258565 0.032639 0.033796
8 0.303646 0.245370 0.029514 0.037037
8 0.347049 0.237500 0.029514 0.037037
8 0.428472 0.223843 0.023611 0.032870
8 0.530035 0.200694 0.021875 0.035648
8 0.477604 0.212037 0.023264 0.033333
8 0.627951 0.179398 0.019792 0.036574
8 0.689063 0.166898 0.019792 0.036574
8 0.753819 0.151620 0.019444 0.042130
12 0.702083 0.150231 0.022222 0.066204
12 0.642535 0.165509 0.023958 0.067130
12 0.517188 0.194444 0.023264 0.062037
12 0.444097 0.213194 0.020139 0.054167
12 0.884722 0.733565 0.014583 0.042130
12 0.007118 0.681019 0.013542 0.084259
11 0.809722 0.788657 0.009722 0.046759
11 0.820139 0.791204 0.009028 0.048148
11 0.860590 0.792361 0.008681 0.049537
11 0.870833 0.792824 0.008333 0.051389
11 0.950174 0.816667 0.009375 0.023148
11 0.961111 0.816435 0.009028 0.023611
11 0.971181 0.816435 0.010417 0.024537
2 0.769618 0.505324 0.043403 0.097685
2 0.697743 0.511806 0.048264 0.102315
3 0.743576 0.551620 0.030903 0.105093
2 0.626910 0.513889 0.044097 0.091667
2 0.521354 0.519444 0.042708 0.084259
2 0.410069 0.527778 0.040278 0.075926
2 0.319792 0.529861 0.036806 0.074537
2 0.273264 0.533102 0.040278 0.069907
3 0.298611 0.568056 0.026389 0.087963
3 0.385069 0.563889 0.026389 0.087963
1 0.794792 0.646528 0.024306 0.075463
1 0.748264 0.646991 0.022917 0.072685
1 0.703646 0.646759 0.022569 0.074074
1 0.629514 0.646296 0.017361 0.062963
1 0.591493 0.644907 0.019097 0.062963
1 0.550521 0.644444 0.014236 0.061111
10 0.887153 0.770602 0.013194 0.016204
10 0.932639 0.773148 0.012500 0.016667
10 0.857465 0.697222 0.011458 0.020370
10 0.772049 0.695370 0.011458 0.020370
10 0.794271 0.599769 0.013542 0.021759
10 0.750521 0.599769 0.013542 0.021759
10 0.707118 0.600231 0.013542 0.021759
10 0.554688 0.542361 0.039931 0.078241
10 0.167708 0.562269 0.039583 0.066204
10 0.142535 0.470139 0.018403 0.030093
10 0.175521 0.487037 0.015625 0.029630
10 0.268229 0.454398 0.017708 0.029167
10 0.295139 0.500000 0.018056 0.032407
10 0.421701 0.437500 0.019097 0.032407
10 0.443403 0.459954 0.017361 0.031019
10 0.316319 0.339583 0.024306 0.043056
10 0.351215 0.371991 0.022569 0.040278
9 0.855729 0.378472 0.021875 0.039352
9 0.787500 0.390741 0.021528 0.037963
9 0.988368 0.504861 0.023264 0.038426
9 0.989757 0.552315 0.020486 0.038889
9 0.904340 0.554630 0.026736 0.035185
9 0.901215 0.507870 0.026736 0.035185
9 0.744965 0.581944 0.026736 0.032407
9 0.760417 0.537037 0.021528 0.029630
9 0.775521 0.492130 0.023958 0.029630
9 0.701910 0.497454 0.022569 0.030093
9 0.634549 0.501620 0.022569 0.030093
9 0.525521 0.507176 0.020486 0.026389
9 0.417882 0.514120 0.020486 0.026389
9 0.388194 0.587500 0.018750 0.025000
9 0.327778 0.520833 0.020139 0.025926
9 0.351389 0.557639 0.014583 0.022685
9 0.299132 0.591204 0.020486 0.025000
9 0.793924 0.636111 0.017014 0.021296
9 0.748785 0.635648 0.017014 0.021296
9 0.704340 0.636574 0.017014 0.021296
9 0.630382 0.634491 0.014236 0.018056
9 0.628993 0.659954 0.014236 0.018056
9 0.591146 0.633565 0.014236 0.018056
9 0.590451 0.659954 0.014236 0.018056
9 0.551215 0.659028 0.011458 0.018981
9 0.551910 0.633102 0.010069 0.018056
