10 0.191501 0.653691 0.014057 0.024798
10 0.322556 0.619521 0.019680 0.029700
10 0.360619 0.610150 0.018815 0.031719
10 0.684472 0.533593 0.018599 0.038927
10 0.750757 0.518310 0.022708 0.042964
10 0.821259 0.505767 0.021843 0.042099
10 0.529628 0.750433 0.011678 0.025663
10 0.884407 0.821367 0.016652 0.018166
10 0.704477 0.828431 0.015787 0.018454
12 0.513949 0.791955 0.011894 0.037197
15 0.539901 0.751730 0.034386 0.049020
1 0.160792 0.705450 0.027033 0.064302
1 0.192474 0.700836 0.024654 0.080450
9 0.168144 0.691321 0.018382 0.022780
9 0.163387 0.720877 0.020978 0.022491
9 0.110943 0.460928 0.035900 0.050461
9 0.077638 0.358708 0.062284 0.052480
9 0.095048 0.293685 0.048659 0.052191
9 0.165874 0.315600 0.049308 0.054498
9 0.180147 0.245963 0.045415 0.053633
9 0.318880 0.264129 0.051254 0.065167
9 0.355428 0.178057 0.050389 0.060842
9 0.386246 0.084198 0.049308 0.064591
9 0.451773 0.199106 0.059689 0.076413
9 0.485619 0.097751 0.053417 0.072088
9 0.615917 0.107266 0.060121 0.084775
9 0.706099 0.211794 0.048010 0.056228
9 0.558391 0.273068 0.041955 0.043253
3 0.677984 0.608276 0.037197 0.108708
3 0.749892 0.595300 0.036116 0.106401
3 0.827963 0.579008 0.042171 0.116494
12 0.840830 0.777826 0.013841 0.025663
11 0.871864 0.871107 0.014922 0.043253
11 0.859970 0.871251 0.014057 0.044118
11 0.847210 0.874712 0.012760 0.038927
11 0.739295 0.878749 0.010164 0.032584
11 0.751838 0.880046 0.012327 0.032295
1 0.165657 0.268166 0.093426 0.186851
1 0.075260 0.311563 0.091263 0.173875
9 0.028763 0.332468 0.049308 0.059977
3 0.311851 0.199106 0.080450 0.228662
2 0.349805 0.105104 0.104455 0.209631
3 0.441933 0.122116 0.084126 0.243656
6 0.828395 0.771770 0.042604 0.154268
6 0.778222 0.774942 0.038711 0.141003
6 0.730861 0.776096 0.037413 0.139850
6 0.371972 0.809256 0.034602 0.113899
6 0.343317 0.812428 0.030926 0.117935
6 0.318015 0.812140 0.035683 0.111015
13 0.088343 0.656430 0.176254 0.234429
13 0.532980 0.527393 0.299957 0.324106
15 0.624676 0.741638 0.020545 0.047290
