13 0.479398 0.610243 0.231019 0.135764
13 0.151157 0.621007 0.176389 0.113542
1 0.962037 0.263194 0.075926 0.168056
1 0.797917 0.293924 0.080093 0.151736
1 0.559491 0.334722 0.077315 0.136111
1 0.448380 0.354861 0.073611 0.127083
1 0.346065 0.372396 0.071759 0.119097
1 0.194213 0.398090 0.068981 0.108681
1 0.120370 0.411285 0.064815 0.104514
1 0.052315 0.422396 0.060185 0.097569
9 0.972685 0.237847 0.054630 0.043056
9 0.967593 0.312153 0.059259 0.043750
9 0.967593 0.405035 0.050000 0.038542
9 0.803704 0.337500 0.055556 0.041667
9 0.812037 0.268403 0.050926 0.040972
9 0.573380 0.312326 0.044907 0.036458
9 0.565278 0.373611 0.043519 0.036806
9 0.460417 0.333681 0.042130 0.033333
9 0.453472 0.390451 0.041204 0.033681
9 0.362037 0.352431 0.037963 0.032639
9 0.352546 0.406076 0.037500 0.031597
9 0.210417 0.379514 0.035648 0.028472
9 0.201620 0.429167 0.036574 0.029167
9 0.135648 0.392535 0.033333 0.028125
9 0.127778 0.440799 0.034259 0.028125
9 0.066435 0.404861 0.032870 0.026389
9 0.058565 0.450347 0.031944 0.027083
9 0.012963 0.452604 0.025000 0.022569
9 0.187269 0.491667 0.033796 0.025694
9 0.258102 0.483333 0.033796 0.026389
9 0.493287 0.456771 0.041204 0.029514
9 0.598843 0.445312 0.041204 0.031597
10 0.218519 0.290278 0.030556 0.021528
10 0.678241 0.279340 0.032407 0.021181
10 0.591898 0.252604 0.034722 0.023958
10 0.497454 0.221528 0.039352 0.026389
10 0.220833 0.134549 0.041667 0.028125
10 0.088194 0.092535 0.044907 0.032292
8 0.241204 0.043056 0.037037 0.027083
8 0.310417 0.015278 0.037500 0.029861
15 0.787500 0.642535 0.057407 0.061458
15 0.239120 0.647569 0.043056 0.047222
8 0.455787 0.480729 0.017130 0.009375
8 0.488426 0.479861 0.016667 0.009722
