15 0.430093 0.102951 0.250926 0.142708
15 0.256481 0.194965 0.240741 0.132986
11 0.472454 0.358681 0.068056 0.237500
11 0.410417 0.378472 0.062500 0.219444
11 0.352546 0.393229 0.059722 0.209375
11 0.235880 0.435764 0.048611 0.189583
11 0.187269 0.448958 0.046759 0.185417
11 0.143519 0.460590 0.045370 0.175347
11 0.059722 0.488194 0.043519 0.168750
11 0.023148 0.496354 0.039815 0.157292
10 0.458333 0.206597 0.086111 0.069444
10 0.590509 0.179167 0.065278 0.050000
10 0.240741 0.302778 0.074074 0.061111
10 0.078472 0.368750 0.059722 0.050000
12 0.914583 0.132986 0.086574 0.131250
14 0.382639 0.790104 0.273611 0.189931
14 0.543056 0.757986 0.103704 0.109722
6 0.760417 0.650347 0.051389 0.082639
6 0.710880 0.657639 0.052315 0.077778
6 0.665278 0.659549 0.045370 0.076736
2 0.736111 0.485243 0.066667 0.078819
2 0.660185 0.499306 0.063889 0.074306
3 0.719213 0.532639 0.043056 0.075000
3 0.644907 0.546701 0.044444 0.069097
10 0.284491 0.545833 0.020833 0.022917
10 0.327778 0.536111 0.021296 0.023611
10 0.412269 0.518403 0.024537 0.024306
10 0.461343 0.507639 0.022685 0.025000
10 0.516435 0.496875 0.026389 0.023611
10 0.690278 0.457465 0.026852 0.030208
10 0.652083 0.423090 0.017130 0.014236
10 0.899769 0.466319 0.020833 0.020139
9 0.753935 0.473264 0.032870 0.023611
9 0.340741 0.681076 0.028704 0.019792
9 0.496528 0.650174 0.018981 0.012847
9 0.605324 0.638194 0.019907 0.013194
15 0.936574 0.697049 0.034259 0.030208
8 0.914120 0.369097 0.034722 0.020833
8 0.678472 0.422049 0.031019 0.014931
10 0.505787 0.458333 0.016204 0.013194
