14 0.786979 0.783565 0.119792 0.216204
13 0.956250 0.745833 0.056944 0.053704
6 0.521528 0.687269 0.023611 0.081944
6 0.553299 0.688194 0.022569 0.081019
6 0.164931 0.680324 0.025694 0.078241
6 0.134375 0.679861 0.027778 0.079167
15 0.314931 0.723380 0.015278 0.029167
15 0.110243 0.719676 0.017708 0.021759
15 0.046354 0.269907 0.092014 0.095370
15 0.328646 0.267593 0.063542 0.112037
15 0.454688 0.269444 0.073264 0.096296
15 0.601042 0.268056 0.065972 0.105556
15 0.626563 0.731019 0.011458 0.031481
12 0.905035 0.752315 0.011458 0.031481
12 0.926389 0.754167 0.009028 0.034259
12 0.165278 0.421528 0.011111 0.015278
12 0.185590 0.420602 0.011458 0.015278
1 0.781424 0.646759 0.013542 0.051852
1 0.817708 0.649306 0.012500 0.051389
1 0.583333 0.638657 0.010417 0.046759
1 0.415104 0.637037 0.012153 0.050000
1 0.380556 0.635880 0.013194 0.051389
1 0.319097 0.634491 0.013194 0.049537
1 0.283160 0.635648 0.014931 0.051852
1 0.248611 0.634028 0.013889 0.048611
1 0.117882 0.630324 0.017014 0.051389
1 0.021701 0.628472 0.019792 0.050463
1 0.023958 0.560185 0.030556 0.074074
1 0.918750 0.651620 0.016667 0.054167
1 0.954861 0.653472 0.016667 0.052315
1 0.991840 0.652315 0.016319 0.050926
2 0.173437 0.537037 0.031597 0.059259
2 0.122049 0.535648 0.032986 0.062037
3 0.544444 0.591898 0.015972 0.063426
3 0.597569 0.592130 0.018056 0.062037
3 0.491493 0.589815 0.016319 0.059259
3 0.148958 0.582407 0.022222 0.062963
3 0.097222 0.585880 0.024306 0.058796
11 0.652431 0.545370 0.025000 0.190741
11 0.611285 0.541667 0.026736 0.187037
11 0.570312 0.537037 0.022569 0.175926
11 0.480903 0.535880 0.024306 0.166204
11 0.440278 0.545602 0.025694 0.187500
11 0.397917 0.545602 0.028472 0.187500
11 0.268056 0.538426 0.031250 0.179630
11 0.307465 0.537731 0.022569 0.178241
11 0.230556 0.536806 0.029167 0.180093
8 0.822917 0.455787 0.011806 0.016204
8 0.789757 0.454630 0.010764 0.013889
8 0.757118 0.455324 0.012153 0.017130
8 0.191667 0.446528 0.011806 0.019907
8 0.040799 0.443287 0.014236 0.014352
8 0.341493 0.447685 0.008681 0.011111
10 0.287153 0.406944 0.035417 0.044444
10 0.447396 0.412037 0.035764 0.050000
10 0.606944 0.410417 0.038194 0.045833
10 0.888889 0.542593 0.011111 0.012963
10 0.906076 0.532870 0.011458 0.014815
10 0.925347 0.521528 0.013889 0.015278
10 0.945139 0.585880 0.010417 0.012500
10 0.961806 0.579861 0.010417 0.012500
10 0.978125 0.571528 0.011111 0.013426
10 0.793750 0.515741 0.015278 0.017593
10 0.772396 0.516435 0.012153 0.014352
10 0.743056 0.516435 0.015972 0.018981
10 0.629687 0.514120 0.012153 0.016204
10 0.553472 0.511574 0.013194 0.019444
10 0.505556 0.511574 0.013194 0.014815
10 0.101389 0.509028 0.026389 0.034722
10 0.048785 0.504167 0.014236 0.017593
10 0.135417 0.504861 0.015972 0.016204
10 0.004167 0.505093 0.007639 0.017593
10 0.234722 0.728009 0.008333 0.009722
10 0.336458 0.730324 0.008333 0.009722
10 0.915278 0.734491 0.008333 0.011574
10 0.868576 0.733102 0.007986 0.011574
10 0.827431 0.584491 0.008333 0.011574
9 0.991493 0.643287 0.013542 0.015278
9 0.993229 0.665972 0.013542 0.015278
9 0.955382 0.665509 0.013542 0.015278
9 0.953299 0.641898 0.013542 0.015278
9 0.916493 0.640509 0.012847 0.015278
9 0.918576 0.663194 0.012847 0.015278
9 0.817882 0.659954 0.011458 0.014352
9 0.816667 0.637731 0.010417 0.014352
9 0.780556 0.636806 0.010417 0.014352
9 0.781597 0.659028 0.010417 0.014352
9 0.583160 0.629861 0.010069 0.012500
9 0.416493 0.626620 0.010069 0.013426
9 0.415451 0.648380 0.010069 0.013426
9 0.380729 0.647917 0.010069 0.013426
9 0.381771 0.626157 0.010069 0.013426
9 0.319965 0.624769 0.010069 0.013426
9 0.318576 0.647454 0.010069 0.013426
9 0.283160 0.646991 0.010069 0.013426
9 0.284896 0.625694 0.010069 0.013426
9 0.249826 0.623380 0.010069 0.013426
9 0.248611 0.646296 0.010417 0.013889
9 0.117708 0.643056 0.010417 0.013889
9 0.119792 0.620833 0.010417 0.013889
9 0.155556 0.621759 0.010417 0.013889
9 0.151910 0.595139 0.015625 0.018056
9 0.101736 0.594213 0.013889 0.017130
9 0.350347 0.499074 0.011111 0.012963
9 0.358681 0.511574 0.010417 0.012037
9 0.341146 0.511574 0.010069 0.011111
9 0.320833 0.511574 0.010417 0.011111
9 0.331771 0.499074 0.011458 0.011111
9 0.307812 0.499306 0.008681 0.011574
9 0.492014 0.599537 0.013889 0.017593
9 0.544271 0.600000 0.014236 0.016667
9 0.597049 0.600694 0.016319 0.018981
9 0.024306 0.620370 0.012500 0.014815
9 0.021528 0.642593 0.012500 0.014815
9 0.024826 0.577778 0.019792 0.022222
9 0.029340 0.545833 0.017708 0.021296
