15 0.642361 0.117188 0.260648 0.177431
15 0.409954 0.206250 0.246759 0.139583
15 0.232870 0.277778 0.239815 0.123611
11 0.478009 0.462153 0.067130 0.228472
11 0.410417 0.477604 0.063426 0.214236
11 0.347917 0.489931 0.059722 0.205556
11 0.222222 0.526389 0.057407 0.192361
11 0.169213 0.538194 0.053241 0.188889
11 0.124074 0.552083 0.050926 0.188889
11 0.034028 0.570660 0.054167 0.173958
11 0.461574 0.598611 0.075926 0.159028
12 0.886574 0.266840 0.084259 0.128125
10 0.561111 0.285417 0.063889 0.055556
10 0.458102 0.312326 0.095833 0.069792
10 0.385185 0.344444 0.060185 0.042361
10 0.233565 0.393403 0.070833 0.056250
10 0.049537 0.451736 0.062963 0.053472
10 0.853009 0.412500 0.079167 0.069444
14 0.281944 0.886111 0.266667 0.202778
14 0.453472 0.853299 0.121759 0.113542
6 0.671991 0.751215 0.051389 0.076736
6 0.622454 0.753646 0.051389 0.078819
6 0.578704 0.753125 0.048148 0.081944
2 0.659722 0.580903 0.066667 0.081944
2 0.580324 0.595660 0.065278 0.077431
3 0.638194 0.635069 0.044907 0.067361
1 0.402315 0.649306 0.053704 0.070833
1 0.348843 0.658681 0.048611 0.073611
1 0.290741 0.664062 0.042593 0.067708
1 0.973843 0.679688 0.034722 0.062153
1 0.905787 0.685069 0.034722 0.059722
9 0.974074 0.667882 0.025000 0.016319
9 0.976852 0.695660 0.025926 0.017708
9 0.906481 0.674306 0.024074 0.017361
9 0.908102 0.700521 0.026389 0.017708
9 0.674537 0.571528 0.034259 0.023611
9 0.719213 0.601215 0.027315 0.023958
9 0.296759 0.649653 0.026852 0.020833
9 0.294213 0.679861 0.026389 0.019444
9 0.244213 0.769271 0.024537 0.019792
10 0.149306 0.636285 0.023611 0.021875
10 0.194213 0.629861 0.022685 0.022222
10 0.240509 0.620833 0.023611 0.024306
10 0.327778 0.603819 0.025000 0.026389
10 0.379630 0.595660 0.024074 0.025347
10 0.437269 0.587500 0.026389 0.021528
10 0.613657 0.555903 0.028241 0.025000
10 0.688194 0.540972 0.028241 0.025000
10 0.909028 0.587847 0.021759 0.020139
10 0.945139 0.592187 0.020833 0.023264
5 0.953241 0.496875 0.093519 0.067361
9 0.930787 0.502778 0.027315 0.027083
9 0.975463 0.496181 0.027778 0.025000
8 0.953241 0.550694 0.028704 0.013889
8 0.972454 0.556250 0.023611 0.013889
8 0.724537 0.496181 0.033333 0.020139
8 0.594444 0.516840 0.027778 0.014931
8 0.634722 0.510069 0.022222 0.018056
10 0.568519 0.518056 0.018519 0.013194
12 0.707639 0.826910 0.015278 0.026042
