13 0.591840 0.533796 0.169792 0.173148
13 0.104688 0.525231 0.207292 0.188426
16 0.905903 0.097685 0.080556 0.130556
15 0.223264 0.590741 0.029861 0.063889
15 0.302951 0.593981 0.026042 0.059259
12 0.476910 0.600926 0.024653 0.085185
12 0.271528 0.610417 0.019444 0.054167
12 0.317361 0.608333 0.015278 0.049074
1 0.719271 0.209028 0.040625 0.168981
1 0.601910 0.201157 0.040625 0.168981
1 0.478993 0.189583 0.040625 0.168981
1 0.253299 0.169213 0.046181 0.169907
1 0.121007 0.156250 0.052431 0.175463
11 0.516840 0.667130 0.012847 0.093519
11 0.569792 0.673843 0.011111 0.096759
9 0.478299 0.244676 0.035069 0.051389
9 0.478993 0.169676 0.035069 0.051389
9 0.599653 0.182176 0.034028 0.049537
9 0.600521 0.255556 0.035069 0.050000
9 0.718576 0.194444 0.037847 0.047222
9 0.719444 0.263194 0.038194 0.051389
9 0.251736 0.225000 0.036806 0.050000
9 0.256597 0.150463 0.036806 0.050000
9 0.124479 0.139120 0.039236 0.055093
9 0.117014 0.214120 0.040972 0.052315
9 0.065451 0.318750 0.037153 0.044907
9 0.185938 0.326389 0.034375 0.045370
9 0.297743 0.335648 0.034375 0.045370
10 0.466493 0.560648 0.023264 0.032407
10 0.154514 0.081250 0.036111 0.044907
