13 0.488657 0.905035 0.294907 0.171875
13 0.831481 0.900347 0.207407 0.133333
1 0.073148 0.476389 0.122222 0.183333
1 0.368056 0.549306 0.108333 0.154167
1 0.489352 0.578299 0.104630 0.142014
1 0.595602 0.603646 0.101389 0.130208
1 0.740046 0.640972 0.093981 0.114583
1 0.811343 0.657986 0.086574 0.109722
1 0.868981 0.673785 0.086111 0.103125
1 0.959491 0.695312 0.080093 0.097569
9 0.054398 0.455208 0.080093 0.052083
9 0.064583 0.536285 0.079167 0.054514
9 0.343519 0.527083 0.056481 0.045139
9 0.362731 0.595833 0.058796 0.045139
9 0.467824 0.559375 0.052315 0.041667
9 0.485648 0.621181 0.054630 0.040972
9 0.571065 0.585243 0.048611 0.037153
9 0.590741 0.643229 0.051852 0.039931
9 0.718056 0.623785 0.047222 0.036458
9 0.738194 0.674653 0.050463 0.035417
9 0.784259 0.642188 0.038889 0.032986
9 0.807639 0.690278 0.043056 0.032639
9 0.847454 0.657465 0.041204 0.028819
9 0.868287 0.702604 0.043056 0.031597
9 0.936343 0.680556 0.034722 0.026389
9 0.957176 0.722917 0.039352 0.027083
9 0.949306 0.783681 0.033796 0.022917
9 0.759028 0.765625 0.037500 0.027083
9 0.696759 0.757465 0.037963 0.028819
9 0.471991 0.725347 0.050463 0.035417
9 0.363194 0.712674 0.052315 0.036458
8 0.176852 0.165972 0.090741 0.056944
8 0.571296 0.345313 0.069444 0.039236
10 0.944213 0.236111 0.068056 0.061806
10 0.797222 0.297743 0.056481 0.059375
10 0.658333 0.355382 0.055556 0.057292
10 0.638889 0.558333 0.037963 0.044444
10 0.693519 0.582292 0.046296 0.045139
10 0.893750 0.469444 0.046759 0.046528
10 0.588426 0.929340 0.037037 0.035069
