6 0.778704 0.651215 0.236111 0.296181
6 0.569907 0.662500 0.208333 0.272917
6 0.410185 0.668056 0.193519 0.254861
1 0.850694 0.160243 0.161574 0.262153
1 0.554398 0.229687 0.162500 0.231597
1 0.325231 0.286806 0.166204 0.210417
9 0.883796 0.146875 0.091667 0.075694
9 0.864815 0.246528 0.112037 0.077083
9 0.588426 0.216667 0.099074 0.066667
9 0.575000 0.306597 0.088889 0.068750
9 0.365741 0.270833 0.079630 0.063194
9 0.342130 0.354340 0.082407 0.062153
9 0.532407 0.483507 0.075000 0.059375
9 0.767130 0.453819 0.087037 0.064583
10 0.955093 0.072222 0.089815 0.068750
10 0.689815 0.146181 0.077778 0.064583
10 0.473380 0.204167 0.069907 0.052778
10 0.875694 0.911979 0.040278 0.032986
15 0.958102 0.749306 0.083796 0.089583
12 0.932870 0.824653 0.030556 0.072917
11 0.692824 0.957812 0.024537 0.073958
11 0.723843 0.960243 0.018981 0.071181
8 0.666667 0.688368 0.060185 0.020486
15 0.679861 0.743750 0.093056 0.084028
