1 0.278704 0.217361 0.047222 0.112500
1 0.417130 0.220312 0.045370 0.110764
1 0.557870 0.217708 0.046296 0.120139
1 0.810185 0.219444 0.045370 0.115972
1 0.959259 0.218924 0.045370 0.115625
9 0.280556 0.198090 0.040741 0.033681
9 0.278009 0.249479 0.041204 0.034375
9 0.417593 0.199653 0.039815 0.034028
9 0.417130 0.251736 0.039815 0.031944
9 0.811111 0.199306 0.042593 0.032639
9 0.809954 0.251563 0.041204 0.032986
9 0.959491 0.199132 0.043056 0.032986
9 0.958102 0.251389 0.043056 0.033333
9 0.341435 0.298438 0.037500 0.030208
9 0.466667 0.300174 0.037963 0.030208
13 0.915741 0.442361 0.168519 0.120139
13 0.411806 0.435590 0.198611 0.116319
15 0.255324 0.444792 0.040278 0.047917
15 0.121991 0.441146 0.047685 0.046875
15 0.449537 0.443229 0.038889 0.051736
10 0.518056 0.453125 0.025926 0.033333
6 0.201157 0.137847 0.168981 0.275000
6 0.042130 0.137500 0.083333 0.272917
