15 0.814815 0.200000 0.085185 0.121528
15 0.622222 0.217188 0.096296 0.113542
15 0.449306 0.228646 0.096759 0.109375
12 0.912269 0.283854 0.048611 0.083681
12 0.700463 0.297569 0.045370 0.079861
12 0.331481 0.320660 0.039815 0.076042
11 0.878472 0.469965 0.022685 0.103819
11 0.836111 0.470139 0.024074 0.097222
11 0.791898 0.471528 0.022685 0.100000
11 0.701389 0.478472 0.025000 0.097917
11 0.661343 0.476215 0.024537 0.094097
11 0.621759 0.472222 0.051852 0.112500
11 0.535648 0.477257 0.022222 0.089931
11 0.499306 0.479861 0.022685 0.089583
11 0.462731 0.480382 0.021759 0.087847
10 0.792593 0.191493 0.046296 0.039236
10 0.590278 0.206076 0.044444 0.039236
10 0.401389 0.219271 0.043519 0.040625
10 0.935417 0.399826 0.046759 0.035069
10 0.832176 0.384028 0.043981 0.031944
10 0.651157 0.394097 0.045833 0.029167
10 0.491204 0.398611 0.037963 0.027778
10 0.342361 0.423611 0.042130 0.029167
8 0.231481 0.181076 0.076852 0.026736
8 0.290741 0.216667 0.076852 0.023611
