14 0.475562 0.379469 0.105969 0.178777
6 0.219723 0.284025 0.043253 0.153403
6 0.171497 0.263552 0.043253 0.153403
6 0.120458 0.279988 0.043253 0.153403
3 0.067366 0.067618 0.052984 0.134660
3 0.165333 0.070358 0.052984 0.134948
3 0.249243 0.093426 0.052984 0.134948
1 0.606293 0.158593 0.042604 0.089389
7 0.512435 0.141869 0.026600 0.085352
15 0.483564 0.275375 0.019896 0.039792
15 0.504758 0.277682 0.019896 0.039792
15 0.523140 0.277105 0.019896 0.039792
9 0.641869 0.351067 0.120675 0.178489
14 0.404412 0.460352 0.122837 0.232122
