1 0.451042 0.555324 0.022917 0.075463
1 0.248264 0.511806 0.026389 0.094907
1 0.493403 0.565046 0.022222 0.073611
1 0.180208 0.496296 0.027778 0.098148
1 0.310243 0.524306 0.026736 0.088426
10 0.238889 0.444907 0.021528 0.040741
10 0.840451 0.338426 0.026736 0.043519
10 0.932813 0.402546 0.021875 0.044907
10 0.798438 0.306250 0.026736 0.050463
10 0.901910 0.381250 0.024653 0.043981
10 0.204861 0.170833 0.030556 0.060185
10 0.455382 0.299769 0.024653 0.042130
13 0.217535 0.693519 0.107292 0.106481
13 0.584201 0.719907 0.074653 0.078704
13 0.434375 0.709722 0.085417 0.089815
13 0.688368 0.729398 0.052431 0.071759
15 0.142014 0.701157 0.029167 0.050463
15 0.389757 0.717361 0.022569 0.040278
15 0.539062 0.721528 0.018403 0.037500
16 0.128299 0.428472 0.051736 0.076389
16 0.150694 0.396759 0.050694 0.079630
16 0.182812 0.361806 0.058681 0.088426
15 0.305208 0.710417 0.026389 0.042130
15 0.661458 0.731481 0.014583 0.034259
8 0.183507 0.170139 0.021875 0.044907
8 0.241493 0.194907 0.021875 0.038889
8 0.293576 0.225231 0.022569 0.038426
8 0.374306 0.261806 0.025000 0.027315
8 0.413368 0.281250 0.028819 0.026389
8 0.522743 0.333333 0.014931 0.026852
8 0.547049 0.350926 0.023958 0.028704
8 0.671007 0.408102 0.023264 0.019907
8 0.646181 0.396991 0.024306 0.019907
12 0.052083 0.745139 0.013889 0.045833
12 0.130208 0.746759 0.015972 0.037963
12 0.289757 0.749074 0.011458 0.030556
1 0.980903 0.478241 0.038194 0.103704
1 0.956424 0.458565 0.054514 0.103241
1 0.944097 0.669444 0.019444 0.042593
1 0.767708 0.629398 0.019444 0.055093
1 0.676389 0.609259 0.022222 0.062037
1 0.626215 0.595602 0.023958 0.063426
1 0.593403 0.589120 0.024306 0.068981
1 0.559549 0.581250 0.023958 0.069907
1 0.404167 0.546528 0.022917 0.081019
1 0.945660 0.578704 0.053819 0.112037
10 0.068924 0.389583 0.023264 0.044907
10 0.081944 0.362963 0.022222 0.042593
10 0.147917 0.257870 0.027778 0.051852
10 0.176215 0.218287 0.030208 0.058796
10 0.420312 0.488889 0.014931 0.025926
10 0.435590 0.498380 0.017708 0.030093
10 0.445833 0.474537 0.014583 0.028704
10 0.472396 0.461574 0.017708 0.029630
10 0.548785 0.419907 0.017708 0.029630
10 0.586458 0.401852 0.018056 0.034259
10 0.626042 0.381713 0.018750 0.035648
10 0.535590 0.522685 0.013542 0.023148
10 0.561285 0.511574 0.012847 0.025000
10 0.589236 0.499537 0.014583 0.027778
10 0.669097 0.468056 0.015972 0.029630
10 0.681944 0.531713 0.011806 0.024537
10 0.758681 0.556713 0.012500 0.024537
10 0.934201 0.639352 0.010069 0.021296
9 0.834201 0.528472 0.011458 0.022685
9 0.795660 0.487269 0.012847 0.023611
9 0.761111 0.497917 0.012500 0.022685
10 0.747917 0.442824 0.014583 0.029167
10 0.751736 0.270833 0.029861 0.050926
9 0.946701 0.439120 0.028819 0.033796
9 0.952951 0.484491 0.029514 0.031944
9 0.981424 0.502546 0.029514 0.031944
9 0.974479 0.459491 0.029514 0.031944
9 0.934722 0.553241 0.029861 0.036111
9 0.943056 0.605556 0.029861 0.036111
9 0.940972 0.696296 0.012500 0.015741
9 0.944097 0.679398 0.013194 0.014352
9 0.941667 0.662269 0.013194 0.014352
9 0.784375 0.622685 0.013889 0.018519
9 0.785764 0.646759 0.013889 0.018519
9 0.766667 0.643981 0.013889 0.018519
9 0.764583 0.618056 0.013889 0.018519
9 0.699306 0.603241 0.015278 0.021296
9 0.700521 0.629398 0.014236 0.018981
9 0.674479 0.623843 0.014236 0.018981
9 0.674132 0.596528 0.014236 0.018981
9 0.622396 0.583796 0.016319 0.020370
9 0.624132 0.611574 0.016319 0.020370
9 0.591840 0.605093 0.016319 0.020370
9 0.593229 0.575463 0.016319 0.020370
9 0.558507 0.567593 0.016319 0.020370
9 0.558507 0.597685 0.016319 0.020370
9 0.492708 0.583796 0.018056 0.022222
9 0.492708 0.550926 0.018056 0.022222
9 0.450694 0.541667 0.018056 0.022222
9 0.450347 0.575463 0.018056 0.022222
9 0.403299 0.566435 0.019792 0.022685
9 0.404687 0.531019 0.017708 0.022222
9 0.311111 0.508565 0.019444 0.026389
9 0.309375 0.547454 0.019444 0.026389
9 0.246875 0.535417 0.020833 0.029167
9 0.249306 0.493287 0.020833 0.029167
9 0.181597 0.478241 0.023611 0.029630
9 0.178819 0.520833 0.023611 0.029630
