1 0.820660 0.553935 0.043403 0.150463
1 0.666493 0.741667 0.030903 0.098148
1 0.924653 0.542130 0.044444 0.164815
3 0.556250 0.607870 0.038889 0.129630
1 0.814583 0.735185 0.034028 0.105556
3 0.630208 0.600694 0.040278 0.137500
3 0.320139 0.636111 0.036806 0.107407
3 0.268750 0.643981 0.035417 0.108333
1 0.939757 0.734491 0.035069 0.112500
6 0.851215 0.893056 0.034375 0.116667
9 0.931944 0.415741 0.027778 0.037037
9 0.898611 0.378704 0.029167 0.034259
9 0.559375 0.645833 0.030556 0.037963
9 0.821701 0.595139 0.033681 0.042130
10 0.205208 0.503935 0.022917 0.040278
10 0.447049 0.514583 0.021875 0.036574
10 0.830382 0.663194 0.019792 0.029167
10 0.682813 0.671991 0.017708 0.027315
10 0.405903 0.491435 0.026389 0.041204
10 0.591146 0.154861 0.044097 0.074537
10 0.592014 0.454167 0.023611 0.043519
10 0.629861 0.480556 0.021528 0.042593
10 0.359028 0.469213 0.027778 0.040278
10 0.103646 0.340509 0.027431 0.045833
10 0.891667 0.659722 0.020833 0.028704
10 0.551562 0.425694 0.025347 0.045833
10 0.017014 0.424537 0.024306 0.042593
10 0.376563 0.301620 0.030903 0.051389
12 0.563368 0.078935 0.024653 0.075463
12 0.432292 0.134259 0.018750 0.077778
12 0.632465 0.049769 0.025347 0.076389
12 0.386979 0.157639 0.019792 0.063426
12 0.680035 0.032176 0.021181 0.063426
13 0.596701 0.830787 0.145486 0.170833
13 0.354340 0.831481 0.126042 0.130556
13 0.931424 0.851852 0.137153 0.190741
15 0.187674 0.593519 0.106597 0.137037
15 0.068576 0.612963 0.102431 0.114815
14 0.692708 0.935648 0.071528 0.128704
13 0.172917 0.828009 0.104167 0.118056
12 0.353299 0.173380 0.023264 0.065278
1 0.716840 0.739583 0.028819 0.095833
1 0.616493 0.737963 0.031597 0.092593
1 0.873611 0.735648 0.034722 0.111111
3 0.488542 0.616667 0.036806 0.131481
3 0.379861 0.630324 0.034722 0.113426
2 0.290972 0.589815 0.059028 0.098148
2 0.344444 0.580324 0.061806 0.103241
2 0.399826 0.570602 0.057986 0.099537
2 0.516493 0.557176 0.062153 0.112500
2 0.585764 0.548611 0.061111 0.120370
2 0.666146 0.536806 0.061458 0.125463
5 0.835243 0.340509 0.116319 0.130093
8 0.675000 0.047222 0.044444 0.040741
8 0.602257 0.077546 0.043403 0.043981
8 0.535243 0.106019 0.042708 0.042593
8 0.431424 0.150231 0.041319 0.035648
8 0.380556 0.175463 0.039583 0.033333
8 0.330208 0.195370 0.037500 0.037037
8 0.247743 0.224769 0.039931 0.037500
8 0.206076 0.240509 0.040625 0.037500
8 0.169792 0.259722 0.040278 0.035185
10 0.653299 0.199074 0.042014 0.066667
10 0.708507 0.250231 0.036458 0.056019
10 0.432118 0.340972 0.030208 0.050463
10 0.311285 0.259954 0.030903 0.056944
10 0.169097 0.370833 0.028472 0.046296
10 0.230382 0.402546 0.025347 0.042130
10 0.251215 0.526157 0.022569 0.037500
10 0.074653 0.447917 0.026389 0.041204
10 0.956771 0.655093 0.020486 0.035185
10 0.730035 0.668056 0.014236 0.027778
10 0.633681 0.675694 0.017361 0.024537
9 0.617882 0.722222 0.021181 0.025000
9 0.617188 0.758333 0.021181 0.025000
9 0.665451 0.758796 0.021181 0.025000
9 0.668576 0.719907 0.021181 0.025000
9 0.719271 0.718981 0.021181 0.025000
9 0.718229 0.758333 0.021181 0.025000
9 0.816319 0.757639 0.022222 0.026389
9 0.878472 0.713657 0.022222 0.026389
9 0.944965 0.712037 0.023958 0.028704
9 0.944618 0.757870 0.023958 0.028704
9 0.926910 0.514815 0.036458 0.047222
9 0.926562 0.587963 0.037153 0.052778
9 0.821528 0.529167 0.035417 0.044444
9 0.676910 0.517130 0.035764 0.040741
9 0.635590 0.638889 0.030208 0.038889
9 0.597396 0.528472 0.030903 0.036574
9 0.529514 0.540972 0.031250 0.035648
9 0.490799 0.651157 0.030208 0.035648
9 0.381597 0.659954 0.027778 0.032870
9 0.413889 0.555093 0.026389 0.033333
9 0.357812 0.566204 0.026736 0.033333
9 0.325000 0.664120 0.023611 0.031944
9 0.272917 0.669676 0.025694 0.034722
9 0.305729 0.574074 0.024653 0.032407
9 0.820486 0.351852 0.029167 0.036111
9 0.861806 0.342593 0.029861 0.034259
10 0.095139 0.613657 0.054167 0.096759
