14 0.884954 0.814410 0.230093 0.346181
14 0.411574 0.856076 0.526852 0.287847
6 0.129861 0.464236 0.222685 0.275000
6 0.259259 0.499826 0.216667 0.238542
1 0.288426 0.095139 0.171296 0.189583
1 0.457639 0.171528 0.135648 0.225000
7 0.675463 0.324653 0.135185 0.184028
7 0.756250 0.382465 0.117130 0.169792
7 0.828241 0.428819 0.117593 0.154861
0 0.938889 0.486979 0.122222 0.123264
9 0.254167 0.030208 0.090741 0.059722
9 0.249769 0.123090 0.089352 0.073264
9 0.431019 0.139063 0.077778 0.062847
9 0.429398 0.231076 0.082870 0.058681
9 0.069213 0.255208 0.086574 0.059722
9 0.250463 0.336458 0.069444 0.049306
9 0.641898 0.284549 0.067130 0.047569
9 0.639583 0.357292 0.063426 0.048611
9 0.724769 0.412153 0.053241 0.043056
9 0.796759 0.456076 0.050926 0.042014
9 0.898611 0.462847 0.042593 0.036806
9 0.903472 0.516667 0.046759 0.032639
9 0.942593 0.494444 0.040741 0.031944
9 0.981944 0.520486 0.036111 0.029861
9 0.561343 0.435937 0.050463 0.039236
9 0.641667 0.473785 0.046296 0.037847
9 0.708796 0.603993 0.047222 0.035764
9 0.707407 0.664236 0.048148 0.036111
1 0.699537 0.638194 0.075000 0.127083
15 0.302546 0.599479 0.059722 0.047569
15 0.343287 0.608681 0.060648 0.045833
10 0.550463 0.184028 0.066667 0.070139
10 0.715509 0.304167 0.056944 0.055556
10 0.870602 0.418576 0.045833 0.041319
