14 0.545139 0.528993 0.909722 0.892014
1 0.212963 0.299306 0.067593 0.114583
1 0.020602 0.263194 0.040278 0.127778
10 0.789352 0.099653 0.044444 0.034028
10 0.333333 0.170660 0.038889 0.027431
10 0.250694 0.183854 0.036574 0.026736
10 0.174074 0.196181 0.037037 0.025694
10 0.203704 0.025694 0.051852 0.033333
10 0.318750 0.008681 0.052315 0.016667
9 0.018519 0.237326 0.036111 0.038542
9 0.014815 0.293750 0.028704 0.033333
9 0.211343 0.276910 0.043981 0.032292
9 0.210880 0.328993 0.044907 0.032986
