10 0.372569 0.278472 0.023611 0.042130
13 0.505903 0.640046 0.088194 0.177315
15 0.741493 0.693056 0.032292 0.030556
16 0.785764 0.303009 0.052083 0.089352
14 0.785069 0.821759 0.143750 0.175926
14 0.678993 0.789352 0.065625 0.122222
13 0.422049 0.702778 0.042014 0.119444
13 0.380556 0.737269 0.027778 0.089352
16 0.706597 0.290046 0.055556 0.097685
16 0.857986 0.315278 0.050000 0.084259
6 0.630208 0.744907 0.015972 0.066667
6 0.642188 0.742361 0.016319 0.066204
6 0.652951 0.737269 0.016319 0.066204
15 0.881076 0.652315 0.039236 0.037963
15 0.122743 0.763194 0.030903 0.038426
15 0.075521 0.725463 0.042708 0.052778
15 0.030556 0.692361 0.060417 0.067130
15 0.053472 0.710648 0.047222 0.050926
8 0.381944 0.235880 0.038889 0.031019
8 0.392708 0.191898 0.044444 0.029167
8 0.403125 0.144444 0.045833 0.035185
8 0.358854 0.357639 0.032292 0.019907
12 0.333681 0.503241 0.009028 0.029630
12 0.354514 0.420833 0.011806 0.034259
12 0.361632 0.387731 0.013542 0.035648
12 0.385243 0.287963 0.013542 0.037963
12 0.726042 0.725694 0.011806 0.027315
12 0.786632 0.712037 0.012153 0.028704
12 0.847049 0.697222 0.012847 0.033333
12 0.873785 0.688657 0.012847 0.035648
12 0.238194 0.809722 0.010417 0.030556
7 0.710069 0.608333 0.035417 0.068519
7 0.686632 0.620139 0.034375 0.065278
7 0.665451 0.630787 0.032292 0.062500
11 0.203125 0.817361 0.005556 0.043981
3 0.461632 0.400463 0.053819 0.116667
3 0.440625 0.443750 0.047917 0.109722
2 0.461111 0.319444 0.080556 0.125926
2 0.438889 0.373148 0.073611 0.113889
0 0.756250 0.579630 0.041667 0.072222
0 0.788715 0.562731 0.042708 0.076389
0 0.826042 0.543287 0.045833 0.079167
1 0.634896 0.646759 0.022569 0.060185
1 0.618576 0.654861 0.019792 0.056944
15 0.985243 0.614583 0.028125 0.037500
1 0.789583 0.678472 0.025694 0.071759
10 0.724306 0.698380 0.009722 0.020833
10 0.743056 0.692130 0.009722 0.018519
10 0.847049 0.475231 0.020486 0.032870
10 0.810590 0.498380 0.017708 0.031944
10 0.778299 0.519907 0.017014 0.028704
10 0.730035 0.549074 0.015625 0.027778
10 0.706250 0.564120 0.015278 0.027315
10 0.684722 0.578704 0.013889 0.025000
10 0.651215 0.597454 0.013542 0.027315
10 0.634549 0.607639 0.010764 0.025463
10 0.619097 0.617593 0.012500 0.024074
10 0.494271 0.318287 0.023958 0.034722
10 0.511285 0.517593 0.012847 0.025926
10 0.493229 0.013889 0.026736 0.026852
10 0.431076 0.216898 0.017708 0.034722
10 0.224653 0.255787 0.029861 0.047685
10 0.302431 0.267361 0.029861 0.047685
10 0.288021 0.410417 0.021181 0.036574
10 0.344097 0.418056 0.018750 0.032407
10 0.229861 0.403472 0.023611 0.036574
10 0.231944 0.492361 0.017361 0.031019
10 0.280035 0.497917 0.017014 0.030093
10 0.324826 0.500694 0.015625 0.027315
10 0.233507 0.553472 0.014236 0.023611
10 0.273958 0.555787 0.015278 0.025463
10 0.312674 0.558102 0.012847 0.021759
10 0.268750 0.600694 0.011806 0.019907
10 0.301910 0.600694 0.011458 0.020833
10 0.265451 0.630787 0.009375 0.018981
10 0.235069 0.597917 0.012500 0.021759
10 0.237674 0.694213 0.007292 0.013426
10 0.259201 0.694676 0.007292 0.012500
10 0.236979 0.677315 0.008681 0.015741
10 0.260937 0.677778 0.008681 0.015741
10 0.289062 0.656713 0.010069 0.017130
10 0.236458 0.657176 0.010417 0.016204
10 0.222569 0.791667 0.006944 0.014815
10 0.217188 0.793981 0.005903 0.013889
9 0.368403 0.569213 0.015278 0.019907
9 0.394792 0.575463 0.019444 0.024074
9 0.384896 0.594444 0.016319 0.022222
9 0.370312 0.621991 0.015625 0.019907
9 0.356771 0.649769 0.015625 0.019907
9 0.407813 0.552778 0.020486 0.025000
9 0.401910 0.531481 0.017708 0.024074
9 0.390799 0.512269 0.016319 0.020833
9 0.401910 0.487731 0.019097 0.022685
9 0.411285 0.505787 0.019097 0.022685
9 0.431771 0.505093 0.023264 0.032407
9 0.451215 0.470833 0.023264 0.032407
9 0.427257 0.573611 0.014931 0.024074
9 0.484549 0.534259 0.015625 0.027778
9 0.514583 0.482407 0.023611 0.031481
9 0.511632 0.436111 0.021181 0.028704
9 0.474653 0.427546 0.028472 0.038426
9 0.413368 0.461806 0.021875 0.026389
9 0.484722 0.362269 0.027083 0.038426
9 0.484201 0.293750 0.029514 0.040278
9 0.834028 0.527546 0.020139 0.024537
9 0.837674 0.561111 0.018403 0.023148
9 0.800347 0.579630 0.016667 0.022222
9 0.797569 0.546991 0.018056 0.023611
9 0.765278 0.564815 0.016667 0.022222
9 0.767361 0.595833 0.016667 0.022222
9 0.716319 0.593287 0.015278 0.020833
9 0.719097 0.621759 0.013889 0.019444
9 0.695486 0.632176 0.013889 0.018056
9 0.692361 0.604861 0.013889 0.018056
9 0.671354 0.616898 0.012847 0.018056
9 0.673090 0.643287 0.012847 0.018056
9 0.639931 0.658796 0.011111 0.015741
9 0.658333 0.681019 0.011111 0.015741
9 0.641840 0.686806 0.010069 0.013426
9 0.638542 0.635648 0.011111 0.015741
9 0.623090 0.667824 0.010069 0.013426
9 0.621875 0.644907 0.011111 0.013889
9 0.608333 0.652083 0.009028 0.014352
9 0.610069 0.674306 0.009028 0.014352
9 0.785764 0.663426 0.013889 0.020370
9 0.789757 0.694444 0.015625 0.019444
11 0.909549 0.762731 0.008681 0.027315
11 0.895660 0.764583 0.008681 0.027315
11 0.902778 0.763657 0.007639 0.028241
