10 0.320139 0.207639 0.022917 0.047685
13 0.455035 0.570139 0.072569 0.156944
16 0.804861 0.256019 0.049306 0.085185
14 0.725694 0.751389 0.132639 0.167593
14 0.626736 0.722454 0.060417 0.114352
13 0.374653 0.641667 0.040278 0.116667
13 0.332465 0.678935 0.028819 0.088426
16 0.735069 0.244907 0.051389 0.095370
16 0.657465 0.231250 0.051736 0.098611
6 0.603299 0.674306 0.017708 0.066204
6 0.591667 0.679630 0.015278 0.066667
6 0.582118 0.682176 0.014931 0.065278
15 0.965972 0.536574 0.029167 0.037963
15 0.940972 0.545602 0.025000 0.037500
15 0.919618 0.550926 0.025347 0.035185
15 0.821528 0.588657 0.034028 0.036574
15 0.688889 0.631250 0.027083 0.028241
15 0.017882 0.666667 0.035069 0.046296
15 0.028819 0.675694 0.040278 0.041204
15 0.067014 0.709259 0.030556 0.040741
12 0.188542 0.753241 0.010417 0.030556
12 0.334722 0.221065 0.014583 0.038426
12 0.309722 0.323843 0.012500 0.034722
12 0.302951 0.356019 0.012847 0.031481
12 0.281771 0.444444 0.009375 0.026852
12 0.788542 0.633565 0.011806 0.033796
12 0.813542 0.625463 0.013194 0.036111
12 0.731250 0.649074 0.012500 0.028704
12 0.673438 0.662731 0.011458 0.026389
8 0.350868 0.068287 0.049653 0.038426
8 0.341840 0.117593 0.046875 0.031481
8 0.331944 0.164583 0.045833 0.028241
8 0.305208 0.290972 0.036806 0.021759
11 0.152604 0.760880 0.007292 0.043981
7 0.658854 0.548380 0.034375 0.066204
7 0.636111 0.559954 0.034028 0.063426
7 0.614931 0.570833 0.030556 0.061111
3 0.390451 0.379167 0.051042 0.120370
3 0.415625 0.326389 0.064583 0.121296
2 0.385937 0.306250 0.073958 0.114352
2 0.407986 0.250000 0.087500 0.131481
1 0.569792 0.594907 0.019444 0.055556
1 0.585938 0.586574 0.022569 0.058333
0 0.702778 0.520139 0.040972 0.068056
0 0.735938 0.503241 0.043403 0.074074
0 0.770312 0.484259 0.044097 0.079630
11 0.832639 0.694676 0.006944 0.021759
11 0.838889 0.695139 0.006944 0.021759
11 0.845486 0.694676 0.006944 0.021759
10 0.969097 0.649537 0.015972 0.021296
1 0.734375 0.616435 0.022917 0.064352
9 0.730903 0.601389 0.015278 0.019444
9 0.733333 0.631019 0.015278 0.019444
9 0.781597 0.502546 0.018750 0.022685
9 0.779167 0.468287 0.018750 0.022685
9 0.743403 0.488194 0.016667 0.021759
9 0.745833 0.520139 0.016667 0.021759
9 0.713889 0.535880 0.015972 0.018981
9 0.712674 0.506481 0.015625 0.020370
9 0.664236 0.532639 0.014583 0.018056
9 0.666319 0.560880 0.013194 0.018981
9 0.643750 0.571991 0.012500 0.017130
9 0.640972 0.545139 0.012500 0.017130
9 0.621528 0.557176 0.012500 0.017130
9 0.622396 0.582639 0.012153 0.016204
9 0.590625 0.598611 0.010417 0.014815
9 0.589931 0.575000 0.010417 0.014815
9 0.560069 0.592593 0.010417 0.014815
9 0.560243 0.613426 0.009375 0.014815
9 0.574479 0.607176 0.010069 0.014352
9 0.573785 0.584722 0.009375 0.014815
9 0.607986 0.618750 0.010417 0.015278
9 0.592014 0.625694 0.009722 0.014352
10 0.570486 0.557639 0.012500 0.025463
10 0.586111 0.548843 0.012500 0.025463
10 0.602083 0.538194 0.012500 0.025463
10 0.634028 0.520139 0.012500 0.025463
10 0.655556 0.505787 0.012500 0.025463
10 0.678472 0.490972 0.014583 0.025463
10 0.726562 0.461343 0.017014 0.030093
10 0.757812 0.441898 0.017014 0.030093
10 0.793576 0.418519 0.019792 0.031481
10 0.671528 0.635880 0.009028 0.018981
10 0.162500 0.181481 0.031250 0.051852
10 0.243924 0.192824 0.026736 0.051389
10 0.232465 0.342824 0.019097 0.042130
10 0.289931 0.352083 0.018750 0.036574
10 0.170313 0.335417 0.019097 0.042130
10 0.175694 0.431019 0.015972 0.032407
10 0.225347 0.436111 0.015972 0.032407
10 0.272049 0.440278 0.014236 0.030556
10 0.260243 0.499537 0.012153 0.024074
10 0.220660 0.497222 0.012153 0.024074
10 0.179688 0.494676 0.012847 0.025463
10 0.181250 0.538889 0.011806 0.023148
10 0.216667 0.541667 0.011806 0.023148
10 0.251389 0.544213 0.011111 0.019907
10 0.213021 0.573148 0.010764 0.020370
10 0.185069 0.620833 0.008333 0.015741
10 0.186111 0.637269 0.007639 0.012500
10 0.208854 0.637037 0.007986 0.012963
10 0.209896 0.620602 0.008681 0.014352
10 0.380382 0.146065 0.019792 0.032870
10 0.171875 0.735185 0.006944 0.013889
10 0.166319 0.737037 0.006250 0.012037
10 0.464062 0.458565 0.012847 0.026389
9 0.467014 0.422917 0.024306 0.029167
9 0.464062 0.376389 0.023958 0.031481
9 0.424826 0.363889 0.033681 0.039815
9 0.401389 0.409259 0.027083 0.035185
9 0.432639 0.296296 0.029861 0.042593
9 0.433681 0.225000 0.031250 0.041667
9 0.364063 0.398611 0.024653 0.029630
9 0.351042 0.429167 0.020833 0.026852
9 0.383681 0.446296 0.025000 0.031481
9 0.352083 0.472917 0.020833 0.027315
9 0.357639 0.494444 0.022917 0.027778
9 0.346181 0.516435 0.022222 0.023611
9 0.378993 0.514815 0.016319 0.021296
9 0.316840 0.509954 0.017014 0.020833
9 0.321354 0.564583 0.017708 0.020833
