1 0.123438 0.090509 0.062847 0.180093
1 0.324479 0.214120 0.046181 0.148611
1 0.208681 0.132407 0.052778 0.186111
1 0.554340 0.354630 0.033681 0.104630
1 0.492708 0.316667 0.036806 0.113889
1 0.601042 0.381250 0.029861 0.091204
1 0.378299 0.249537 0.047569 0.139815
1 0.623437 0.391898 0.029514 0.085648
1 0.423958 0.270833 0.045833 0.132407
1 0.525694 0.335417 0.035417 0.106019
1 0.642014 0.404398 0.029167 0.084722
9 0.372569 0.282407 0.029861 0.034259
9 0.419444 0.307176 0.025694 0.035648
9 0.373090 0.220833 0.028819 0.035185
9 0.488542 0.345833 0.024306 0.030556
9 0.550174 0.334722 0.021875 0.027778
9 0.319965 0.251389 0.031597 0.041667
9 0.418229 0.250000 0.026736 0.034259
10 0.833507 0.338889 0.013542 0.024074
10 0.819271 0.379167 0.014236 0.019444
10 0.860590 0.376620 0.014931 0.019907
13 0.329861 0.509259 0.131944 0.166667
13 0.487153 0.536806 0.100000 0.120833
13 0.083507 0.446991 0.166319 0.211574
13 0.591319 0.559722 0.074306 0.097222
14 0.919271 0.540046 0.161458 0.456944
16 0.833507 0.481944 0.020486 0.033333
1 0.672743 0.424306 0.024653 0.077315
1 0.727083 0.457176 0.022917 0.067130
1 0.769271 0.484028 0.020486 0.066204
5 0.759896 0.103472 0.043403 0.098611
5 0.688542 0.116898 0.045833 0.091204
5 0.620139 0.128935 0.043750 0.089352
9 0.609201 0.128935 0.020486 0.029167
9 0.619792 0.143750 0.020833 0.028241
9 0.677951 0.114815 0.021181 0.029630
9 0.751736 0.100463 0.022222 0.029630
9 0.701736 0.147222 0.018056 0.028704
9 0.770833 0.133333 0.020833 0.027778
9 0.018576 0.082407 0.036458 0.058333
9 0.118576 0.054630 0.041319 0.050000
9 0.117882 0.137037 0.039236 0.051852
9 0.200868 0.109722 0.034375 0.047222
9 0.203125 0.182639 0.037500 0.045833
9 0.320312 0.183333 0.030903 0.040741
9 0.489236 0.293287 0.022222 0.030093
9 0.521007 0.313657 0.019792 0.031019
9 0.521875 0.362269 0.020833 0.029167
9 0.551042 0.379861 0.018750 0.028241
9 0.595486 0.362037 0.018056 0.026852
9 0.596181 0.403704 0.017361 0.025926
9 0.617188 0.374769 0.016319 0.024537
9 0.617708 0.416204 0.017361 0.025000
9 0.582292 0.452778 0.015972 0.023148
9 0.668576 0.407407 0.014931 0.021296
9 0.669271 0.442361 0.015625 0.022685
9 0.649826 0.481944 0.014236 0.019444
9 0.724132 0.441898 0.014931 0.021759
9 0.724132 0.473843 0.014236 0.020833
9 0.765451 0.468750 0.010764 0.018056
9 0.766146 0.495833 0.012153 0.018519
9 0.451736 0.325694 0.022222 0.029167
9 0.348264 0.351852 0.025694 0.033333
9 0.298090 0.329630 0.028125 0.034259
10 0.259549 0.102083 0.023264 0.033796
10 0.327431 0.085648 0.022917 0.032407
10 0.693576 0.244676 0.017708 0.027315
10 0.753472 0.236806 0.017361 0.029167
10 0.745660 0.302083 0.014236 0.022685
10 0.797917 0.293519 0.015278 0.022222
10 0.851389 0.287269 0.015972 0.019907
10 0.787153 0.346065 0.013194 0.018981
10 0.903472 0.371991 0.011806 0.017130
11 0.577257 0.632176 0.007986 0.048611
11 0.587326 0.633333 0.007986 0.046296
