13 0.830357 0.134094 0.179067 0.209325
13 0.636657 0.194114 0.117063 0.148810
13 0.511905 0.227513 0.083333 0.106481
13 0.428819 0.249669 0.063988 0.085317
13 0.366195 0.266038 0.055308 0.071759
13 0.319196 0.275463 0.038194 0.050926
13 0.282986 0.291005 0.035218 0.051587
9 0.505208 0.028108 0.024802 0.031085
9 0.479415 0.046131 0.020833 0.028108
9 0.455605 0.062004 0.020833 0.028108
9 0.456349 0.014220 0.020833 0.027778
9 0.421255 0.041171 0.017113 0.026786
9 0.421999 0.086806 0.017113 0.026786
9 0.401166 0.100033 0.017113 0.026786
9 0.402902 0.056382 0.017113 0.026786
9 0.385789 0.068287 0.017113 0.026786
9 0.387525 0.109954 0.017113 0.026786
9 0.360367 0.088128 0.015377 0.022156
9 0.360863 0.127149 0.015377 0.022156
9 0.346478 0.138724 0.015377 0.022156
9 0.346974 0.098710 0.015377 0.022156
9 0.334077 0.107970 0.015377 0.022156
9 0.334077 0.145337 0.015377 0.022156
9 0.314236 0.124173 0.015377 0.022156
9 0.314236 0.157903 0.015377 0.022156
9 0.303819 0.165509 0.015377 0.022156
9 0.303075 0.131779 0.015377 0.022156
9 0.279266 0.153274 0.015377 0.022156
9 0.279018 0.184358 0.015377 0.022156
1 0.257937 0.177414 0.012401 0.058532
1 0.264385 0.173446 0.012401 0.058532
1 0.270833 0.163856 0.012401 0.058532
1 0.286458 0.156746 0.016865 0.072090
1 0.300099 0.151124 0.016865 0.072090
1 0.308036 0.140708 0.018353 0.073743
1 0.326637 0.125827 0.018353 0.073743
1 0.339534 0.112930 0.018353 0.073743
1 0.355655 0.103836 0.024306 0.070767
1 0.396577 0.074074 0.023810 0.098545
1 0.417163 0.061839 0.030258 0.099868
1 0.451637 0.043981 0.029762 0.087302
1 0.474454 0.036376 0.030258 0.072090
16 0.126984 0.159226 0.016865 0.038690
16 0.170883 0.161541 0.016865 0.038690
16 0.213046 0.166501 0.016865 0.038690
10 0.133433 0.048115 0.012401 0.020833
10 0.179563 0.052745 0.012401 0.020833
10 0.224702 0.057705 0.012401 0.020833
10 0.201637 0.015046 0.012401 0.020833
10 0.151538 0.010582 0.012401 0.020503
10 0.250000 0.017361 0.012401 0.020833
