11 0.254216 0.231151 0.017857 0.146164
11 0.264633 0.235284 0.012401 0.141865
11 0.274554 0.240741 0.014385 0.134921
11 0.290675 0.254299 0.014881 0.128307
11 0.298735 0.257606 0.011161 0.129630
11 0.306548 0.264054 0.009425 0.126653
11 0.319692 0.275628 0.012897 0.121362
11 0.328001 0.280919 0.009177 0.122024
11 0.453869 0.292989 0.023810 0.146825
11 0.499132 0.320106 0.021081 0.073413
10 0.239707 0.294974 0.016617 0.021825
10 0.291419 0.118056 0.045635 0.039021
10 0.320437 0.152612 0.032242 0.030754
10 0.388393 0.158896 0.063492 0.038029
10 0.393229 0.216601 0.033978 0.021825
10 0.405010 0.236111 0.020337 0.017857
10 0.467758 0.264220 0.031746 0.021825
12 0.526538 0.187169 0.015873 0.077381
12 0.542659 0.226356 0.015377 0.062500
12 0.438492 0.036872 0.032738 0.073082
12 0.494172 0.131779 0.015129 0.079034
12 0.476687 0.099372 0.027282 0.086971
9 0.534846 0.397652 0.018105 0.022156
9 0.577629 0.397156 0.016865 0.023148
9 0.620784 0.398148 0.017361 0.019180
9 0.696181 0.399140 0.016369 0.021164
10 0.555680 0.413856 0.016121 0.016865
10 0.523313 0.413525 0.014881 0.016204
10 0.605283 0.414352 0.016617 0.017857
10 0.636533 0.414683 0.015625 0.015873
10 0.684524 0.414352 0.013889 0.019841
10 0.718750 0.413856 0.015377 0.017526
1 0.694816 0.406250 0.017113 0.063823
1 0.621032 0.406250 0.013889 0.065807
1 0.578125 0.408069 0.012897 0.060185
1 0.535838 0.406911 0.016121 0.062500
9 0.989211 0.369544 0.019097 0.023479
9 0.988839 0.334160 0.020337 0.023479
10 0.978299 0.207837 0.015129 0.028770
10 0.521577 0.033234 0.025298 0.044643
