2 0.395139 0.057118 0.171759 0.113542
2 0.281250 0.076042 0.152315 0.151389
2 0.181713 0.118229 0.148611 0.147569
3 0.365509 0.137500 0.099537 0.165972
3 0.260417 0.174653 0.086574 0.149306
3 0.173611 0.213542 0.087037 0.137500
1 0.125000 0.451910 0.031481 0.051042
1 0.098148 0.456076 0.027778 0.048958
1 0.071991 0.458507 0.027315 0.048264
9 0.933102 0.106250 0.037500 0.034722
9 0.387269 0.172569 0.054167 0.045139
9 0.281019 0.209375 0.047222 0.043750
9 0.192130 0.242361 0.047222 0.039583
9 0.075231 0.449306 0.018056 0.013194
9 0.075000 0.469618 0.016667 0.013542
9 0.103009 0.445486 0.018981 0.013194
9 0.101852 0.466840 0.019444 0.012153
9 0.130324 0.440625 0.018981 0.015278
9 0.128704 0.462847 0.019444 0.014583
13 0.118287 0.546181 0.079167 0.054861
6 0.359954 0.372743 0.129167 0.168403
6 0.293056 0.385937 0.115741 0.150347
10 0.134259 0.412847 0.023148 0.020139
10 0.097222 0.287153 0.027778 0.032639
10 0.387037 0.021701 0.059259 0.042708
10 0.289352 0.059201 0.051852 0.042708
10 0.756250 0.244097 0.031019 0.034722
14 0.649537 0.520312 0.700926 0.771875
