14 0.470139 0.611632 0.217130 0.199653
6 0.849537 0.503125 0.059259 0.089583
6 0.915741 0.505729 0.059259 0.090625
6 0.976852 0.507812 0.046296 0.088542
1 0.393056 0.317014 0.037037 0.100000
1 0.515972 0.326736 0.035648 0.097222
1 0.635417 0.333854 0.035648 0.094792
1 0.838426 0.344792 0.053704 0.098611
0 0.749074 0.457986 0.061111 0.094444
9 0.392361 0.302778 0.034722 0.027083
9 0.392361 0.346701 0.033796 0.026736
9 0.515972 0.311458 0.032870 0.026389
9 0.516435 0.354514 0.031944 0.025000
9 0.634722 0.360764 0.034259 0.024306
9 0.634722 0.319271 0.032407 0.025347
9 0.830093 0.370486 0.028704 0.025000
9 0.828009 0.331250 0.031019 0.023611
9 0.937037 0.377778 0.030556 0.024306
9 0.736343 0.440625 0.033796 0.023611
9 0.737037 0.483160 0.034259 0.025347
10 0.391667 0.255729 0.032407 0.023958
10 0.506481 0.264757 0.030556 0.022569
10 0.618287 0.273611 0.030093 0.019444
10 0.803472 0.286111 0.031019 0.018750
10 0.903935 0.293924 0.028241 0.019792
10 0.634722 0.467361 0.016667 0.011806
10 0.577315 0.539757 0.015741 0.012153
10 0.805093 0.546181 0.015741 0.012500
15 0.619444 0.464583 0.037037 0.039583
15 0.685185 0.473438 0.028704 0.025347
15 0.756713 0.468750 0.040278 0.037500
12 0.808796 0.503472 0.018519 0.033333
12 0.587963 0.498264 0.017593 0.029167
11 0.585648 0.563021 0.008333 0.039236
11 0.601620 0.562674 0.009722 0.038542
11 0.617824 0.563194 0.010648 0.038194
11 0.653241 0.564931 0.010185 0.039583
11 0.668981 0.564757 0.010185 0.037153
11 0.684722 0.564757 0.009259 0.037153
11 0.749537 0.566319 0.008333 0.038194
