1 0.671528 0.263889 0.114583 0.303704
1 0.215972 0.512500 0.078472 0.215741
1 0.286285 0.476852 0.082292 0.222222
1 0.824306 0.178704 0.121528 0.328704
1 0.115278 0.567593 0.085417 0.187037
1 0.369792 0.430787 0.094444 0.239352
1 0.546007 0.335648 0.110764 0.269444
1 0.027257 0.622222 0.053819 0.172222
1 0.066493 0.599769 0.079514 0.182870
9 0.552951 0.412037 0.062847 0.084259
9 0.679861 0.352778 0.068056 0.088889
9 0.834722 0.273843 0.076389 0.096759
9 0.233854 0.478009 0.041319 0.059722
9 0.374306 0.496065 0.051389 0.071759
9 0.564063 0.293287 0.060069 0.081019
13 0.707812 0.860417 0.309375 0.279167
13 0.075000 0.919444 0.149306 0.161111
13 0.315625 0.896759 0.239583 0.206481
9 0.844444 0.134028 0.073611 0.102315
9 0.689757 0.220139 0.064931 0.086574
9 0.739236 0.539120 0.062500 0.081019
9 0.881597 0.490741 0.063889 0.085185
9 0.387326 0.391667 0.047569 0.069444
9 0.305035 0.439815 0.045486 0.064815
9 0.289410 0.537037 0.049653 0.067593
9 0.221528 0.569676 0.046528 0.063426
9 0.117188 0.621528 0.042708 0.055093
9 0.128993 0.535185 0.040625 0.054630
9 0.067535 0.645602 0.039236 0.052315
9 0.079340 0.566898 0.039236 0.052315
9 0.031250 0.590741 0.035417 0.050926
9 0.019097 0.666204 0.035417 0.050926
9 0.373090 0.667593 0.047569 0.062037
9 0.450694 0.637731 0.044444 0.063426
10 0.124653 0.122222 0.045139 0.060185
10 0.433681 0.271991 0.039583 0.049537
10 0.391840 0.325000 0.044792 0.060185
10 0.753125 0.060648 0.050694 0.060185
10 0.157812 0.469444 0.039931 0.051852
