15 0.459549 0.602546 0.071875 0.194907
15 0.621875 0.640741 0.073611 0.133333
15 0.307292 0.607870 0.079167 0.186111
12 0.502951 0.704630 0.047569 0.159259
12 0.721875 0.701852 0.054861 0.158333
12 0.144618 0.699074 0.057986 0.135185
10 0.981771 0.948611 0.036458 0.062963
10 0.743924 0.929630 0.056597 0.069444
10 0.621354 0.933333 0.044097 0.051852
10 0.606076 0.535417 0.044792 0.046759
10 0.451562 0.924074 0.038542 0.049074
10 0.420486 0.541204 0.045139 0.052778
10 0.246528 0.545602 0.043750 0.049537
10 0.292882 0.913426 0.039931 0.049074
10 0.113715 0.894676 0.048264 0.058796
