1 0.531771 0.584491 0.028125 0.100463
1 0.465625 0.580093 0.029167 0.100926
1 0.597396 0.589583 0.032292 0.096759
10 0.093229 0.221991 0.035764 0.060648
12 0.318576 0.184259 0.022569 0.065741
12 0.951736 0.265278 0.020139 0.054630
12 0.753646 0.241435 0.017708 0.056944
12 0.438194 0.765278 0.013194 0.032407
12 0.106771 0.158333 0.026736 0.063889
12 0.357812 0.188889 0.023264 0.060185
12 0.985764 0.268519 0.020139 0.054630
12 0.256597 0.177778 0.023611 0.063889
13 0.775347 0.790509 0.112500 0.126389
13 0.524306 0.774769 0.110417 0.121759
15 0.218924 0.544213 0.071181 0.134722
14 0.813542 0.880093 0.076389 0.112963
14 0.138715 0.866204 0.069792 0.167593
13 0.254688 0.764815 0.103125 0.129630
13 0.972743 0.798380 0.054514 0.119907
6 0.607986 0.802778 0.022222 0.077778
6 0.631597 0.803704 0.015278 0.077778
6 0.315278 0.791435 0.022222 0.081944
6 0.343056 0.791435 0.022222 0.081944
15 0.418229 0.730093 0.018403 0.042593
15 0.346528 0.731250 0.019444 0.038426
15 0.827257 0.768287 0.017708 0.025463
12 0.536285 0.769907 0.008681 0.034259
12 0.571875 0.773148 0.009028 0.032407
12 0.905208 0.259722 0.020139 0.054630
12 0.788889 0.245370 0.020139 0.054630
12 0.700000 0.234722 0.020139 0.054630
12 0.053299 0.150463 0.026736 0.063889
12 0.010069 0.142361 0.019444 0.068981
8 0.051562 0.157639 0.029514 0.043981
8 0.122917 0.168519 0.028472 0.047222
8 0.237153 0.183102 0.024306 0.042130
7 0.302431 0.193519 0.025000 0.043519
7 0.367361 0.203704 0.025000 0.043519
7 0.698785 0.242130 0.032986 0.043519
7 0.756944 0.249074 0.035417 0.041667
7 0.810417 0.255324 0.034722 0.043981
7 0.907118 0.267824 0.041319 0.041204
7 0.957986 0.278472 0.035417 0.032870
11 0.370486 0.820833 0.008333 0.045370
11 0.406597 0.823148 0.008333 0.045370
11 0.415625 0.822685 0.008333 0.045370
11 0.485590 0.838194 0.007986 0.024537
11 0.493229 0.836806 0.007986 0.024537
11 0.501215 0.836343 0.007986 0.024537
11 0.527951 0.838657 0.007986 0.024537
11 0.535937 0.838657 0.007986 0.024537
11 0.570312 0.840046 0.007986 0.024537
2 0.966146 0.592130 0.053125 0.085185
2 0.858854 0.581713 0.053125 0.083796
2 0.794444 0.579167 0.052778 0.085185
2 0.726562 0.573843 0.046181 0.085648
2 0.350521 0.545139 0.042014 0.088426
2 0.278299 0.543519 0.045486 0.099074
2 0.068750 0.524074 0.049306 0.092593
3 0.321528 0.587963 0.031250 0.101852
3 0.700347 0.615046 0.031944 0.095833
3 0.768403 0.619676 0.031944 0.095833
3 0.830903 0.621991 0.031944 0.095833
3 0.939583 0.630556 0.034722 0.095370
0 0.969444 0.720602 0.038889 0.056944
0 0.931771 0.719213 0.033681 0.059722
7 0.822049 0.715509 0.022569 0.062500
7 0.786285 0.711574 0.022569 0.062037
7 0.748611 0.709259 0.024306 0.060185
1 0.678299 0.705093 0.021181 0.065741
1 0.597569 0.697917 0.020139 0.066204
1 0.367708 0.684259 0.020139 0.068519
1 0.323264 0.681944 0.020139 0.068519
1 0.279167 0.678704 0.020139 0.068519
1 0.153819 0.673843 0.022917 0.065278
10 0.286806 0.633796 0.015278 0.023148
10 0.330208 0.635648 0.013889 0.022222
10 0.372222 0.637269 0.013194 0.019907
10 0.590625 0.652778 0.013889 0.022222
10 0.668056 0.657407 0.013889 0.022222
10 0.630035 0.655787 0.009375 0.022685
10 0.734028 0.662963 0.013889 0.022222
10 0.771181 0.666667 0.013889 0.022222
10 0.808333 0.667130 0.013889 0.023148
10 0.908507 0.675231 0.014931 0.022685
10 0.944097 0.676852 0.014583 0.022222
10 0.936111 0.544444 0.020139 0.032407
10 0.968056 0.525926 0.020139 0.032407
10 0.897569 0.411574 0.029167 0.044444
10 0.939757 0.372454 0.030208 0.045833
10 0.986458 0.326157 0.027083 0.052315
10 0.793056 0.508333 0.018750 0.031481
10 0.818576 0.485648 0.021181 0.034259
10 0.711806 0.296065 0.032639 0.053241
10 0.416146 0.263426 0.029514 0.057407
10 0.413542 0.320833 0.023611 0.052778
10 0.412326 0.368287 0.021875 0.044907
10 0.099132 0.554630 0.051736 0.088889
10 0.343056 0.729398 0.010417 0.018056
10 0.419792 0.732639 0.010417 0.018056
10 0.439236 0.800231 0.011806 0.014352
10 0.475694 0.801157 0.011806 0.014352
10 0.590104 0.806713 0.011458 0.014352
10 0.727951 0.797685 0.010069 0.014815
9 0.959549 0.710880 0.017014 0.020833
9 0.963368 0.735417 0.017014 0.020833
9 0.925868 0.734954 0.017014 0.020833
9 0.924132 0.707639 0.017014 0.020833
9 0.820660 0.706250 0.017014 0.020833
9 0.822743 0.728935 0.017014 0.020833
9 0.784201 0.724769 0.017014 0.020833
9 0.784201 0.699769 0.017014 0.020833
9 0.745313 0.696991 0.017014 0.020833
9 0.745313 0.722917 0.017014 0.020833
9 0.676910 0.692361 0.017014 0.020833
9 0.677951 0.719213 0.017014 0.020833
9 0.596007 0.687037 0.014931 0.020370
9 0.596354 0.712963 0.014931 0.020370
9 0.368403 0.673380 0.015278 0.018981
9 0.323958 0.671528 0.015278 0.018981
9 0.279514 0.668750 0.015278 0.018981
9 0.156424 0.661574 0.017014 0.021296
9 0.152951 0.689352 0.017014 0.021296
9 0.080382 0.509954 0.028125 0.037500
9 0.286285 0.526389 0.023264 0.031481
9 0.357465 0.532870 0.023264 0.031481
9 0.321007 0.616667 0.023264 0.031481
9 0.340278 0.574306 0.020833 0.028241
9 0.464931 0.562037 0.020833 0.027778
9 0.463889 0.604398 0.022222 0.029167
9 0.530556 0.609259 0.020833 0.028704
9 0.531597 0.568056 0.020833 0.028704
9 0.596007 0.571991 0.022569 0.030093
9 0.596007 0.613657 0.021875 0.029167
9 0.700868 0.642361 0.022569 0.030093
9 0.723611 0.561574 0.021528 0.027778
9 0.765625 0.645370 0.024306 0.028704
9 0.785069 0.565278 0.022222 0.027778
9 0.828993 0.649306 0.026736 0.031944
9 0.847569 0.572685 0.022222 0.029630
9 0.901389 0.618056 0.020139 0.027778
9 0.744444 0.607176 0.017361 0.024537
9 0.936458 0.657639 0.027778 0.030093
9 0.952083 0.579861 0.023611 0.030093
9 0.990104 0.661111 0.019792 0.028704
9 0.594965 0.458565 0.017708 0.033796
9 0.583160 0.485417 0.018403 0.032870
9 0.573958 0.507176 0.018750 0.031944
9 0.438715 0.444444 0.019097 0.031481
9 0.378819 0.440509 0.020139 0.036574
9 0.019618 0.558102 0.021181 0.030093
9 0.234201 0.743750 0.014931 0.020833
