15 0.942361 0.262500 0.074306 0.116667
13 0.186285 0.494676 0.114236 0.113426
13 0.467014 0.494676 0.093056 0.104167
13 0.731250 0.499074 0.103472 0.104630
14 0.793924 0.589352 0.071875 0.105556
6 0.269271 0.521991 0.022569 0.065278
6 0.297049 0.520833 0.021181 0.064815
6 0.641667 0.525231 0.020139 0.060648
6 0.616840 0.524074 0.017708 0.061111
3 0.091493 0.303241 0.041319 0.114815
3 0.171528 0.305324 0.040278 0.108796
3 0.249132 0.310185 0.037847 0.105556
3 0.659896 0.321759 0.034375 0.102778
3 0.730382 0.323380 0.032986 0.103241
3 0.800868 0.323611 0.034375 0.104630
2 0.116840 0.256019 0.038542 0.097222
2 0.193056 0.258102 0.038194 0.098611
2 0.269965 0.262037 0.037153 0.097222
2 0.683160 0.275231 0.043403 0.092130
2 0.757639 0.277778 0.047222 0.092593
2 0.828472 0.280093 0.050000 0.089815
1 0.396007 0.297222 0.021875 0.105556
1 0.469097 0.299306 0.020833 0.102315
1 0.541319 0.300926 0.020139 0.100926
1 0.078125 0.413426 0.015972 0.063889
1 0.124132 0.415509 0.016319 0.061574
1 0.170833 0.416204 0.015278 0.061111
1 0.249306 0.417130 0.015972 0.067593
1 0.295139 0.419676 0.014583 0.065278
1 0.578299 0.427546 0.014236 0.062500
1 0.620139 0.428935 0.014583 0.062500
1 0.662847 0.429398 0.015972 0.062500
7 0.736979 0.432870 0.018403 0.063889
7 0.778993 0.434028 0.020486 0.063426
7 0.819792 0.435648 0.020139 0.064815
0 0.894097 0.434259 0.028472 0.058333
9 0.926389 0.423611 0.013194 0.014815
9 0.927431 0.449537 0.013194 0.015741
9 0.886632 0.422917 0.012153 0.015278
9 0.887153 0.448843 0.013194 0.014352
9 0.815972 0.447917 0.011806 0.015278
9 0.815799 0.421528 0.011458 0.014352
9 0.775174 0.420370 0.012847 0.014815
9 0.734028 0.419676 0.011111 0.015278
9 0.268750 0.457870 0.011806 0.014815
9 0.311979 0.459259 0.010764 0.015741
9 0.171701 0.404630 0.013542 0.016667
9 0.170833 0.432407 0.013889 0.016667
9 0.125521 0.403241 0.013542 0.015741
9 0.125000 0.431944 0.013889 0.016667
9 0.079167 0.402083 0.014583 0.016204
9 0.077951 0.430324 0.014931 0.017130
9 0.085069 0.336806 0.024306 0.029167
9 0.164583 0.338657 0.021528 0.028241
9 0.124306 0.243981 0.022917 0.027778
9 0.200694 0.246065 0.022222 0.027315
9 0.183333 0.293287 0.019444 0.027315
9 0.277431 0.250000 0.021528 0.028704
9 0.241840 0.341667 0.021875 0.027778
9 0.395833 0.278935 0.020139 0.026389
9 0.395313 0.325926 0.020486 0.026852
9 0.469444 0.282639 0.020139 0.026389
9 0.469097 0.328472 0.020139 0.023611
9 0.541146 0.329398 0.019792 0.025463
9 0.541667 0.284491 0.020139 0.025463
9 0.653125 0.353704 0.019444 0.026852
9 0.682639 0.265046 0.019444 0.025463
9 0.667188 0.308333 0.019097 0.025000
9 0.724653 0.354398 0.019444 0.026389
9 0.752604 0.267130 0.019792 0.026852
9 0.739236 0.311343 0.016667 0.027315
9 0.776042 0.316898 0.017361 0.024537
9 0.794792 0.355556 0.021528 0.025926
9 0.808681 0.312269 0.016667 0.027315
9 0.822569 0.268287 0.021528 0.024537
9 0.886632 0.321065 0.019792 0.024537
9 0.377604 0.148843 0.018403 0.024537
9 0.311458 0.146528 0.018750 0.024537
9 0.553819 0.156713 0.017361 0.023611
9 0.547222 0.190046 0.013889 0.022685
9 0.540799 0.220833 0.012153 0.021296
9 0.618056 0.160648 0.018056 0.023148
10 0.323785 0.058102 0.019097 0.027315
10 0.631771 0.018287 0.019792 0.031019
10 0.613889 0.073148 0.020139 0.026852
10 0.090278 0.365741 0.013194 0.015741
10 0.135069 0.367130 0.012500 0.016667
10 0.179688 0.368519 0.012847 0.014815
10 0.256771 0.370370 0.012847 0.013889
10 0.300521 0.372685 0.012153 0.014815
10 0.614583 0.382870 0.011111 0.012963
10 0.654687 0.384028 0.011458 0.013426
10 0.725868 0.385417 0.012153 0.014352
10 0.765799 0.386111 0.012153 0.013889
10 0.805729 0.386806 0.012153 0.013426
10 0.875347 0.389120 0.011806 0.013426
10 0.913715 0.389815 0.012847 0.012963
15 0.810590 0.489583 0.014236 0.017130
15 0.828472 0.489352 0.014583 0.017593
15 0.417535 0.466204 0.014236 0.033333
12 0.397049 0.498380 0.009375 0.025463
10 0.415972 0.471528 0.008333 0.009722
12 0.531944 0.500926 0.006944 0.024074
15 0.565972 0.473843 0.013194 0.022685
15 0.531250 0.471528 0.015972 0.026389
11 0.346875 0.552315 0.005556 0.035185
11 0.354687 0.552778 0.004514 0.033333
11 0.390972 0.552778 0.006250 0.033333
11 0.409028 0.553935 0.004861 0.033796
11 0.417535 0.554167 0.004514 0.033333
11 0.486632 0.565972 0.006597 0.018981
11 0.494097 0.566667 0.006250 0.018519
11 0.520660 0.567361 0.007292 0.018056
11 0.527951 0.567130 0.005903 0.015741
11 0.554861 0.566435 0.006944 0.018981
11 0.562153 0.566667 0.006944 0.017593
