6 0.540509 0.479687 0.155093 0.256597
6 0.403704 0.498090 0.139815 0.239931
6 0.272222 0.518056 0.179630 0.229167
1 0.143519 0.165104 0.144444 0.223958
1 0.318056 0.111979 0.155556 0.223264
9 0.179630 0.137326 0.068519 0.058681
9 0.168056 0.228472 0.063889 0.056944
9 0.344676 0.172569 0.071759 0.061111
9 0.352083 0.074132 0.077315 0.062153
9 0.395370 0.326910 0.065741 0.053819
9 0.577083 0.284201 0.075463 0.058681
9 0.556944 0.103646 0.084259 0.068403
10 0.719444 0.530035 0.033333 0.023958
10 0.602546 0.543576 0.032870 0.022569
10 0.741204 0.671528 0.030556 0.022917
10 0.634954 0.675000 0.028241 0.023611
11 0.756481 0.740799 0.021296 0.078125
11 0.728472 0.742361 0.019907 0.077778
11 0.672685 0.739931 0.020370 0.081944
11 0.623380 0.741493 0.018981 0.073958
11 0.644676 0.741319 0.043056 0.090972
11 0.647685 0.742361 0.019444 0.079167
12 0.689583 0.603993 0.034722 0.062153
15 0.669444 0.535417 0.104630 0.076389
8 0.784259 0.426042 0.041667 0.021528
8 0.709722 0.396528 0.037963 0.023611
8 0.033102 0.557813 0.022685 0.012847
