1 0.219618 0.441435 0.026042 0.092130
1 0.369097 0.478704 0.025000 0.076852
1 0.319618 0.466667 0.023264 0.083333
1 0.151910 0.427083 0.028125 0.097685
1 0.513194 0.513426 0.022222 0.065741
1 0.074653 0.410185 0.030556 0.104630
1 0.591667 0.532176 0.020139 0.058796
8 0.198264 0.122454 0.022222 0.043056
10 0.838542 0.335417 0.019444 0.039352
10 0.810937 0.312269 0.023958 0.043056
10 0.716493 0.235185 0.025347 0.048148
10 0.754514 0.269444 0.024306 0.046296
10 0.372569 0.206250 0.022917 0.051389
10 0.142361 0.354167 0.022917 0.040741
10 0.091667 0.050694 0.031250 0.069907
13 0.122917 0.618056 0.118750 0.112963
13 0.352083 0.631481 0.086806 0.090741
13 0.500694 0.641667 0.070833 0.075926
14 0.930035 0.721759 0.139931 0.311111
15 0.041493 0.625926 0.032292 0.051852
15 0.457986 0.642824 0.020139 0.040278
13 0.599132 0.646991 0.044792 0.065278
16 0.024132 0.337037 0.047569 0.078704
16 0.040799 0.300694 0.062847 0.099537
16 0.071528 0.262731 0.068056 0.100463
15 0.575694 0.650926 0.013889 0.033333
15 0.307812 0.639815 0.021181 0.042593
15 0.219444 0.634259 0.026389 0.045370
12 0.028993 0.670139 0.013542 0.036574
12 0.203125 0.671759 0.013194 0.031481
8 0.592535 0.336111 0.021875 0.021296
8 0.568403 0.322917 0.022917 0.021759
8 0.468924 0.269444 0.023264 0.030556
8 0.444444 0.248380 0.016667 0.026389
8 0.329688 0.188889 0.026736 0.030556
8 0.286458 0.167130 0.027083 0.034259
8 0.138542 0.085417 0.024306 0.040278
8 0.072396 0.049769 0.022569 0.041204
1 0.544965 0.518981 0.023958 0.064815
1 0.481597 0.505787 0.025000 0.068056
1 0.412326 0.488426 0.025347 0.073148
1 0.905035 0.425463 0.039931 0.092593
1 0.855556 0.393287 0.047222 0.101389
1 0.842361 0.504167 0.045139 0.106481
1 0.676910 0.553241 0.020486 0.055556
1 0.839063 0.592361 0.018403 0.040278
2 0.954861 0.427315 0.059028 0.074074
3 0.939931 0.474537 0.036806 0.071296
9 0.836285 0.479861 0.027431 0.033796
9 0.839063 0.529861 0.027431 0.033796
9 0.853646 0.415278 0.026736 0.031481
9 0.850174 0.371296 0.026736 0.031481
9 0.872569 0.392361 0.024306 0.030093
9 0.877778 0.432639 0.024306 0.030093
9 0.900521 0.447685 0.021875 0.028704
9 0.896007 0.408796 0.023264 0.026852
9 0.933507 0.417130 0.019792 0.025926
9 0.934201 0.451852 0.019792 0.025926
9 0.935937 0.485417 0.021181 0.025463
9 0.834375 0.616898 0.010417 0.013426
9 0.838021 0.600463 0.010069 0.012037
9 0.836632 0.584259 0.010069 0.012037
10 0.831250 0.564583 0.009028 0.015278
9 0.694965 0.569444 0.011458 0.017593
9 0.693229 0.547454 0.011458 0.016204
9 0.674826 0.542824 0.011458 0.016204
9 0.676562 0.566435 0.011458 0.016204
9 0.590799 0.546759 0.014236 0.018519
9 0.614062 0.552315 0.012153 0.016667
9 0.613368 0.527315 0.012153 0.016667
9 0.542535 0.536111 0.015625 0.018519
9 0.540104 0.508796 0.015625 0.018519
9 0.512326 0.500463 0.015625 0.018519
9 0.512500 0.529398 0.015972 0.018981
9 0.478993 0.522454 0.015625 0.020833
9 0.478646 0.492361 0.015625 0.020833
9 0.411979 0.475231 0.015625 0.020833
9 0.412674 0.507176 0.015625 0.020833
9 0.367882 0.498148 0.017014 0.022222
9 0.368924 0.464352 0.017014 0.022222
9 0.319792 0.452083 0.018056 0.023611
9 0.319444 0.488657 0.019444 0.024537
9 0.218229 0.466667 0.020486 0.025926
9 0.219618 0.425463 0.020486 0.025926
9 0.152604 0.409259 0.023264 0.028704
9 0.150868 0.452315 0.023264 0.028704
9 0.074653 0.435185 0.025000 0.030556
9 0.077257 0.389583 0.023958 0.030093
10 0.059375 0.100694 0.031250 0.061574
10 0.033160 0.146991 0.027431 0.060648
10 0.337674 0.409259 0.014236 0.026852
10 0.351910 0.418287 0.017014 0.029167
10 0.363715 0.396065 0.014236 0.029167
10 0.391840 0.381944 0.017014 0.029630
10 0.470660 0.342361 0.018403 0.031944
10 0.507812 0.325000 0.018403 0.037037
10 0.548785 0.306481 0.019097 0.038889
10 0.663021 0.369676 0.017708 0.029167
10 0.588194 0.396065 0.015972 0.030093
10 0.510069 0.425926 0.013889 0.026852
10 0.483681 0.436111 0.013889 0.026852
10 0.457986 0.447454 0.013194 0.025463
10 0.600000 0.458565 0.012500 0.024537
9 0.589757 0.521759 0.014236 0.018519
10 0.933681 0.533102 0.009028 0.015278
10 0.915799 0.396296 0.019792 0.034259
10 0.898438 0.381019 0.017708 0.037963
10 0.861806 0.355324 0.019444 0.039352
10 0.671528 0.194907 0.028472 0.050926
10 0.671875 0.484491 0.011111 0.020833
9 0.675694 0.426157 0.012500 0.023611
9 0.697917 0.411111 0.011806 0.022222
9 0.709375 0.415741 0.011806 0.022222
9 0.744271 0.457870 0.010764 0.021296
9 0.754167 0.461806 0.009722 0.020833
