14 0.765741 0.538715 0.237037 0.248264
14 0.392824 0.639410 0.392130 0.326736
6 0.063889 0.280208 0.126852 0.230556
6 0.147685 0.305208 0.183333 0.209028
6 0.246296 0.327083 0.162037 0.190278
1 0.375694 0.072396 0.114352 0.144097
7 0.559028 0.150000 0.108796 0.162500
7 0.638194 0.191493 0.113426 0.151736
7 0.690972 0.225694 0.093981 0.140972
0 0.801852 0.267882 0.115741 0.109375
0 0.840278 0.289410 0.107407 0.103125
0 0.873611 0.308160 0.104630 0.098264
9 0.066667 0.132465 0.071296 0.056597
9 0.210648 0.183333 0.062037 0.047222
9 0.211574 0.030556 0.066667 0.059028
9 0.351620 0.096354 0.064352 0.053819
9 0.349306 0.022569 0.063426 0.044444
9 0.531944 0.115625 0.053704 0.044444
9 0.531481 0.182812 0.050926 0.042708
9 0.608102 0.220486 0.045833 0.042361
9 0.669907 0.194097 0.052778 0.036806
9 0.672685 0.250521 0.044444 0.039931
9 0.762037 0.245486 0.036111 0.033333
9 0.764583 0.294618 0.038426 0.032292
9 0.803009 0.269444 0.032870 0.029167
9 0.839120 0.290972 0.033796 0.028472
9 0.603241 0.377951 0.038889 0.030903
9 0.602778 0.429340 0.040741 0.030208
1 0.595602 0.406944 0.060648 0.107639
10 0.742593 0.203125 0.042593 0.038889
10 0.599537 0.113021 0.050926 0.051736
10 0.530324 0.071701 0.056019 0.060069
10 0.446528 0.026910 0.057870 0.053125
15 0.284954 0.389931 0.056019 0.039583
15 0.317593 0.395139 0.053704 0.038194
