10 0.570660 0.108333 0.047569 0.063889
10 0.505903 0.072685 0.054167 0.069444
10 0.625347 0.136343 0.047917 0.056944
10 0.878472 0.313889 0.023611 0.038889
15 0.295833 0.289352 0.101389 0.065741
15 0.181076 0.365046 0.045486 0.034722
8 0.404514 0.271991 0.023611 0.023611
8 0.451215 0.285648 0.021875 0.022222
8 0.489063 0.297685 0.018403 0.023148
11 0.169444 0.487500 0.015972 0.049074
11 0.256424 0.494676 0.006597 0.069907
11 0.356076 0.485648 0.009375 0.026852
11 0.347743 0.487731 0.008681 0.031944
10 0.147917 0.369676 0.017361 0.033796
10 0.161806 0.358102 0.017361 0.033796
10 0.245486 0.343287 0.038889 0.076389
10 0.327604 0.357407 0.039931 0.071296
10 0.434375 0.379630 0.038194 0.065741
10 0.494965 0.390741 0.035764 0.062963
10 0.777431 0.446991 0.029167 0.045833
10 0.806076 0.449537 0.026736 0.037963
10 0.845486 0.458102 0.025000 0.037500
10 0.867014 0.463426 0.024306 0.034259
10 0.840451 0.322917 0.023264 0.043056
10 0.918750 0.285185 0.031944 0.043519
10 0.893924 0.274537 0.031597 0.041667
10 0.867708 0.260648 0.036111 0.041667
10 0.706250 0.191204 0.034722 0.059259
10 0.663368 0.212269 0.031597 0.054167
10 0.623437 0.231481 0.030208 0.051852
