11 0.307540 0.333333 0.014881 0.134259
11 0.335069 0.338624 0.015873 0.132275
11 0.363591 0.335979 0.015873 0.132275
11 0.421503 0.374504 0.017113 0.165675
11 0.446553 0.374339 0.015625 0.171296
11 0.469370 0.376984 0.017113 0.166667
11 0.520461 0.382937 0.017113 0.158730
11 0.387649 0.388724 0.022817 0.124008
14 0.480159 0.536376 0.078869 0.113095
11 0.048115 0.352348 0.026290 0.122685
11 0.013145 0.351687 0.025794 0.122685
5 0.195064 0.247685 0.035466 0.028439
8 0.196553 0.211475 0.012649 0.018188
9 0.164807 0.257110 0.010169 0.015542
9 0.185144 0.261409 0.010169 0.015542
9 0.154142 0.280423 0.010169 0.015873
9 0.177207 0.273148 0.010169 0.015873
10 0.200645 0.276455 0.011409 0.015212
1 0.133805 0.395503 0.012153 0.054233
9 0.133929 0.386078 0.010913 0.014881
9 0.133433 0.407903 0.010913 0.014881
1 0.201761 0.399967 0.011161 0.044643
9 0.200645 0.392526 0.008929 0.011905
9 0.200397 0.412698 0.008929 0.011905
9 0.236855 0.416667 0.008929 0.011905
9 0.236607 0.396164 0.008929 0.011905
9 0.269345 0.399140 0.008929 0.011905
1 0.237475 0.404762 0.011161 0.042989
1 0.270461 0.407738 0.011161 0.042989
13 0.350942 0.498181 0.043651 0.044643
1 0.433408 0.427083 0.009177 0.036706
1 0.458209 0.427745 0.009177 0.036706
1 0.484747 0.430390 0.009177 0.036706
9 0.483135 0.423611 0.007440 0.009259
9 0.482639 0.439484 0.007440 0.009259
9 0.457837 0.420304 0.007440 0.009259
9 0.458333 0.436839 0.007440 0.009259
9 0.432788 0.435516 0.007440 0.009259
9 0.432540 0.417659 0.007440 0.009259
10 0.484499 0.328704 0.008681 0.017196
10 0.529514 0.345569 0.007937 0.012566
10 0.534598 0.386739 0.007688 0.010913
11 0.542411 0.387235 0.016865 0.149471
11 0.562376 0.387235 0.016121 0.154101
16 0.603547 0.429398 0.012153 0.020833
16 0.619668 0.426753 0.012153 0.020833
16 0.636657 0.423446 0.013889 0.021495
10 0.628968 0.353175 0.007937 0.012566
10 0.612351 0.358962 0.007440 0.011574
10 0.595734 0.365245 0.007440 0.011574
15 0.495536 0.165675 0.059028 0.072090
15 0.407614 0.145172 0.055804 0.082011
15 0.308160 0.109127 0.055804 0.082011
12 0.259301 0.201554 0.008185 0.014881
12 0.204241 0.187996 0.008185 0.014881
12 0.352307 0.222057 0.008185 0.014881
12 0.372148 0.227348 0.008185 0.014881
