14 0.796528 0.621528 0.226389 0.278472
7 0.881019 0.258854 0.127778 0.150347
1 0.790972 0.310069 0.081019 0.131250
1 0.746065 0.331944 0.074537 0.120833
1 0.707176 0.352951 0.066204 0.112153
1 0.556250 0.432465 0.055093 0.083681
9 0.977315 0.253819 0.045370 0.040972
9 0.976852 0.185069 0.046296 0.042361
9 0.911343 0.226910 0.050463 0.037153
9 0.901157 0.289236 0.047685 0.038194
9 0.812500 0.283681 0.042593 0.031944
9 0.803935 0.338368 0.043056 0.034375
9 0.958796 0.377604 0.041667 0.031597
9 0.850694 0.413368 0.034722 0.030208
9 0.656944 0.476910 0.026852 0.021181
9 0.655324 0.442535 0.025463 0.019792
9 0.567824 0.417014 0.024537 0.020833
9 0.565509 0.451910 0.024537 0.020486
9 0.500694 0.562674 0.022685 0.019097
9 0.505787 0.532292 0.022685 0.018056
0 0.478704 0.545312 0.077778 0.069097
6 0.579167 0.562153 0.063889 0.079167
10 0.886806 0.206944 0.041204 0.029167
10 0.836574 0.237500 0.037963 0.029167
10 0.615972 0.367708 0.021759 0.016667
10 0.595833 0.380903 0.025000 0.016667
10 0.576157 0.392882 0.022685 0.014236
10 0.180787 0.417014 0.017130 0.011111
10 0.118519 0.411458 0.017593 0.011111
10 0.057407 0.406597 0.016667 0.011806
10 0.046065 0.374653 0.018981 0.013194
10 0.116667 0.381424 0.018519 0.012153
10 0.184722 0.387674 0.018519 0.012847
10 0.113194 0.340625 0.019907 0.014583
10 0.033565 0.333507 0.021759 0.013542
10 0.018056 0.281597 0.025000 0.016667
9 0.215741 0.199653 0.029630 0.022222
9 0.104630 0.188542 0.030556 0.022222
9 0.098380 0.066840 0.035648 0.028125
16 0.179861 0.502778 0.024537 0.028472
16 0.120139 0.498611 0.027315 0.027778
16 0.062963 0.493403 0.027778 0.028472
8 0.444444 0.465104 0.013889 0.013542
8 0.378704 0.460590 0.011111 0.013542
8 0.389352 0.448958 0.012037 0.008333
8 0.457407 0.454340 0.014815 0.008681
8 0.426389 0.415451 0.015741 0.013542
8 0.316898 0.463021 0.018056 0.007292
8 0.313889 0.481076 0.016667 0.005903
8 0.312037 0.500000 0.015741 0.006250
