15 0.892113 0.173776 0.129960 0.233135
13 0.190476 0.514716 0.188988 0.200066
13 0.672991 0.543155 0.180804 0.196759
14 0.518849 0.701389 0.129960 0.248677
12 0.341890 0.119709 0.088542 0.238757
12 0.091394 0.107804 0.097470 0.214947
2 0.603919 0.151786 0.054067 0.164021
2 0.728795 0.160880 0.057788 0.163690
2 0.839162 0.173115 0.034970 0.163029
3 0.541295 0.230159 0.039435 0.191799
3 0.668155 0.245370 0.041667 0.177910
3 0.793031 0.250992 0.039931 0.182540
3 0.814360 0.428902 0.031498 0.116402
3 0.740947 0.421792 0.030010 0.120040
1 0.609871 0.409888 0.024802 0.106151
1 0.533854 0.408730 0.023562 0.114418
15 0.767609 0.503638 0.038194 0.056878
6 0.841890 0.601356 0.030010 0.110119
6 0.797991 0.599372 0.037450 0.112103
10 0.779018 0.502149 0.013889 0.040013
11 0.609871 0.658234 0.010417 0.038029
11 0.623760 0.659722 0.007937 0.037037
11 0.708705 0.665344 0.008185 0.051587
11 0.686384 0.660549 0.009673 0.037368
11 0.699405 0.660384 0.008433 0.037698
11 0.729787 0.662037 0.010665 0.037698
11 0.981523 0.685351 0.011657 0.031415
11 0.965278 0.656250 0.016865 0.046627
12 0.972718 0.569279 0.019841 0.051257
15 0.962426 0.515873 0.041915 0.062831
