13 0.458333 0.519097 0.244444 0.154167
1 0.303241 0.234549 0.057407 0.141319
1 0.481019 0.240972 0.056481 0.145833
1 0.659491 0.253472 0.058796 0.145139
1 0.973380 0.266146 0.053241 0.142708
9 0.304398 0.211285 0.052315 0.040625
9 0.300926 0.274653 0.050000 0.043750
9 0.482407 0.221875 0.050926 0.042361
9 0.478241 0.283854 0.050000 0.042708
9 0.661574 0.230903 0.050000 0.038889
9 0.657407 0.293576 0.050926 0.041319
9 0.973843 0.244271 0.052315 0.040625
9 0.973611 0.307639 0.052778 0.040972
9 0.053935 0.328646 0.050463 0.035069
10 0.489815 0.144271 0.049074 0.053819
10 0.917361 0.529687 0.037500 0.036458
10 0.831250 0.520486 0.039352 0.038194
12 0.956019 0.569792 0.039815 0.069444
12 0.860880 0.565799 0.039352 0.071181
10 0.052083 0.523264 0.032870 0.034722
11 0.900231 0.614757 0.022685 0.096875
