13 0.211806 0.878299 0.299537 0.191319
13 0.554167 0.875694 0.193519 0.138194
13 0.744213 0.873437 0.143981 0.107986
1 0.116667 0.516146 0.109259 0.155903
1 0.245370 0.551215 0.097222 0.140625
1 0.349537 0.580556 0.088889 0.128472
1 0.491898 0.621528 0.084722 0.112500
1 0.557176 0.639410 0.077315 0.106597
1 0.613194 0.656597 0.072685 0.100000
1 0.696528 0.679688 0.070833 0.091319
1 0.736111 0.691319 0.064815 0.087500
1 0.773843 0.701389 0.063426 0.086111
9 0.094907 0.494097 0.062037 0.045833
9 0.110185 0.563715 0.064815 0.047569
9 0.225000 0.532465 0.055556 0.042014
9 0.238426 0.593924 0.058333 0.041319
9 0.330556 0.561458 0.049074 0.038889
9 0.343287 0.619618 0.050463 0.039236
9 0.472222 0.603472 0.045370 0.034722
9 0.488194 0.654340 0.046759 0.035069
9 0.538657 0.622396 0.038426 0.031597
9 0.553935 0.670486 0.042130 0.031250
9 0.596759 0.639583 0.039815 0.029167
9 0.609491 0.685069 0.039352 0.028472
9 0.680556 0.665451 0.037037 0.026042
9 0.694676 0.706076 0.034722 0.027431
9 0.102546 0.682292 0.056019 0.038194
9 0.214583 0.697917 0.046759 0.037500
9 0.442130 0.732986 0.039815 0.030556
9 0.502315 0.742535 0.035185 0.028125
9 0.683102 0.764410 0.029167 0.023264
16 0.890509 0.671528 0.052315 0.053472
16 0.980093 0.651736 0.039815 0.052778
10 0.720602 0.235417 0.061574 0.063194
10 0.574769 0.286632 0.056019 0.060069
10 0.437731 0.336806 0.053241 0.054861
10 0.454630 0.561979 0.043519 0.042708
10 0.404630 0.535417 0.038889 0.044444
10 0.656944 0.461458 0.041667 0.044444
10 0.767361 0.428472 0.043981 0.047917
10 0.886806 0.393056 0.046759 0.050000
10 0.982639 0.484549 0.034722 0.038542
10 0.885880 0.511632 0.034722 0.036458
10 0.793750 0.536632 0.033796 0.037153
10 0.364120 0.271007 0.040278 0.030903
10 0.352546 0.319271 0.068981 0.035069
10 0.298380 0.278646 0.057870 0.028125
