15 0.913938 0.862765 0.031746 0.075397
10 0.962674 0.866567 0.026042 0.049272
13 0.705233 0.864914 0.148562 0.136574
15 0.775050 0.872354 0.028770 0.062831
10 0.733755 0.887897 0.016121 0.033069
13 0.456349 0.891369 0.120536 0.143188
15 0.421875 0.911872 0.015873 0.029431
10 0.395833 0.918155 0.013393 0.025463
15 0.064484 0.944610 0.017857 0.035384
13 0.099702 0.923446 0.079861 0.101521
0 0.096602 0.741237 0.090526 0.084987
9 0.122024 0.722388 0.021825 0.024140
9 0.119296 0.765377 0.021825 0.024140
9 0.080853 0.769676 0.021825 0.024140
9 0.084325 0.729663 0.021825 0.024140
1 0.077877 0.751157 0.029266 0.098214
1 0.189236 0.727348 0.029266 0.112765
1 0.231399 0.718419 0.029266 0.112765
9 0.193204 0.705357 0.017857 0.022487
9 0.193700 0.749669 0.017857 0.022487
9 0.237103 0.741071 0.017857 0.022487
9 0.239087 0.694279 0.018353 0.024802
1 0.377108 0.688161 0.038442 0.115079
1 0.431424 0.672619 0.038442 0.115079
1 0.489955 0.660384 0.038442 0.115079
9 0.381076 0.663360 0.020089 0.032407
9 0.378596 0.712963 0.020089 0.032407
9 0.434400 0.702050 0.020089 0.032407
9 0.436384 0.650463 0.020089 0.032407
9 0.493180 0.636243 0.020089 0.032407
9 0.494668 0.688492 0.020089 0.032407
1 0.605531 0.634755 0.038938 0.120040
1 0.678199 0.618386 0.041419 0.127646
1 0.759053 0.601356 0.038938 0.133267
9 0.609003 0.666832 0.026042 0.036706
9 0.608383 0.611442 0.025794 0.034392
9 0.683408 0.652943 0.026042 0.036706
9 0.682664 0.594742 0.026042 0.036706
9 0.762277 0.637070 0.026042 0.036706
9 0.760045 0.578869 0.026042 0.036706
1 0.914062 0.572090 0.039435 0.144841
9 0.917783 0.608300 0.026042 0.036706
9 0.914807 0.543155 0.029514 0.041997
10 0.904514 0.374669 0.023313 0.029762
10 0.944940 0.402943 0.024802 0.028108
10 0.982019 0.430886 0.023562 0.027778
10 0.787574 0.295470 0.028026 0.036045
10 0.732639 0.257275 0.027282 0.035053
10 0.669147 0.218419 0.030258 0.046627
8 0.723834 0.149636 0.024554 0.032738
8 0.654390 0.174272 0.016617 0.021825
8 0.794023 0.116733 0.022569 0.031085
8 0.551215 0.226190 0.021577 0.029101
8 0.495784 0.249835 0.021825 0.029431
8 0.443948 0.272983 0.020337 0.026124
10 0.395957 0.335483 0.024058 0.032077
10 0.458581 0.365079 0.025794 0.029762
10 0.512897 0.390708 0.025298 0.026786
10 0.428323 0.522156 0.021825 0.026455
10 0.477679 0.541005 0.023810 0.028439
10 0.518477 0.556713 0.019097 0.026124
10 0.228671 0.215278 0.037698 0.060185
10 0.142361 0.262401 0.035218 0.059854
10 0.067336 0.301422 0.035962 0.051918
10 0.634673 0.460317 0.021329 0.030423
10 0.676835 0.482143 0.023313 0.025794
10 0.716394 0.502976 0.021577 0.024471
8 0.937748 0.051091 0.036210 0.041997
