2 0.360590 0.199306 0.194097 0.372685
2 0.748611 0.171991 0.128472 0.343056
3 0.966493 0.422222 0.067014 0.458333
3 0.578125 0.474074 0.128472 0.431481
3 0.170486 0.513194 0.165278 0.418981
8 0.842535 0.649074 0.032986 0.042593
10 0.297396 0.411806 0.101736 0.134722
10 0.678299 0.378935 0.106597 0.148611
10 0.694965 0.137500 0.086458 0.098148
10 0.476042 0.845370 0.039583 0.060185
10 0.511632 0.950231 0.037847 0.056944
9 0.191493 0.637963 0.104514 0.137963
9 0.392882 0.215278 0.096181 0.127778
9 0.759028 0.170139 0.100000 0.119907
9 0.585590 0.602546 0.109375 0.122685
9 0.401736 0.563194 0.079861 0.103241
