14 0.401562 0.613889 0.430903 0.627778
14 0.677604 0.573843 0.170486 0.241204
13 0.951910 0.517824 0.096181 0.096759
15 0.863194 0.537037 0.024306 0.041667
12 0.878299 0.579861 0.011458 0.033796
1 0.456597 0.070370 0.059028 0.139815
1 0.383681 0.289120 0.052083 0.153241
1 0.583854 0.382407 0.023264 0.075000
1 0.708160 0.358565 0.026736 0.084722
1 0.659549 0.368056 0.024653 0.080556
1 0.762326 0.346759 0.021181 0.089815
1 0.877604 0.324074 0.026736 0.100926
1 0.954340 0.309722 0.025347 0.106481
10 0.299306 0.112963 0.024306 0.031481
10 0.344792 0.079861 0.027083 0.029167
10 0.396007 0.040046 0.030208 0.036574
10 0.560417 0.185648 0.018056 0.018519
10 0.600000 0.207870 0.018056 0.019444
10 0.568576 0.337963 0.014931 0.016667
10 0.608333 0.325463 0.013889 0.016667
10 0.550868 0.300000 0.012847 0.014815
10 0.686458 0.256019 0.015278 0.019444
10 0.730556 0.294444 0.018750 0.024074
9 0.547917 0.054167 0.040278 0.054630
9 0.467361 0.028009 0.034028 0.049537
9 0.463194 0.102083 0.034028 0.048611
9 0.392014 0.260880 0.030556 0.042130
9 0.389062 0.331713 0.028819 0.041204
9 0.928646 0.392361 0.021875 0.030093
9 0.756076 0.412963 0.018403 0.024074
9 0.763368 0.368981 0.018403 0.024074
9 0.763368 0.329630 0.018403 0.024074
9 0.954514 0.339352 0.023611 0.030556
9 0.955382 0.292130 0.023264 0.030556
9 0.879340 0.306481 0.021875 0.029630
9 0.878646 0.352315 0.021875 0.029630
9 0.709549 0.379630 0.018403 0.024074
9 0.710938 0.341667 0.018403 0.024074
9 0.661979 0.352778 0.017014 0.022222
9 0.660069 0.388657 0.018056 0.021759
9 0.585417 0.401852 0.015972 0.021296
9 0.586806 0.367593 0.015972 0.021296
9 0.549653 0.377315 0.015972 0.021296
9 0.548090 0.408796 0.014236 0.019444
9 0.555035 0.440046 0.014931 0.019907
9 0.589757 0.435417 0.014236 0.018981
9 0.513542 0.415046 0.014583 0.021759
