14 0.895833 0.442708 0.208333 0.191964
6 0.693948 0.377852 0.045966 0.073165
6 0.653439 0.379340 0.036376 0.070685
6 0.618552 0.384673 0.036706 0.063988
11 0.017196 0.347222 0.033730 0.086806
10 0.112269 0.262525 0.067130 0.033482
12 0.147487 0.193080 0.049603 0.065724
10 0.146329 0.141741 0.043320 0.032490
14 0.137566 0.474206 0.156746 0.102183
14 0.249669 0.460565 0.066799 0.042163
6 0.333168 0.402034 0.030754 0.050595
6 0.311839 0.402778 0.026455 0.052579
6 0.290179 0.405134 0.026124 0.045387
13 0.450231 0.433408 0.055886 0.037450
10 0.858466 0.200645 0.025132 0.029266
10 0.948247 0.185392 0.028108 0.026042
8 0.844742 0.173487 0.026124 0.021081
8 0.896991 0.165303 0.021495 0.020585
8 0.952877 0.154142 0.020833 0.019097
8 0.465443 0.246528 0.024140 0.012401
8 0.438492 0.250992 0.017857 0.010913
8 0.369874 0.263021 0.022156 0.007192
8 0.614749 0.217758 0.019180 0.015873
12 0.847057 0.147941 0.015542 0.012649
12 0.883763 0.140377 0.018188 0.013889
12 0.938988 0.129340 0.019511 0.013641
10 0.931217 0.206845 0.021164 0.021329
10 0.729167 0.226562 0.019180 0.019097
10 0.661376 0.237475 0.020503 0.022073
10 0.601025 0.248016 0.021495 0.018353
10 0.344907 0.292535 0.017196 0.015129
10 0.308201 0.296999 0.015212 0.014137
10 0.275132 0.302455 0.015212 0.012153
10 0.126323 0.329737 0.013889 0.010169
10 0.103836 0.332465 0.013228 0.011657
10 0.351521 0.263269 0.011243 0.009177
1 0.924438 0.332589 0.022156 0.040179
1 0.867394 0.334945 0.019180 0.035962
1 0.815642 0.339906 0.020172 0.030506
1 0.732804 0.352803 0.020503 0.038938
1 0.581184 0.365203 0.019511 0.038938
1 0.516038 0.370908 0.018849 0.035962
1 0.462963 0.373884 0.019841 0.033978
1 0.434028 0.376488 0.016865 0.032242
1 0.407573 0.379464 0.018188 0.032738
1 0.362434 0.380580 0.015873 0.032490
16 0.192295 0.383433 0.018188 0.016865
16 0.166501 0.382937 0.015542 0.015377
9 0.362103 0.375372 0.012566 0.008185
9 0.363757 0.388765 0.011905 0.009177
9 0.408399 0.372024 0.012566 0.008929
9 0.408399 0.385665 0.012566 0.008929
9 0.435351 0.369668 0.012235 0.009177
9 0.435516 0.383805 0.011905 0.007688
9 0.462798 0.367560 0.012897 0.008929
9 0.463294 0.382068 0.013889 0.009177
9 0.515873 0.362971 0.013228 0.010169
9 0.516038 0.378596 0.012235 0.010169
10 0.479001 0.334573 0.010251 0.009425
10 0.454861 0.329861 0.011574 0.011409
10 0.430886 0.326017 0.012566 0.011657
3 0.557044 0.313244 0.024140 0.059524
2 0.579200 0.274058 0.041336 0.058036
3 0.620370 0.303447 0.021825 0.058780
2 0.639881 0.263269 0.038360 0.059772
3 0.685020 0.296007 0.026786 0.065724
2 0.709325 0.240947 0.035714 0.088542
9 0.923776 0.326637 0.016865 0.011409
9 0.868717 0.330109 0.015873 0.012401
9 0.817295 0.335193 0.012897 0.011161
9 0.731978 0.361607 0.013558 0.012401
9 0.732308 0.343006 0.014881 0.009921
9 0.646495 0.349950 0.013889 0.007937
9 0.723380 0.243552 0.022817 0.018849
9 0.336310 0.307416 0.025132 0.010169
9 0.319775 0.353671 0.024471 0.011905
9 0.205688 0.356771 0.019180 0.011161
9 0.206349 0.338170 0.018519 0.011657
9 0.177745 0.359871 0.018849 0.008433
9 0.177083 0.342386 0.014220 0.008185
9 0.151290 0.362599 0.018188 0.010913
9 0.151951 0.345982 0.014220 0.009425
1 0.146825 0.354291 0.027778 0.042411
1 0.175099 0.349702 0.023479 0.045139
1 0.206184 0.347966 0.028770 0.040179
3 0.240906 0.350694 0.022156 0.049107
3 0.271825 0.345982 0.017857 0.050099
3 0.307374 0.342758 0.018849 0.048611
2 0.247851 0.327381 0.027447 0.038194
2 0.280258 0.320561 0.028770 0.042411
2 0.317791 0.306176 0.033069 0.064236
15 0.478340 0.431920 0.022156 0.015625
15 0.066799 0.088914 0.132937 0.069196
