8 0.088046 0.098380 0.021825 0.041336
8 0.218998 0.116402 0.020337 0.037698
8 0.323041 0.126488 0.025546 0.030093
8 0.381200 0.129960 0.023313 0.023148
8 0.439484 0.141204 0.021825 0.031085
8 0.539931 0.159226 0.022321 0.036706
8 0.590030 0.164683 0.028274 0.034392
8 0.640005 0.170470 0.030506 0.034061
8 0.729043 0.179398 0.025546 0.030754
8 0.776662 0.185351 0.028026 0.030754
12 0.823289 0.149306 0.016121 0.023479
12 0.776662 0.145172 0.014633 0.023148
12 0.744420 0.140046 0.018601 0.024140
12 0.635665 0.125661 0.017857 0.027778
12 0.588170 0.118717 0.014633 0.021825
12 0.554191 0.114583 0.018105 0.028108
10 0.158358 0.095899 0.017609 0.026455
10 0.038814 0.202546 0.027034 0.043981
10 0.326141 0.234292 0.022817 0.038029
10 0.497644 0.249008 0.025050 0.039683
10 0.579489 0.256448 0.023562 0.039352
10 0.657986 0.265873 0.026786 0.043651
10 0.930556 0.291832 0.023313 0.038690
10 0.904638 0.317295 0.018105 0.034061
10 0.841518 0.217262 0.064980 0.056878
10 0.798115 0.245536 0.061012 0.049934
10 0.757812 0.271495 0.054315 0.050926
10 0.495908 0.657242 0.012153 0.030093
15 0.077257 0.651124 0.030010 0.052249
15 0.343874 0.649802 0.023065 0.045635
15 0.460813 0.647652 0.021329 0.043320
15 0.848214 0.289187 0.056052 0.088955
10 0.935020 0.510913 0.038194 0.054894
10 0.982639 0.501653 0.034722 0.059524
10 0.863715 0.531085 0.035962 0.052249
13 0.154142 0.660218 0.099950 0.098876
12 0.337922 0.696925 0.012153 0.030754
12 0.303323 0.697090 0.011905 0.030423
1 0.958581 0.385086 0.038194 0.120701
1 0.626860 0.490741 0.023562 0.083995
1 0.571429 0.490245 0.024802 0.086310
1 0.467758 0.487434 0.024306 0.093915
1 0.345114 0.482143 0.020089 0.094577
1 0.227927 0.476356 0.024802 0.096892
1 0.159598 0.472884 0.024554 0.095899
1 0.089410 0.470569 0.025546 0.099206
16 0.027778 0.394676 0.053571 0.076389
9 0.090526 0.450397 0.020833 0.024471
9 0.089038 0.494874 0.020833 0.028108
9 0.160838 0.497851 0.019593 0.024802
9 0.161210 0.454861 0.019345 0.021495
9 0.230531 0.456680 0.018105 0.022487
9 0.230035 0.499504 0.019097 0.025463
9 0.346478 0.463624 0.017361 0.022487
9 0.346230 0.504960 0.016369 0.023810
9 0.468874 0.468419 0.018105 0.022817
9 0.469370 0.507275 0.016617 0.023148
9 0.571057 0.472718 0.019593 0.022817
9 0.571553 0.511905 0.018601 0.023148
9 0.626984 0.475694 0.018353 0.021495
9 0.626984 0.514881 0.017361 0.021825
9 0.821925 0.484458 0.018353 0.018519
9 0.814236 0.398975 0.025298 0.032738
9 0.958085 0.409888 0.028274 0.029431
9 0.955977 0.357639 0.028026 0.032077
10 0.630704 0.388889 0.015377 0.021825
8 0.134673 0.356151 0.022321 0.014550
8 0.198289 0.399967 0.008681 0.012897
8 0.116071 0.391534 0.010417 0.012566
8 0.121528 0.288856 0.012401 0.013558
8 0.203373 0.294147 0.011905 0.012235
8 0.135417 0.263889 0.025298 0.013889
8 0.129464 0.275794 0.028274 0.013228
