8 0.142113 0.065146 0.042659 0.058862
8 0.250992 0.052414 0.041667 0.055886
12 0.171875 0.045800 0.037202 0.090939
12 0.278894 0.038525 0.031002 0.076389
12 0.344742 0.031250 0.028274 0.061839
8 0.359995 0.039021 0.032490 0.051587
10 0.978795 0.062996 0.042411 0.063823
10 0.963666 0.163029 0.035466 0.050926
10 0.944444 0.250827 0.036210 0.055886
10 0.418031 0.141038 0.049851 0.065807
10 0.441344 0.235780 0.039435 0.050926
10 0.461558 0.313823 0.037202 0.050265
15 0.070809 0.680225 0.108383 0.212963
8 0.198909 0.762401 0.044147 0.028108
1 0.207341 0.920966 0.030754 0.113095
10 0.145337 0.849041 0.023313 0.029431
10 0.218006 0.841601 0.021825 0.027116
9 0.206969 0.901290 0.024058 0.031415
9 0.206225 0.952546 0.023065 0.033399
9 0.132192 0.909557 0.025794 0.032077
9 0.128968 0.959987 0.024802 0.033069
15 0.918403 0.944279 0.026290 0.043981
15 0.849454 0.951885 0.023810 0.038690
15 0.777034 0.953704 0.019841 0.041667
1 0.855903 0.647156 0.052579 0.183862
1 0.724330 0.662037 0.051835 0.183862
1 0.599082 0.670139 0.045387 0.178241
2 0.393477 0.641700 0.044891 0.172288
3 0.346354 0.736607 0.047371 0.190146
2 0.272197 0.656085 0.051339 0.156746
3 0.222842 0.746197 0.050347 0.178241
2 0.152530 0.666832 0.054563 0.145833
9 0.159722 0.645999 0.035714 0.041336
9 0.225198 0.793485 0.036210 0.048611
9 0.277778 0.636243 0.039187 0.052910
9 0.351190 0.778439 0.041171 0.057540
9 0.399926 0.622189 0.036954 0.047288
9 0.595486 0.640708 0.038194 0.049272
9 0.600570 0.718585 0.037946 0.050265
9 0.728175 0.705688 0.043651 0.048280
9 0.722346 0.630126 0.041419 0.050595
9 0.851066 0.613426 0.037450 0.046958
9 0.859623 0.690972 0.040675 0.055886
10 0.919519 0.774306 0.025546 0.026786
9 0.546875 0.424603 0.032738 0.046296
9 0.433904 0.450562 0.025546 0.039352
9 0.843998 0.398313 0.031250 0.036045
9 0.836682 0.450728 0.031498 0.035053
9 0.829985 0.499339 0.029018 0.037037
9 0.961186 0.385417 0.030010 0.036706
9 0.446801 0.975198 0.021577 0.032407
1 0.414683 0.905589 0.035218 0.124669
1 0.340402 0.911706 0.034474 0.119709
10 0.422743 0.819775 0.026042 0.029101
10 0.626860 0.978175 0.016121 0.023810
15 0.626984 0.964120 0.031250 0.061839
10 0.553943 0.985615 0.014633 0.018188
