13 0.271759 0.363194 0.341667 0.254167
13 0.498380 0.583854 0.226389 0.171181
13 0.632176 0.705035 0.155093 0.129514
16 0.978241 0.758507 0.043519 0.050347
12 0.059491 0.338194 0.061574 0.056944
12 0.092130 0.365104 0.052778 0.053819
11 0.367593 0.630556 0.065741 0.057639
1 0.685185 0.178125 0.199074 0.148611
1 0.643287 0.070486 0.226389 0.140278
1 0.716204 0.268750 0.177778 0.134028
1 0.767361 0.393924 0.152315 0.116319
1 0.789815 0.444792 0.146296 0.097222
1 0.836574 0.565972 0.123148 0.089583
1 0.878241 0.672743 0.095370 0.074653
9 0.576157 0.083681 0.081944 0.063889
9 0.651389 0.023611 0.082407 0.046528
9 0.693519 0.132292 0.077778 0.054861
9 0.626620 0.193924 0.075463 0.057292
9 0.728704 0.228299 0.071296 0.051042
9 0.666204 0.282986 0.067593 0.050694
9 0.772222 0.358854 0.053704 0.039236
9 0.721759 0.407465 0.054630 0.042708
9 0.794213 0.416840 0.055093 0.037847
9 0.748380 0.460590 0.055093 0.037847
9 0.812037 0.466319 0.052778 0.035417
9 0.767130 0.507465 0.046296 0.034375
9 0.800926 0.575000 0.045370 0.033333
9 0.839815 0.539931 0.045370 0.033333
9 0.880324 0.651563 0.035648 0.026042
9 0.850694 0.681771 0.035648 0.026042
