15 0.878935 0.135417 0.242130 0.064583
15 0.764120 0.184028 0.168981 0.059722
15 0.696991 0.224132 0.155093 0.056597
15 0.809954 0.421701 0.050463 0.032986
15 0.789815 0.425174 0.045370 0.029514
15 0.770370 0.430556 0.046296 0.031250
11 0.960648 0.311979 0.043519 0.171875
11 0.922222 0.320312 0.043519 0.158681
11 0.717824 0.433507 0.042130 0.070486
11 0.694213 0.438715 0.038426 0.069097
11 0.678009 0.442882 0.042130 0.065625
11 0.638194 0.452604 0.038426 0.062153
11 0.625463 0.457465 0.039815 0.058681
11 0.609491 0.460764 0.034722 0.059028
11 0.579398 0.463542 0.034722 0.057639
11 0.570139 0.466319 0.032870 0.059028
10 0.740278 0.269792 0.047222 0.038194
10 0.660417 0.306944 0.043056 0.035417
10 0.598148 0.334201 0.037037 0.032292
10 0.423148 0.399479 0.027778 0.025347
10 0.412963 0.405035 0.024074 0.023958
10 0.401389 0.410764 0.023148 0.023611
10 0.023148 0.491667 0.028704 0.020833
10 0.082407 0.496701 0.025000 0.020486
10 0.172222 0.500521 0.025000 0.019792
10 0.227315 0.504514 0.026852 0.019444
10 0.310880 0.507639 0.028241 0.018750
10 0.365046 0.510069 0.026389 0.018056
10 0.464583 0.514931 0.028241 0.019444
1 0.521759 0.508160 0.028704 0.051736
1 0.342593 0.500174 0.027778 0.051736
1 0.212269 0.495312 0.030093 0.055208
1 0.133333 0.493229 0.032407 0.055208
1 0.054167 0.487500 0.029630 0.059722
9 0.054167 0.480035 0.029630 0.023958
9 0.134028 0.484896 0.029167 0.021181
9 0.212269 0.488368 0.029167 0.023958
9 0.342824 0.494618 0.028241 0.021875
9 0.521991 0.503472 0.026389 0.020833
11 0.842130 0.421181 0.037037 0.065278
12 0.822454 0.332639 0.031019 0.056250
