10 0.599041 0.460565 0.028770 0.032242
13 0.419643 0.454613 0.215608 0.127480
12 0.582837 0.497768 0.041336 0.071429
12 0.272817 0.493552 0.033069 0.063988
15 0.235284 0.478671 0.052579 0.065972
16 0.713955 0.068452 0.129630 0.105655
1 0.580522 0.224578 0.055225 0.135665
1 0.429894 0.225322 0.057540 0.138641
1 0.272156 0.226811 0.055556 0.139137
9 0.019180 0.206349 0.037698 0.036706
9 0.015542 0.261161 0.030423 0.037698
9 0.272817 0.261781 0.048280 0.036458
9 0.275298 0.206845 0.044643 0.037698
9 0.426753 0.205977 0.043981 0.034970
9 0.423446 0.263021 0.044643 0.033978
9 0.579530 0.264013 0.044643 0.033482
9 0.580357 0.206845 0.049603 0.035714
