14 0.953241 0.599653 0.093519 0.186111
1 0.638657 0.491840 0.026389 0.048264
1 0.532176 0.487326 0.029167 0.044792
1 0.472454 0.484375 0.024537 0.044444
1 0.412963 0.478299 0.025000 0.044097
9 0.638657 0.486458 0.022685 0.019444
9 0.532639 0.481250 0.023611 0.019444
9 0.472454 0.477778 0.023611 0.018056
9 0.412963 0.473611 0.023148 0.018750
10 0.357639 0.387847 0.024537 0.024306
10 0.675000 0.500000 0.022222 0.018056
10 0.560185 0.494097 0.022222 0.015972
10 0.515972 0.491146 0.021759 0.014931
10 0.448380 0.488194 0.020833 0.015278
10 0.018287 0.369097 0.024537 0.022917
10 0.034491 0.373611 0.022685 0.022917
10 0.047917 0.377604 0.023611 0.019792
10 0.165278 0.307639 0.071296 0.037500
10 0.215741 0.333854 0.059259 0.031597
10 0.329398 0.391319 0.045833 0.023611
10 0.220370 0.027257 0.067593 0.053819
10 0.275926 0.085417 0.062037 0.070139
15 0.265972 0.176910 0.192130 0.053819
15 0.300694 0.218576 0.180093 0.059375
15 0.330093 0.240799 0.162963 0.044792
12 0.382870 0.324479 0.027778 0.065625
12 0.357176 0.296181 0.049537 0.058333
12 0.330324 0.278646 0.037500 0.074653
12 0.167593 0.155556 0.059259 0.093056
12 0.229630 0.205556 0.058333 0.077083
11 0.086574 0.326910 0.042593 0.162153
11 0.295833 0.399306 0.030556 0.054167
15 0.708565 0.405035 0.054167 0.030903
