14 0.675000 0.545486 0.066667 0.102083
13 0.483333 0.474826 0.123148 0.078819
13 0.810185 0.476562 0.130556 0.090625
13 0.242593 0.470660 0.118519 0.065625
13 0.058102 0.469271 0.096759 0.061458
6 0.921296 0.498437 0.035185 0.064236
6 0.883796 0.497743 0.032407 0.062847
15 0.033565 0.348611 0.066204 0.074306
15 0.176157 0.337674 0.104167 0.077431
15 0.483333 0.320486 0.091667 0.095833
15 0.749306 0.302778 0.083796 0.109028
15 0.919907 0.453819 0.025000 0.029861
12 0.745370 0.010590 0.026852 0.020486
12 0.551157 0.032986 0.028241 0.054861
12 0.491667 0.044618 0.028704 0.048958
12 0.440278 0.053819 0.029630 0.047222
8 0.721528 0.013194 0.036574 0.025694
8 0.570602 0.036458 0.034722 0.037500
8 0.491898 0.052604 0.036574 0.030903
8 0.420602 0.067014 0.040278 0.031944
8 0.300926 0.086806 0.047222 0.033333
8 0.240972 0.097569 0.048611 0.036111
8 0.184028 0.109549 0.050463 0.028125
11 0.961111 0.523438 0.011111 0.032986
11 0.974537 0.524479 0.011111 0.032986
3 0.881944 0.334549 0.044444 0.087153
3 0.377315 0.360417 0.040741 0.069444
3 0.262037 0.365972 0.036111 0.065972
2 0.225463 0.341667 0.049074 0.059722
2 0.285648 0.335069 0.051852 0.058333
2 0.406713 0.328819 0.053241 0.062500
2 0.559259 0.318576 0.050926 0.067708
2 0.815046 0.303646 0.060648 0.079514
2 0.922454 0.295312 0.068056 0.080208
1 0.663426 0.421007 0.023148 0.046181
1 0.819676 0.418229 0.029167 0.052431
1 0.883102 0.416146 0.029167 0.052431
1 0.948380 0.415104 0.029167 0.052431
10 0.915278 0.454861 0.012963 0.014583
10 0.953009 0.377604 0.019907 0.016319
10 0.888426 0.378299 0.019444 0.019097
10 0.828704 0.380382 0.019444 0.019097
10 0.675000 0.386285 0.019444 0.019097
10 0.596759 0.321875 0.057407 0.063889
10 0.422222 0.257639 0.027778 0.025694
10 0.028472 0.210590 0.033796 0.031597
10 0.090046 0.233854 0.027315 0.032292
10 0.213426 0.279687 0.022222 0.023958
10 0.254861 0.294618 0.022685 0.022569
10 0.291898 0.309028 0.023611 0.023611
10 0.096296 0.310069 0.021296 0.022222
10 0.049537 0.296528 0.021296 0.022222
10 0.071296 0.353819 0.059259 0.047917
10 0.253704 0.312674 0.025926 0.026736
10 0.316204 0.202257 0.030556 0.031597
10 0.263426 0.174132 0.030556 0.031597
10 0.201620 0.144618 0.034722 0.037153
10 0.546065 0.086806 0.043981 0.043056
9 0.957639 0.197917 0.033796 0.036806
9 0.931250 0.284896 0.035648 0.028125
9 0.880324 0.357812 0.035648 0.028125
9 0.823843 0.292535 0.035648 0.026736
9 0.664120 0.412847 0.018981 0.013889
9 0.663657 0.431944 0.018981 0.013889
9 0.569907 0.308854 0.032407 0.025347
9 0.493519 0.315451 0.025000 0.021181
9 0.418519 0.321007 0.030556 0.021875
9 0.380556 0.379688 0.030556 0.021875
9 0.331944 0.357465 0.022222 0.019097
9 0.296528 0.327778 0.027315 0.018750
9 0.265046 0.384028 0.027315 0.018750
9 0.180093 0.337326 0.025926 0.019792
