13 0.435880 0.533507 0.200463 0.123264
3 0.906250 0.247569 0.058796 0.148611
3 0.715509 0.274479 0.063426 0.149653
3 0.476157 0.333854 0.053241 0.102431
3 0.368287 0.352604 0.049537 0.090625
3 0.273611 0.368576 0.050000 0.084375
2 0.304398 0.310590 0.086574 0.092708
2 0.406944 0.289410 0.084259 0.098264
2 0.522685 0.263889 0.085185 0.108333
2 0.790509 0.198958 0.073611 0.127083
9 0.954861 0.221181 0.056944 0.040972
9 0.906481 0.295139 0.057407 0.041667
9 0.802546 0.188368 0.050463 0.038542
9 0.763657 0.258160 0.047685 0.034375
9 0.722917 0.322917 0.048611 0.036806
9 0.599306 0.324653 0.033796 0.028472
9 0.544676 0.255382 0.040278 0.032292
9 0.514352 0.310243 0.039815 0.028125
9 0.492824 0.340799 0.030093 0.024653
9 0.482407 0.359201 0.036111 0.030903
9 0.429167 0.280903 0.038889 0.030556
9 0.403241 0.330382 0.037963 0.026736
9 0.396759 0.357292 0.031481 0.023611
9 0.373148 0.375347 0.037963 0.029167
9 0.281250 0.388542 0.033796 0.026389
9 0.330787 0.303125 0.031019 0.026389
9 0.308102 0.348264 0.033796 0.024306
10 0.069213 0.087674 0.043056 0.030208
10 0.186343 0.142535 0.037500 0.022569
10 0.023611 0.348958 0.046296 0.045833
12 0.127778 0.458160 0.068519 0.107292
12 0.049769 0.465972 0.054167 0.095139
14 0.190046 0.608854 0.300463 0.170486
16 0.514120 0.429514 0.045833 0.038194
16 0.457407 0.413542 0.048148 0.038194
11 0.378241 0.623958 0.006481 0.023611
11 0.431019 0.624306 0.005556 0.024306
11 0.463889 0.625868 0.005556 0.024653
11 0.468056 0.623611 0.004630 0.022917
11 0.388426 0.623958 0.006481 0.024306
11 0.425000 0.624306 0.005556 0.024306
10 0.414815 0.610590 0.009259 0.006597
12 0.511343 0.548785 0.006019 0.010764
8 0.123611 0.410243 0.025000 0.011458
8 0.207176 0.429340 0.024537 0.009375
8 0.219676 0.478299 0.018056 0.008681
8 0.062731 0.447049 0.018981 0.007292
8 0.452546 0.474653 0.021759 0.009028
8 0.416204 0.465104 0.021296 0.009375
8 0.400926 0.475868 0.023148 0.007986
