1 0.050694 0.765509 0.084722 0.207870
1 0.239757 0.891667 0.073264 0.196296
9 0.225347 0.943287 0.043750 0.060648
1 0.324653 0.929167 0.072222 0.141667
5 0.867708 0.824769 0.068056 0.126389
5 0.778819 0.840741 0.070833 0.115741
9 0.957639 0.968981 0.025000 0.038889
9 0.878993 0.983102 0.025347 0.033796
9 0.871528 0.847454 0.027778 0.037500
9 0.782118 0.864120 0.027431 0.036574
9 0.051562 0.725694 0.046181 0.059722
9 0.032639 0.815972 0.047917 0.061574
9 0.237153 0.855787 0.040972 0.053241
9 0.321007 0.916435 0.036458 0.050463
9 0.394271 0.968056 0.032986 0.049074
10 0.729514 0.668287 0.031944 0.040278
10 0.626736 0.695833 0.031250 0.043519
10 0.532986 0.721296 0.029861 0.045370
10 0.327083 0.788426 0.027778 0.037963
10 0.450521 0.958102 0.022569 0.041204
10 0.516319 0.945139 0.024306 0.037500
8 0.077604 0.146991 0.064931 0.052315
8 0.290625 0.387269 0.043056 0.048611
8 0.228993 0.310185 0.041319 0.046296
8 0.523264 0.652083 0.047917 0.032870
8 0.482118 0.608333 0.042708 0.040741
10 0.043750 0.022685 0.039583 0.044444
