13 0.902406 0.310351 0.065724 0.098214
13 0.843874 0.323909 0.065724 0.098214
13 0.792659 0.340774 0.047619 0.075066
13 0.752480 0.355655 0.047619 0.075066
1 0.958705 0.087136 0.035466 0.129299
1 0.934028 0.093915 0.031746 0.123016
1 0.892981 0.124173 0.027530 0.110780
1 0.871900 0.139385 0.026042 0.106812
1 0.851438 0.153935 0.024802 0.099537
1 0.826141 0.177745 0.024802 0.090278
1 0.804315 0.197586 0.025298 0.086310
1 0.785838 0.204696 0.022073 0.066138
16 0.684896 0.231978 0.022073 0.047288
16 0.644965 0.225694 0.022073 0.047288
16 0.602803 0.223710 0.022073 0.047288
14 0.478051 0.383102 0.066716 0.149140
14 0.116815 0.273975 0.233135 0.547288
10 0.397569 0.103340 0.070933 0.085648
10 0.389757 0.027116 0.060764 0.053571
