13 0.366840 0.620370 0.196875 0.203704
13 0.891319 0.644444 0.195833 0.221296
15 0.095660 0.171296 0.135764 0.228704
15 0.777257 0.575694 0.029514 0.062500
15 0.939583 0.590278 0.023611 0.055556
6 0.501389 0.674306 0.038194 0.118056
6 0.551042 0.675926 0.038889 0.118519
3 0.213715 0.286111 0.068403 0.199074
3 0.345313 0.287037 0.067014 0.194444
3 0.477431 0.288194 0.061806 0.193981
2 0.517361 0.196991 0.063889 0.176389
2 0.384375 0.197454 0.061806 0.172685
2 0.255035 0.199537 0.067014 0.169444
1 0.747743 0.246759 0.043403 0.194444
1 0.895312 0.243519 0.043403 0.200000
1 0.182639 0.476852 0.028472 0.114815
1 0.258681 0.482639 0.027778 0.107870
1 0.335590 0.481250 0.026042 0.112500
1 0.467882 0.483102 0.029514 0.119907
1 0.549132 0.486111 0.029514 0.121296
14 0.287326 0.796065 0.157986 0.259722
9 0.203472 0.344676 0.037500 0.048611
9 0.269271 0.178472 0.037153 0.048611
9 0.396701 0.175926 0.036458 0.048148
9 0.332986 0.344444 0.036806 0.047222
9 0.465451 0.344676 0.036458 0.049537
9 0.528819 0.174306 0.037500 0.049537
9 0.748611 0.215741 0.040278 0.050000
9 0.746701 0.303704 0.039931 0.050926
9 0.894792 0.303472 0.040972 0.049537
9 0.896701 0.212269 0.039236 0.047685
9 0.579340 0.560880 0.021181 0.029167
9 0.501563 0.558102 0.019792 0.027315
9 0.336806 0.459954 0.022222 0.029167
9 0.335069 0.510880 0.022222 0.029167
9 0.260764 0.458333 0.022917 0.027778
9 0.257812 0.508102 0.023264 0.028241
9 0.185243 0.456944 0.022569 0.027778
9 0.182465 0.505787 0.022569 0.028241
10 0.204340 0.392593 0.021875 0.026852
10 0.277083 0.394444 0.020833 0.027778
10 0.352083 0.394676 0.020833 0.025463
10 0.482986 0.396528 0.022222 0.025463
10 0.561458 0.398380 0.021528 0.026389
12 0.736458 0.640046 0.017361 0.051389
11 0.776736 0.750926 0.009722 0.071296
11 0.760069 0.749537 0.009028 0.068519
11 0.723437 0.747917 0.010069 0.067130
11 0.653819 0.741204 0.009722 0.064815
9 0.396875 0.601389 0.021528 0.030556
9 0.393229 0.653241 0.022569 0.031481
