1 0.089410 0.217361 0.028125 0.095833
1 0.276042 0.248380 0.023611 0.088426
1 0.549306 0.293750 0.024306 0.087500
1 0.337847 0.256713 0.025000 0.088426
1 0.018229 0.210648 0.029514 0.100000
1 0.212500 0.237037 0.026389 0.094444
3 0.796875 0.090741 0.056250 0.149074
3 0.689583 0.071296 0.052778 0.141667
6 0.609896 0.291667 0.064931 0.174074
6 0.743229 0.307639 0.069792 0.164352
6 0.676042 0.301620 0.063889 0.173611
12 0.896875 0.487500 0.015278 0.034259
13 0.975521 0.488657 0.048958 0.082870
14 0.213542 0.568519 0.426389 0.694444
13 0.502431 0.438889 0.042361 0.088889
15 0.405208 0.432407 0.020833 0.048148
15 0.718056 0.463889 0.015972 0.041667
15 0.787500 0.471991 0.019444 0.040278
12 0.876215 0.488426 0.010764 0.033333
8 0.973437 0.104861 0.031597 0.031019
1 0.978819 0.357407 0.027083 0.070370
1 0.905035 0.346528 0.028125 0.070833
1 0.818403 0.334028 0.022917 0.073611
1 0.497396 0.285417 0.021875 0.084722
1 0.440278 0.277546 0.020833 0.090278
3 0.574653 0.059028 0.053472 0.117130
9 0.976910 0.344444 0.018403 0.022222
9 0.975174 0.374074 0.018403 0.022222
9 0.903299 0.364352 0.018403 0.022222
9 0.902951 0.332407 0.018403 0.022222
9 0.819271 0.321065 0.019097 0.021759
9 0.818229 0.352546 0.019097 0.022685
9 0.639583 0.328009 0.019444 0.024537
9 0.548090 0.315741 0.017014 0.024074
9 0.550000 0.280093 0.017361 0.024074
9 0.496528 0.270833 0.020139 0.025926
9 0.495486 0.307176 0.018750 0.024537
9 0.439583 0.298380 0.018750 0.024537
9 0.437847 0.262269 0.018750 0.024537
9 0.338889 0.244213 0.018750 0.024537
9 0.336806 0.281250 0.018750 0.024537
9 0.276215 0.234028 0.020486 0.025463
9 0.275521 0.272454 0.020486 0.025463
9 0.212326 0.223380 0.020486 0.025463
9 0.210938 0.262269 0.020486 0.025463
9 0.092535 0.203009 0.022569 0.027315
9 0.091146 0.243750 0.022569 0.027315
9 0.016667 0.233102 0.022222 0.028241
9 0.019097 0.192130 0.022917 0.028704
9 0.788021 0.124769 0.037847 0.050463
9 0.684549 0.100000 0.040625 0.052778
9 0.756771 0.072222 0.033681 0.045370
9 0.663715 0.050463 0.033681 0.045370
9 0.569271 0.075694 0.042014 0.056019
9 0.889062 0.094676 0.019097 0.039352
9 0.918576 0.101852 0.021181 0.041667
10 0.882465 0.239352 0.014236 0.032407
10 0.821181 0.267593 0.014583 0.025000
10 0.981944 0.279630 0.014583 0.027778
9 0.632639 0.041435 0.022222 0.043981
10 0.420139 0.011343 0.025000 0.021759
10 0.402778 0.081019 0.016667 0.029630
10 0.432639 0.445370 0.011111 0.021296
10 0.034201 0.141204 0.023264 0.037037
