14 0.535714 0.416915 0.386243 0.452877
14 0.039021 0.504340 0.077381 0.087550
6 0.170470 0.378472 0.083664 0.089286
13 0.769841 0.434276 0.109788 0.069940
15 0.724041 0.443948 0.027447 0.031746
15 0.939319 0.442460 0.018849 0.018353
1 0.941138 0.288070 0.044974 0.076637
1 0.879299 0.293775 0.044974 0.076637
1 0.788360 0.306920 0.044974 0.076637
1 0.739749 0.312872 0.044974 0.076637
9 0.882771 0.275794 0.030093 0.021329
9 0.881448 0.308284 0.030093 0.021329
9 0.942626 0.301587 0.030093 0.021329
9 0.943948 0.267113 0.030093 0.021329
9 0.791171 0.288938 0.030093 0.021329
9 0.789517 0.320933 0.030093 0.021329
9 0.743882 0.327629 0.030093 0.021329
9 0.743221 0.295635 0.030093 0.021329
10 0.813327 0.121900 0.028108 0.026042
10 0.568287 0.019469 0.040675 0.037946
10 0.518353 0.059400 0.040675 0.037946
10 0.505126 0.122272 0.034722 0.034226
10 0.491567 0.156622 0.030754 0.029514
10 0.483631 0.188368 0.030754 0.029514
10 0.394676 0.113219 0.030754 0.029514
10 0.455853 0.086434 0.030754 0.029514
10 0.422454 0.206473 0.030754 0.029514
10 0.367890 0.223586 0.030754 0.029514
10 0.211144 0.178571 0.026786 0.022321
10 0.184689 0.192212 0.026786 0.022321
10 0.171131 0.207341 0.026786 0.022321
9 0.158234 0.286582 0.022156 0.019097
9 0.163525 0.249380 0.022156 0.019097
9 0.072917 0.298735 0.022156 0.019097
2 0.133763 0.226190 0.057209 0.040179
2 0.480820 0.076637 0.120370 0.084325
2 0.419974 0.101935 0.113095 0.077381
2 0.362765 0.130456 0.105159 0.070437
3 0.335813 0.208829 0.038690 0.084325
3 0.397817 0.186508 0.045635 0.086310
3 0.454365 0.160094 0.052910 0.086062
1 0.026786 0.292287 0.032407 0.058780
1 0.043981 0.290799 0.032407 0.058780
1 0.065146 0.288566 0.032407 0.058780
9 0.030754 0.281498 0.020503 0.014881
9 0.029431 0.308532 0.020503 0.014881
9 0.048280 0.305060 0.020503 0.014881
9 0.051257 0.275298 0.020503 0.014881
9 0.073413 0.266369 0.020503 0.014881
2 0.111607 0.236855 0.057209 0.040179
2 0.091435 0.246280 0.057209 0.040179
3 0.146825 0.265129 0.042328 0.056052
3 0.114418 0.277778 0.042328 0.056052
