1 0.644097 0.780787 0.029167 0.117130
1 0.591840 0.776389 0.035069 0.125000
1 0.436979 0.750694 0.032986 0.132870
1 0.495312 0.756713 0.035069 0.126389
1 0.694965 0.793056 0.032986 0.115741
2 0.384375 0.260880 0.115972 0.230093
3 0.292361 0.365278 0.086111 0.254630
3 0.118750 0.318981 0.081944 0.251852
6 0.211285 0.715741 0.104514 0.282407
6 0.900694 0.821528 0.074306 0.191204
6 0.946354 0.825694 0.066319 0.186574
6 0.101389 0.704861 0.110417 0.291204
6 0.977431 0.830093 0.045139 0.180556
10 0.825174 0.398843 0.039236 0.060648
13 0.628299 0.957407 0.105903 0.085185
15 0.562500 0.977083 0.031944 0.045833
15 0.332465 0.969213 0.028819 0.061574
8 0.561806 0.406713 0.036806 0.038426
8 0.604514 0.421991 0.038194 0.035648
12 0.469618 0.984722 0.018403 0.030556
5 0.467535 0.393519 0.101042 0.139815
1 0.153646 0.708565 0.046181 0.143981
2 0.216146 0.199769 0.119097 0.249537
2 0.046007 0.117130 0.091319 0.233333
3 0.894618 0.579398 0.067708 0.158796
3 0.966667 0.594213 0.063889 0.160648
2 0.924826 0.487500 0.124653 0.131481
10 0.122049 0.095139 0.054514 0.077315
10 0.274653 0.161343 0.052778 0.079167
9 0.441840 0.389352 0.029514 0.041667
9 0.484549 0.402778 0.029514 0.041667
9 0.351562 0.408333 0.024653 0.039815
10 0.452431 0.594213 0.022222 0.032870
10 0.590799 0.653009 0.019097 0.031944
10 0.632812 0.637731 0.018403 0.031019
10 0.825000 0.728472 0.014583 0.022685
10 0.866667 0.716204 0.011806 0.024074
9 0.692361 0.768519 0.025000 0.030556
9 0.692361 0.810648 0.025000 0.030556
9 0.642361 0.804398 0.023611 0.029167
9 0.642361 0.758565 0.023611 0.029167
9 0.589236 0.750231 0.024306 0.031944
9 0.590625 0.796065 0.024306 0.031944
9 0.493403 0.783565 0.024306 0.031944
9 0.491319 0.734954 0.025000 0.033796
9 0.434549 0.724769 0.021181 0.033796
9 0.435937 0.775926 0.021181 0.033333
9 0.152951 0.682407 0.031597 0.044444
9 0.150174 0.742593 0.031597 0.044444
9 0.287500 0.426852 0.060417 0.077778
9 0.194271 0.172454 0.060764 0.076389
9 0.881944 0.603241 0.038889 0.052778
9 0.955903 0.622222 0.038889 0.052778
9 0.897396 0.455324 0.041319 0.052315
9 0.964410 0.481481 0.038542 0.049074
