13 0.521759 0.291493 0.306481 0.253125
13 0.796065 0.387847 0.146759 0.131250
3 0.762963 0.059722 0.094444 0.118750
1 0.859491 0.127431 0.077315 0.135417
1 0.893287 0.171701 0.063426 0.116319
1 0.920370 0.208681 0.062037 0.104167
1 0.322454 0.319965 0.035648 0.067708
1 0.370139 0.331771 0.037500 0.064931
1 0.412963 0.339931 0.035185 0.053472
9 0.745370 0.075174 0.060185 0.051736
9 0.754861 0.021528 0.051389 0.042361
9 0.844444 0.102778 0.047222 0.038194
9 0.844676 0.161806 0.044907 0.038194
9 0.878935 0.204340 0.034722 0.030208
9 0.906713 0.234549 0.035648 0.028125
9 0.954167 0.223090 0.029630 0.023958
9 0.946296 0.257118 0.032407 0.026042
9 0.946065 0.292535 0.030093 0.021875
9 0.959491 0.311632 0.022685 0.019097
9 0.774537 0.250174 0.030556 0.026042
9 0.777778 0.206250 0.030556 0.026389
9 0.614352 0.072917 0.027778 0.022917
9 0.557176 0.095833 0.051389 0.043750
9 0.560185 0.025000 0.052778 0.047222
9 0.455093 0.023438 0.060185 0.046181
5 0.635648 0.077951 0.082407 0.082986
9 0.362037 0.319444 0.017593 0.014583
9 0.362037 0.345660 0.018519 0.014931
9 0.405556 0.331250 0.016667 0.014583
9 0.405093 0.355382 0.016667 0.012153
14 0.538194 0.490799 0.076389 0.079514
6 0.335880 0.425174 0.030093 0.055903
10 0.014583 0.424132 0.016204 0.011458
12 0.003704 0.388194 0.006481 0.027778
12 0.991898 0.021181 0.016204 0.035417
10 0.337500 0.282986 0.020370 0.013889
10 0.447917 0.315972 0.016204 0.011111
9 0.512500 0.426042 0.014815 0.011806
9 0.510880 0.444792 0.013426 0.011111
10 0.766898 0.269097 0.017130 0.011111
10 0.827315 0.307812 0.012963 0.010069
