14 0.414120 0.576215 0.218056 0.204514
6 0.913194 0.491667 0.055093 0.086806
6 0.852778 0.488368 0.055556 0.088542
6 0.788194 0.483681 0.054167 0.087500
1 0.345602 0.282986 0.037500 0.102083
1 0.471296 0.298264 0.036111 0.098611
1 0.590278 0.309375 0.036111 0.095833
1 0.787269 0.326910 0.049537 0.096875
1 0.890972 0.337326 0.054167 0.096181
0 0.695370 0.437326 0.060185 0.092708
9 0.346528 0.268924 0.034722 0.026736
9 0.344676 0.314063 0.034722 0.027431
9 0.472222 0.282118 0.033333 0.026736
9 0.471065 0.326215 0.032870 0.026042
9 0.590046 0.294965 0.031944 0.026042
9 0.588889 0.337500 0.033333 0.025000
9 0.779167 0.314410 0.030556 0.023264
9 0.778704 0.353993 0.030556 0.024653
9 0.881713 0.324306 0.031019 0.022917
9 0.880556 0.363021 0.027778 0.022569
9 0.684028 0.419618 0.033796 0.023958
9 0.681481 0.461806 0.032407 0.022917
15 0.561111 0.439757 0.032407 0.035764
15 0.629861 0.445139 0.033796 0.036806
15 0.697917 0.446701 0.036574 0.032986
15 0.947454 0.474479 0.033796 0.022569
10 0.346528 0.220486 0.032870 0.023611
10 0.463426 0.234201 0.031481 0.022569
10 0.575463 0.247917 0.031481 0.020833
10 0.756713 0.268229 0.030093 0.020486
10 0.854167 0.279687 0.029630 0.018403
10 0.578009 0.444271 0.016204 0.010764
10 0.719444 0.453125 0.016667 0.011111
10 0.737731 0.524653 0.016204 0.011806
10 0.518750 0.514583 0.014352 0.011806
12 0.530787 0.474653 0.017130 0.029861
12 0.743519 0.485069 0.017593 0.027778
11 0.525463 0.536632 0.009259 0.036458
11 0.541435 0.537500 0.008796 0.037500
11 0.556481 0.537847 0.009259 0.036806
11 0.591435 0.539062 0.009722 0.035764
11 0.606019 0.539757 0.008333 0.035764
11 0.621528 0.541146 0.008796 0.035764
11 0.684259 0.543750 0.010185 0.036111
11 0.933796 0.567361 0.012963 0.020139
11 0.921528 0.567535 0.012500 0.018403
8 0.125231 0.297222 0.016204 0.011806
8 0.124306 0.320312 0.018981 0.011458
8 0.122222 0.339410 0.013889 0.010764
