13 0.213194 0.566493 0.330093 0.215625
1 0.290741 0.134722 0.109259 0.205556
1 0.134491 0.184896 0.104167 0.187153
9 0.932407 0.028993 0.099074 0.057292
9 0.847222 0.067014 0.078704 0.056250
9 0.657176 0.095139 0.085648 0.065972
9 0.307639 0.103646 0.068981 0.055903
9 0.300694 0.195312 0.069907 0.055208
9 0.150000 0.155035 0.065741 0.050347
9 0.143287 0.238542 0.065278 0.050694
9 0.023148 0.196701 0.045370 0.046875
9 0.019676 0.275000 0.038426 0.046528
9 0.228935 0.347569 0.059722 0.042361
9 0.369907 0.320833 0.063889 0.046528
10 0.234722 0.039236 0.047222 0.034722
12 0.106944 0.690104 0.021296 0.042014
12 0.149074 0.690451 0.021296 0.041319
12 0.290972 0.687153 0.021759 0.038194
12 0.398843 0.681250 0.022685 0.048611
15 0.666667 0.613021 0.078704 0.069097
8 0.910417 0.361285 0.024537 0.015625
8 0.843519 0.370833 0.024074 0.014583
8 0.781481 0.376215 0.024074 0.014236
8 0.791667 0.332465 0.024074 0.016319
8 0.840972 0.343750 0.026389 0.013889
8 0.799306 0.219618 0.025463 0.017708
8 0.846528 0.233333 0.024537 0.018056
8 0.792593 0.266146 0.021296 0.014236
8 0.851620 0.255556 0.022685 0.015972
