13 0.391667 0.630729 0.403704 0.251042
13 0.922685 0.705729 0.154630 0.189931
15 0.180556 0.692014 0.085185 0.082639
15 0.652315 0.741146 0.045370 0.053819
1 0.288889 0.150521 0.123148 0.222569
1 0.511574 0.221007 0.130556 0.206597
1 0.689815 0.281424 0.115741 0.189236
1 0.940972 0.364583 0.103241 0.161111
9 0.278472 0.215278 0.084722 0.066667
9 0.282639 0.117708 0.084722 0.067361
9 0.502315 0.190972 0.088889 0.061806
9 0.496065 0.281076 0.079167 0.060764
9 0.674769 0.252778 0.074537 0.055556
9 0.675694 0.335069 0.074537 0.055556
9 0.927546 0.337153 0.060648 0.048611
9 0.934954 0.409375 0.065278 0.049306
