13 0.788318 0.817130 0.168403 0.184524
13 0.375000 0.803902 0.176091 0.208995
14 0.210193 0.920635 0.146081 0.158730
1 0.236607 0.653935 0.030258 0.116733
1 0.315724 0.656581 0.029762 0.114087
3 0.448041 0.662533 0.031994 0.120040
3 0.518849 0.666997 0.032738 0.113095
3 0.240575 0.472057 0.048611 0.185516
3 0.368180 0.487930 0.045387 0.173611
3 0.486731 0.502811 0.046379 0.153770
2 0.415427 0.408399 0.045635 0.156085
2 0.293031 0.399967 0.055804 0.164352
15 0.579241 0.433201 0.097470 0.219577
9 0.486979 0.542824 0.044395 0.045966
9 0.532118 0.405258 0.034474 0.042659
9 0.416667 0.386905 0.038194 0.048942
9 0.367560 0.533069 0.037698 0.053571
9 0.393353 0.463294 0.035218 0.046296
9 0.296007 0.370370 0.037450 0.043651
9 0.238715 0.519676 0.036458 0.049934
9 0.060268 0.334325 0.037698 0.051587
9 0.236483 0.628307 0.026042 0.033730
9 0.235367 0.680060 0.023810 0.037368
9 0.315972 0.633433 0.022321 0.026786
9 0.314980 0.682209 0.024306 0.029762
9 0.444320 0.640542 0.022073 0.029101
9 0.444568 0.686343 0.023065 0.028770
9 0.516865 0.695437 0.020337 0.033069
9 0.514137 0.648313 0.016865 0.023479
10 0.744544 0.496032 0.064980 0.098545
15 0.880580 0.472718 0.093998 0.190146
5 0.829489 0.267196 0.121776 0.109788
5 0.776786 0.304233 0.087302 0.078704
5 0.733631 0.339286 0.093750 0.070767
9 0.718254 0.352183 0.028770 0.039021
9 0.807540 0.283069 0.027282 0.036376
9 0.855779 0.290344 0.026538 0.028439
9 0.720238 0.413029 0.038690 0.069444
9 0.821057 0.423115 0.040427 0.068452
9 0.986235 0.531746 0.027530 0.044974
15 0.713046 0.752480 0.054563 0.045304
15 0.661458 0.748677 0.041667 0.056878
12 0.672991 0.800926 0.021081 0.054233
11 0.670883 0.900463 0.019345 0.080026
11 0.652530 0.916832 0.008433 0.044643
11 0.683036 0.913194 0.010417 0.048611
11 0.694072 0.913690 0.010665 0.050926
11 0.705729 0.913029 0.013641 0.048942
6 0.546751 0.838624 0.032986 0.113095
6 0.505952 0.836640 0.039683 0.121693
10 0.487847 0.748843 0.013889 0.020833
15 0.467634 0.744709 0.025050 0.048280
15 0.407614 0.746362 0.026538 0.045635
15 0.341146 0.745701 0.025546 0.042989
10 0.172991 0.034722 0.036954 0.050926
11 0.419271 0.916336 0.011161 0.052910
11 0.408234 0.905589 0.007440 0.037368
11 0.394469 0.905919 0.008681 0.034722
11 0.315352 0.906911 0.010665 0.036045
