1 0.239063 0.400000 0.030208 0.093519
1 0.303299 0.414120 0.027431 0.086574
1 0.443403 0.452778 0.024306 0.077778
1 0.396354 0.440046 0.023958 0.081944
1 0.665451 0.508102 0.021181 0.060648
1 0.584201 0.486574 0.023958 0.066667
1 0.551215 0.479630 0.024653 0.069444
1 0.171354 0.383102 0.028125 0.097685
1 0.484896 0.460648 0.021875 0.073148
10 0.936632 0.301852 0.023958 0.042593
10 0.843403 0.232870 0.027083 0.046296
10 0.449479 0.184722 0.023264 0.043519
10 0.905208 0.278935 0.026389 0.044907
10 0.757118 0.163426 0.032986 0.054630
10 0.231771 0.330093 0.022569 0.038889
10 0.802604 0.200694 0.027431 0.045833
13 0.209896 0.580787 0.114236 0.104167
13 0.572569 0.614352 0.075000 0.075926
13 0.426563 0.599537 0.085069 0.084259
15 0.526910 0.616435 0.017708 0.037500
15 0.300000 0.600231 0.024306 0.041204
15 0.137326 0.585417 0.024653 0.047685
13 0.674653 0.625694 0.051389 0.067130
16 0.173437 0.241667 0.061458 0.091667
16 0.141840 0.278472 0.054514 0.084722
16 0.118229 0.309491 0.050347 0.078241
15 0.382465 0.606713 0.023264 0.039352
15 0.648438 0.628009 0.014931 0.031944
8 0.169271 0.045602 0.022569 0.046759
8 0.229861 0.073380 0.020833 0.035648
8 0.284896 0.106250 0.023958 0.040278
8 0.365972 0.145833 0.026389 0.031481
8 0.406771 0.165741 0.026736 0.026852
8 0.542361 0.240972 0.022917 0.029167
8 0.571007 0.255324 0.023958 0.029167
8 0.518056 0.222917 0.015278 0.028241
8 0.643056 0.292361 0.023611 0.024537
8 0.668229 0.304167 0.023958 0.024074
12 0.052431 0.624306 0.009028 0.037500
12 0.283507 0.635880 0.010764 0.030093
12 0.128819 0.627778 0.012500 0.033333
1 0.981944 0.381250 0.036111 0.103241
1 0.956944 0.365741 0.052778 0.107407
1 0.939236 0.479630 0.053472 0.114815
1 0.932292 0.574769 0.018750 0.042130
1 0.776563 0.535185 0.018403 0.053704
1 0.758333 0.529630 0.018750 0.058333
1 0.617188 0.494676 0.026042 0.064352
10 0.057986 0.272917 0.018750 0.040278
10 0.072569 0.247222 0.019444 0.040741
10 0.136458 0.135417 0.025000 0.050463
10 0.159549 0.094444 0.029514 0.053704
10 0.188542 0.044907 0.029861 0.058333
10 0.427604 0.392361 0.016319 0.032870
10 0.437326 0.370833 0.015625 0.028704
10 0.464757 0.356944 0.014931 0.029630
10 0.412326 0.384722 0.011458 0.026852
10 0.528299 0.421296 0.013542 0.024074
10 0.554514 0.410880 0.013889 0.025463
10 0.581944 0.399537 0.012500 0.025926
10 0.543924 0.315741 0.016319 0.034259
10 0.581597 0.297685 0.016667 0.037037
10 0.623437 0.278241 0.021875 0.038889
10 0.663021 0.366667 0.014931 0.029630
10 0.744271 0.339815 0.016319 0.029630
10 0.674826 0.431713 0.012153 0.024537
10 0.924132 0.545139 0.011458 0.019907
10 0.962500 0.321991 0.025000 0.040278
9 0.948438 0.339815 0.028819 0.031481
9 0.951562 0.387500 0.030903 0.032407
9 0.976562 0.362500 0.026736 0.032407
9 0.981771 0.405556 0.026736 0.032407
9 0.929340 0.455556 0.026736 0.032407
9 0.935590 0.508565 0.028819 0.033796
9 0.755208 0.398611 0.013889 0.025000
9 0.779861 0.383796 0.013889 0.025000
9 0.791840 0.386806 0.013542 0.024537
9 0.829167 0.432407 0.011111 0.020370
9 0.838368 0.436806 0.010764 0.020833
9 0.928646 0.567824 0.010764 0.015278
9 0.931076 0.584722 0.011458 0.012963
9 0.775521 0.548148 0.012847 0.015741
9 0.774479 0.526157 0.012153 0.017130
9 0.754687 0.519676 0.011458 0.018056
9 0.756424 0.543750 0.012847 0.017130
9 0.690972 0.529398 0.013889 0.019907
9 0.691319 0.503472 0.013889 0.019907
9 0.664583 0.496528 0.013889 0.019907
9 0.665104 0.522917 0.015625 0.019907
9 0.614062 0.510880 0.015625 0.019907
9 0.614410 0.483565 0.017014 0.020833
9 0.583854 0.474769 0.017014 0.020833
9 0.583854 0.503472 0.017014 0.020833
9 0.550174 0.495139 0.017014 0.020833
9 0.550174 0.465509 0.017014 0.020833
9 0.484722 0.448148 0.015972 0.020370
9 0.484722 0.479167 0.015972 0.020370
9 0.442882 0.471065 0.017708 0.021759
9 0.442882 0.437731 0.017708 0.021759
9 0.397396 0.425231 0.018403 0.023611
9 0.396701 0.460417 0.018403 0.023611
9 0.301563 0.439352 0.021181 0.028704
9 0.302604 0.398843 0.020486 0.025463
9 0.241319 0.383565 0.021528 0.027315
9 0.238542 0.423380 0.021528 0.027315
9 0.171007 0.407870 0.023958 0.031481
9 0.172049 0.363889 0.023958 0.031481
