13 0.878472 0.545486 0.222685 0.118750
13 0.499769 0.538715 0.141204 0.086458
13 0.280556 0.537326 0.109259 0.069097
13 0.134028 0.534375 0.087500 0.057639
13 0.032407 0.532118 0.063889 0.047569
1 0.864815 0.320833 0.050926 0.107639
1 0.740046 0.338889 0.048611 0.097917
1 0.565278 0.363715 0.049074 0.084375
1 0.487269 0.376042 0.045833 0.078472
1 0.418750 0.385417 0.044907 0.072917
1 0.314815 0.399653 0.044444 0.065972
1 0.265972 0.406597 0.042130 0.062500
1 0.221065 0.412500 0.041204 0.059028
1 0.155787 0.422222 0.037500 0.054861
1 0.122222 0.427257 0.037037 0.052431
1 0.092130 0.431250 0.035185 0.050694
1 0.044444 0.437326 0.036111 0.047569
1 0.020139 0.440451 0.032870 0.045486
5 0.029630 0.222569 0.058333 0.065278
5 0.097454 0.251389 0.064352 0.057639
5 0.169907 0.271354 0.062963 0.050347
5 0.181713 0.139410 0.086574 0.080903
5 0.272685 0.175694 0.086111 0.063889
5 0.351620 0.209549 0.093056 0.056597
9 0.379861 0.212326 0.027315 0.019792
9 0.299537 0.178472 0.029630 0.020833
9 0.208333 0.139063 0.032407 0.022569
9 0.153472 0.164236 0.030093 0.020139
9 0.189352 0.273958 0.021296 0.015278
9 0.170139 0.280382 0.021759 0.014236
9 0.149537 0.287326 0.022222 0.017014
9 0.115509 0.251910 0.024537 0.016319
9 0.078241 0.267361 0.024074 0.015972
9 0.098380 0.260069 0.023611 0.015278
9 0.032870 0.225174 0.026852 0.018403
9 0.016204 0.234722 0.025000 0.017361
9 0.871759 0.305382 0.037037 0.030208
9 0.866204 0.352951 0.040741 0.030208
9 0.745833 0.323785 0.037037 0.026736
9 0.740509 0.368403 0.036574 0.027083
9 0.573380 0.351215 0.031019 0.022569
9 0.567593 0.389931 0.031481 0.022917
9 0.496296 0.364063 0.027778 0.021181
9 0.490046 0.400174 0.027315 0.021875
9 0.428009 0.374653 0.023611 0.020833
9 0.422222 0.407986 0.025000 0.019444
9 0.324769 0.389757 0.022685 0.018403
9 0.318519 0.419792 0.019444 0.017361
9 0.269444 0.424826 0.022222 0.017708
9 0.275926 0.396528 0.020370 0.017361
9 0.231944 0.402083 0.018519 0.015972
9 0.225694 0.430035 0.020833 0.016319
9 0.165046 0.413194 0.018056 0.014583
9 0.158796 0.438194 0.017593 0.015278
9 0.131481 0.418229 0.017593 0.014236
9 0.125231 0.442188 0.018981 0.014236
9 0.101389 0.422917 0.015741 0.013889
9 0.094676 0.445660 0.018056 0.014236
9 0.053704 0.429688 0.016667 0.012847
9 0.047222 0.450347 0.016667 0.013194
9 0.029398 0.433160 0.015278 0.011458
9 0.023148 0.453472 0.016667 0.012500
9 0.162269 0.467535 0.018981 0.013542
9 0.501620 0.442708 0.024537 0.018750
9 0.571296 0.436979 0.025926 0.019097
9 0.827778 0.416146 0.035185 0.023958
9 0.953009 0.406597 0.037500 0.027083
10 0.459722 0.033333 0.039815 0.029861
10 0.503935 0.303819 0.022685 0.015278
10 0.324074 0.339757 0.018519 0.012153
10 0.376620 0.356597 0.018056 0.011806
10 0.052083 0.329514 0.018981 0.012500
10 0.097685 0.386632 0.012963 0.009375
10 0.144444 0.397222 0.012963 0.008333
8 0.848843 0.014410 0.031944 0.028125
8 0.611343 0.100174 0.028241 0.026736
15 0.765278 0.560764 0.032407 0.039583
8 0.495370 0.456944 0.009259 0.006250
