15 0.354398 0.185590 0.292130 0.246181
15 0.656019 0.314236 0.281481 0.221528
15 0.867593 0.402951 0.255556 0.178819
12 0.222454 0.240278 0.120833 0.166667
12 0.862500 0.488715 0.089815 0.132986
10 0.533565 0.128646 0.096759 0.076736
10 0.828704 0.275000 0.087963 0.063889
10 0.071759 0.508681 0.118519 0.089583
10 0.154398 0.568056 0.085648 0.063194
10 0.451157 0.644271 0.076389 0.055208
10 0.689120 0.703646 0.066204 0.048958
11 0.089120 0.752778 0.075463 0.204167
11 0.171528 0.760243 0.066204 0.192014
11 0.339583 0.787326 0.051389 0.171181
11 0.406481 0.798958 0.050000 0.167361
11 0.472222 0.812674 0.045370 0.164931
11 0.600463 0.839410 0.044444 0.171875
11 0.652546 0.846007 0.045833 0.160069
11 0.704398 0.854167 0.045833 0.153472
11 0.743981 0.798611 0.064815 0.245139
