1 0.320177 0.294550 0.066393 0.265571
1 0.482807 0.299452 0.066393 0.265571
1 0.620999 0.326557 0.066393 0.265571
1 0.853914 0.372549 0.093209 0.254902
1 0.961505 0.376586 0.076990 0.238178
13 0.475562 0.729671 0.282007 0.257497
13 0.944745 0.743512 0.110510 0.248270
10 0.337587 0.515138 0.086505 0.124279
10 0.475779 0.523501 0.086505 0.124279
10 0.596886 0.531863 0.086505 0.124279
10 0.805363 0.555219 0.086505 0.124279
10 0.884083 0.563293 0.086505 0.124279
10 0.052768 0.492359 0.086505 0.124279
15 0.707072 0.932670 0.042604 0.090254
15 0.310013 0.938149 0.042604 0.090254
15 0.422902 0.945646 0.042604 0.090254
