13 0.467130 0.470139 0.199074 0.131944
13 0.222917 0.513368 0.136574 0.091319
13 0.084028 0.537326 0.097685 0.072569
3 0.442593 0.243924 0.081481 0.124653
3 0.356019 0.283160 0.071296 0.110764
3 0.286111 0.313715 0.066667 0.107986
3 0.190741 0.367014 0.047222 0.074306
3 0.146759 0.385417 0.043519 0.069444
3 0.107870 0.402083 0.040741 0.063889
2 0.467130 0.160243 0.115741 0.116319
2 0.370833 0.211632 0.106481 0.101042
2 0.300000 0.249132 0.098148 0.085069
2 0.189815 0.308160 0.093519 0.079514
1 0.715046 0.092708 0.081944 0.156944
1 0.740046 0.420312 0.031019 0.057986
1 0.852083 0.398611 0.030093 0.070833
0 0.791435 0.485938 0.049537 0.060764
9 0.926620 0.057118 0.073611 0.055903
9 0.721759 0.074479 0.061111 0.046875
9 0.724537 0.143750 0.059259 0.047222
9 0.503935 0.148958 0.041204 0.035417
9 0.487731 0.218576 0.039352 0.031597
9 0.462731 0.280729 0.041204 0.033681
9 0.405556 0.198958 0.037963 0.032639
9 0.393519 0.260764 0.035185 0.027778
9 0.372454 0.316667 0.037500 0.029167
9 0.318981 0.294618 0.031481 0.026736
9 0.303009 0.346181 0.032870 0.027778
9 0.221296 0.296007 0.028704 0.023958
9 0.213889 0.341319 0.025926 0.022222
9 0.199537 0.383854 0.029630 0.023264
9 0.174769 0.321007 0.025463 0.022569
9 0.133565 0.341493 0.026389 0.020486
9 0.153472 0.402083 0.027315 0.022222
9 0.115046 0.417361 0.026389 0.020139
9 0.071759 0.375000 0.021296 0.016667
9 0.066667 0.407292 0.018519 0.018056
9 0.043519 0.388368 0.020370 0.016319
9 0.056481 0.439583 0.019444 0.018056
9 0.029167 0.450694 0.021296 0.016667
9 0.009028 0.460243 0.017130 0.015625
9 0.017824 0.402257 0.019907 0.016319
9 0.803472 0.473611 0.021759 0.015972
9 0.805093 0.501563 0.022222 0.016319
9 0.742593 0.408333 0.018519 0.015278
9 0.743287 0.434375 0.019907 0.015278
10 0.031019 0.239757 0.027778 0.019792
10 0.246296 0.283507 0.022222 0.014931
10 0.108102 0.394271 0.016204 0.011458
10 0.952315 0.331597 0.024074 0.016667
10 0.758796 0.372917 0.020370 0.013889
14 0.765741 0.583681 0.146296 0.130556
11 0.378472 0.591493 0.004167 0.018403
11 0.381713 0.591840 0.004167 0.019792
11 0.384954 0.590972 0.004167 0.019444
11 0.410880 0.589236 0.005093 0.018056
11 0.406944 0.589410 0.004630 0.018403
11 0.404398 0.589583 0.004167 0.018750
11 0.434259 0.588368 0.004630 0.019097
11 0.439352 0.585764 0.005556 0.018056
8 0.165972 0.021354 0.031944 0.023264
8 0.127315 0.061285 0.029630 0.021875
8 0.073380 0.121181 0.028241 0.019444
8 0.047454 0.147569 0.027315 0.018056
8 0.025000 0.175000 0.028704 0.015972
12 0.154167 0.042708 0.029630 0.041667
12 0.182407 0.019792 0.029630 0.038889
