13 0.359491 0.463715 0.183796 0.119097
13 0.725694 0.494271 0.145833 0.094792
3 0.248611 0.246181 0.045370 0.115972
3 0.384491 0.275000 0.049537 0.105556
3 0.504167 0.294618 0.049074 0.105208
3 0.681481 0.326910 0.058333 0.093403
3 0.760185 0.345833 0.042593 0.085417
3 0.841667 0.356597 0.051852 0.083333
2 0.882407 0.324306 0.070370 0.069444
2 0.811111 0.308854 0.076852 0.073958
2 0.730324 0.292187 0.075463 0.078125
2 0.562731 0.256944 0.072685 0.086806
2 0.450000 0.233507 0.067593 0.096181
2 0.323611 0.205208 0.061111 0.097917
0 0.172917 0.392361 0.030093 0.058333
0 0.245602 0.400521 0.028241 0.055208
9 0.247454 0.282639 0.040278 0.032639
9 0.312963 0.195660 0.037037 0.030208
9 0.279398 0.238889 0.036574 0.031250
9 0.379398 0.305729 0.036574 0.029514
9 0.406019 0.264236 0.034259 0.029167
9 0.435417 0.223611 0.035648 0.028472
9 0.496991 0.326736 0.035648 0.025694
9 0.544676 0.247049 0.031019 0.026736
9 0.619444 0.319792 0.028704 0.022222
9 0.668287 0.353993 0.031944 0.025347
9 0.707870 0.282292 0.028704 0.023611
9 0.788194 0.298958 0.028241 0.022222
9 0.755093 0.368056 0.031481 0.022917
9 0.833102 0.380208 0.031944 0.021528
9 0.861111 0.314236 0.026852 0.020833
9 0.170833 0.381250 0.022222 0.015972
9 0.167593 0.406771 0.020370 0.016319
9 0.240972 0.414410 0.019907 0.014931
9 0.242361 0.389236 0.019907 0.015278
10 0.236343 0.357292 0.018981 0.012500
10 0.166898 0.348090 0.018981 0.012847
10 0.383102 0.191840 0.034722 0.023264
10 0.734028 0.270833 0.031019 0.018750
8 0.859491 0.011285 0.033796 0.021875
16 0.663889 0.388368 0.041667 0.032292
16 0.710880 0.382812 0.031944 0.026736
