3 0.273843 0.177257 0.146759 0.262847
6 0.152778 0.671701 0.205556 0.299653
12 0.323380 0.813715 0.043056 0.069792
12 0.850694 0.807118 0.044907 0.071875
12 0.669444 0.808507 0.044444 0.072569
10 0.407639 0.721875 0.043056 0.058333
10 0.751620 0.713542 0.041204 0.062500
15 0.418981 0.734375 0.093519 0.097917
15 0.751157 0.728993 0.070833 0.096181
10 0.872454 0.910417 0.042130 0.033333
10 0.319444 0.914583 0.040741 0.031944
11 0.409722 0.962326 0.022222 0.075347
11 0.445833 0.962674 0.024074 0.074653
11 0.482870 0.962674 0.023148 0.074653
11 0.727778 0.961111 0.024074 0.077778
11 0.766667 0.961979 0.024074 0.076042
11 0.806250 0.961806 0.023611 0.076389
9 0.413889 0.438889 0.087963 0.068056
9 0.292824 0.168229 0.099537 0.071875
10 0.056944 0.101562 0.091667 0.112847
10 0.335648 0.080382 0.089815 0.109375
