6 0.625463 0.311458 0.134259 0.212500
6 0.484259 0.323785 0.137037 0.195486
6 0.360648 0.338542 0.138889 0.190278
3 0.178935 0.090104 0.109722 0.179514
3 0.381250 0.074132 0.099537 0.147569
1 0.792130 0.317361 0.039815 0.097222
1 0.234954 0.364931 0.042130 0.086806
1 0.071759 0.378472 0.043519 0.080556
9 0.192130 0.136806 0.070370 0.054167
9 0.392824 0.103125 0.071759 0.059028
9 0.538426 0.031250 0.066667 0.048611
9 0.790741 0.299826 0.037037 0.029514
9 0.792593 0.343576 0.037037 0.031597
9 0.853472 0.380903 0.032870 0.026389
9 0.588426 0.360243 0.040741 0.028819
9 0.239120 0.350174 0.031019 0.022569
9 0.239120 0.386632 0.028241 0.022569
9 0.236806 0.420139 0.028241 0.022222
9 0.075231 0.362500 0.029167 0.022917
9 0.075463 0.398090 0.030556 0.021875
9 0.060880 0.107986 0.036574 0.038889
15 0.293750 0.521875 0.043981 0.044444
15 0.075694 0.533507 0.034722 0.032292
10 0.254398 0.530729 0.023611 0.023958
10 0.232407 0.290799 0.023148 0.024653
