1 0.515278 0.325231 0.033333 0.108796
3 0.205556 0.098611 0.060417 0.196296
1 0.707292 0.305093 0.034028 0.127778
3 0.310937 0.088426 0.060069 0.175926
6 0.721181 0.491435 0.039583 0.125463
6 0.673958 0.493981 0.038889 0.119444
6 0.767535 0.491898 0.038542 0.124537
1 0.451562 0.331250 0.032292 0.107870
10 0.414062 0.256713 0.023958 0.049537
10 0.470833 0.250231 0.021528 0.050463
10 0.533681 0.242593 0.020139 0.051852
10 0.805035 0.202083 0.024653 0.045833
10 0.725694 0.212731 0.027083 0.046759
13 0.060243 0.434722 0.119792 0.183333
13 0.375521 0.414815 0.199653 0.213889
13 0.887326 0.377315 0.225347 0.267593
14 0.501736 0.627083 0.126389 0.247685
15 0.950694 0.397222 0.029167 0.066667
11 0.890972 0.566435 0.006944 0.069907
11 0.948958 0.571528 0.014583 0.078241
11 0.958681 0.569676 0.009722 0.077315
11 0.974653 0.569444 0.010417 0.070370
3 0.430208 0.077778 0.054167 0.154630
1 0.785590 0.297454 0.037153 0.131944
1 0.392882 0.336806 0.031597 0.109722
3 0.040625 0.134259 0.062500 0.176852
2 0.071181 0.069676 0.104861 0.138426
10 0.936111 0.402315 0.018750 0.037037
9 0.316493 0.134259 0.044792 0.055556
9 0.431771 0.111574 0.044792 0.055556
9 0.211111 0.156713 0.044444 0.055093
9 0.050174 0.184259 0.040625 0.051852
9 0.092882 0.026852 0.040625 0.051852
9 0.015278 0.049306 0.029861 0.049537
9 0.394965 0.364352 0.023958 0.033333
9 0.394792 0.317361 0.022917 0.029167
9 0.455208 0.312731 0.022917 0.029167
9 0.454514 0.358102 0.022917 0.029167
9 0.517361 0.351620 0.022917 0.029167
9 0.518403 0.304398 0.022917 0.029167
9 0.323437 0.084491 0.034375 0.050463
9 0.715278 0.025463 0.056944 0.050000
