13 0.891204 0.567535 0.217593 0.165625
13 0.632870 0.603299 0.166667 0.119792
13 0.463426 0.623090 0.126852 0.097569
1 0.944444 0.235937 0.089815 0.154514
1 0.836574 0.284896 0.084259 0.141319
1 0.746065 0.323785 0.071759 0.126736
1 0.627546 0.376389 0.057870 0.110417
1 0.573148 0.401042 0.050000 0.100694
1 0.527083 0.419965 0.045833 0.091319
1 0.456481 0.453125 0.051852 0.086806
9 0.957407 0.208507 0.056481 0.045486
9 0.955093 0.277083 0.055556 0.046528
9 0.848611 0.259201 0.051852 0.041319
9 0.843287 0.322743 0.054167 0.044097
9 0.758333 0.299479 0.045370 0.037153
9 0.756713 0.358160 0.045833 0.037847
9 0.637037 0.356771 0.033333 0.030208
9 0.633565 0.405382 0.036574 0.030903
9 0.581713 0.382986 0.031944 0.028472
9 0.578009 0.428993 0.031944 0.030208
9 0.535648 0.403646 0.029630 0.028125
9 0.532639 0.447049 0.032870 0.026042
9 0.467824 0.435069 0.028241 0.025000
9 0.464352 0.474653 0.029630 0.026389
9 0.928472 0.397396 0.046759 0.034375
9 0.660880 0.476910 0.035648 0.025347
16 0.097222 0.447917 0.043519 0.052083
16 0.193056 0.455382 0.038889 0.050347
16 0.286111 0.464236 0.040741 0.048611
10 0.298611 0.051215 0.046296 0.034375
10 0.453704 0.079340 0.046296 0.032986
10 0.647222 0.313542 0.036111 0.038889
10 0.689815 0.284896 0.034259 0.026736
10 0.312963 0.231076 0.035185 0.031597
10 0.192130 0.216667 0.035185 0.031250
10 0.130556 0.313715 0.028704 0.025347
10 0.228935 0.324479 0.028241 0.025347
10 0.322917 0.335590 0.029167 0.024653
10 0.488657 0.397222 0.028241 0.031250
