1 0.868924 0.859954 0.116319 0.242130
1 0.951042 0.747222 0.097917 0.250000
5 0.661285 0.499537 0.108681 0.300000
5 0.531076 0.466667 0.091319 0.311111
5 0.389757 0.451389 0.085069 0.296296
5 0.307812 0.788657 0.068403 0.233796
5 0.421007 0.798843 0.071181 0.231019
5 0.521701 0.801852 0.079514 0.210185
8 0.596701 0.761574 0.029514 0.036111
8 0.491493 0.979861 0.025347 0.031019
12 0.598611 0.684722 0.019444 0.070370
9 0.659896 0.515509 0.042014 0.051389
9 0.686458 0.449769 0.042361 0.056944
9 0.524306 0.489120 0.039583 0.051389
9 0.318229 0.769213 0.036458 0.044907
9 0.428646 0.780556 0.035764 0.044444
9 0.534375 0.792824 0.033333 0.043981
8 0.885590 0.173611 0.055208 0.054630
9 0.969965 0.691435 0.050347 0.076389
9 0.977431 0.802546 0.045139 0.078241
8 0.889062 0.915972 0.055903 0.068981
8 0.875000 0.810648 0.047917 0.070370
8 0.747569 0.971296 0.038194 0.057407
10 0.770486 0.886111 0.031944 0.036111
12 0.581771 0.718981 0.017708 0.055556
