13 0.643477 0.383267 0.101935 0.114418
13 0.511161 0.400463 0.079861 0.095899
10 0.897197 0.090278 0.051835 0.075397
15 0.820809 0.081184 0.082093 0.157738
3 0.718998 0.191138 0.029266 0.101852
2 0.728671 0.115906 0.046131 0.102844
2 0.639509 0.149140 0.049355 0.093254
3 0.633185 0.216270 0.029266 0.101852
2 0.598834 0.165344 0.049355 0.093254
3 0.592262 0.222222 0.029266 0.101852
3 0.555432 0.233135 0.024554 0.086640
2 0.560268 0.176918 0.045139 0.080026
9 0.654762 0.131779 0.021329 0.026786
9 0.649802 0.183697 0.021329 0.026786
9 0.639633 0.232970 0.021329 0.026786
9 0.596230 0.246858 0.021329 0.026786
9 0.615575 0.147983 0.021329 0.026786
9 0.559524 0.259755 0.021329 0.026786
9 0.574653 0.162864 0.021329 0.026786
3 0.493056 0.258598 0.023313 0.074735
2 0.500620 0.199735 0.043403 0.083333
9 0.496156 0.275132 0.017113 0.025794
9 0.510045 0.186839 0.017113 0.025794
3 0.460565 0.270668 0.027282 0.075066
2 0.465154 0.213955 0.041419 0.082011
9 0.464658 0.286376 0.017113 0.025794
9 0.475818 0.200066 0.017113 0.025794
9 0.438120 0.294643 0.017113 0.025794
3 0.437252 0.272321 0.027282 0.075066
15 0.379216 0.239418 0.055060 0.109788
15 0.318080 0.270007 0.052331 0.094246
10 0.338914 0.279762 0.031994 0.052910
10 0.208085 0.326224 0.021329 0.035384
15 0.241443 0.298942 0.049355 0.085979
15 0.193700 0.313492 0.044147 0.081349
10 0.208085 0.170470 0.009921 0.014881
10 0.208333 0.185020 0.009921 0.014881
10 0.259425 0.190972 0.009921 0.014881
10 0.260417 0.176091 0.009921 0.014881
10 0.245164 0.130291 0.016617 0.023810
10 0.192336 0.124669 0.016617 0.023810
10 0.297371 0.138889 0.014881 0.019180
10 0.269345 0.071429 0.017857 0.024471
10 0.326389 0.080688 0.017857 0.024471
10 0.381076 0.089286 0.015129 0.020503
10 0.395461 0.095238 0.015129 0.020503
10 0.415799 0.152447 0.015129 0.020503
10 0.380208 0.205192 0.010417 0.012897
10 0.380208 0.191964 0.010417 0.012897
10 0.426339 0.210152 0.010417 0.012897
10 0.425595 0.195602 0.010417 0.012897
10 0.309772 0.180721 0.010417 0.012897
10 0.310516 0.193287 0.010417 0.012897
8 0.203001 0.212632 0.006696 0.008598
8 0.254092 0.217923 0.006696 0.008598
8 0.303943 0.223876 0.006696 0.008598
12 0.039559 0.359788 0.019097 0.063492
12 0.051339 0.350860 0.021329 0.067460
12 0.067088 0.346561 0.023562 0.069444
15 0.100694 0.349206 0.036210 0.060185
15 0.130952 0.338624 0.051091 0.067460
11 0.161086 0.455026 0.011161 0.065476
11 0.174479 0.452712 0.011161 0.065476
11 0.187872 0.452050 0.011161 0.065476
12 0.267857 0.410549 0.017857 0.052579
10 0.491939 0.024306 0.018601 0.024140
10 0.432168 0.012235 0.018601 0.023810
10 0.509425 0.107970 0.015873 0.019511
10 0.632192 0.048280 0.016369 0.023810
10 0.684524 0.056548 0.016369 0.023810
9 0.744916 0.096726 0.020089 0.028108
9 0.736235 0.152282 0.020089 0.028108
9 0.723586 0.207837 0.020089 0.028108
