14 0.666090 0.579441 0.189014 0.286909
14 0.284818 0.658160 0.108997 0.150807
6 0.534170 0.518310 0.027249 0.079873
6 0.556337 0.513697 0.027898 0.083910
6 0.579260 0.508074 0.028763 0.083622
6 0.390895 0.555796 0.024005 0.061995
6 0.378460 0.557670 0.019031 0.064014
6 0.367755 0.561563 0.016220 0.057958
16 0.332612 0.542243 0.014706 0.024510
13 0.466479 0.604960 0.034602 0.043829
13 0.427011 0.609141 0.015787 0.043541
13 0.523140 0.597318 0.028979 0.043541
13 0.804715 0.564591 0.071367 0.063437
13 0.966371 0.546713 0.067258 0.079008
13 0.903763 0.556373 0.016869 0.035467
1 0.112565 0.589533 0.017950 0.044694
1 0.058391 0.588379 0.017734 0.045271
1 0.025411 0.587803 0.016652 0.045848
11 0.011246 0.488466 0.022059 0.097463
12 0.039576 0.435986 0.022059 0.042676
12 0.038711 0.287053 0.037630 0.080450
10 0.084991 0.232699 0.033737 0.056517
3 0.556228 0.404268 0.024654 0.070358
3 0.520545 0.420848 0.022924 0.072376
3 0.488106 0.438870 0.025087 0.066897
2 0.498270 0.384660 0.034170 0.061707
2 0.562067 0.344579 0.038062 0.080161
2 0.528547 0.358420 0.037630 0.065744
2 0.371756 0.450404 0.031574 0.057670
3 0.368080 0.484573 0.016003 0.064879
3 0.351644 0.497116 0.012976 0.052480
3 0.336181 0.501009 0.017950 0.052191
1 0.296388 0.509083 0.017517 0.042388
1 0.310013 0.504181 0.015355 0.045848
1 0.321799 0.500288 0.017301 0.053057
10 0.276492 0.490773 0.009732 0.016724
10 0.286981 0.484862 0.008651 0.019896
10 0.395653 0.417676 0.015787 0.029700
10 0.554823 0.322376 0.017517 0.038062
10 0.591479 0.299452 0.018166 0.041811
10 0.665117 0.257641 0.024438 0.040081
10 0.716263 0.225202 0.026384 0.043253
10 0.780061 0.190456 0.025952 0.047001
1 0.747946 0.465254 0.023140 0.066032
1 0.783304 0.453864 0.022059 0.065167
1 0.823529 0.445358 0.026384 0.067186
1 0.904087 0.424308 0.026600 0.075836
1 0.956531 0.411332 0.028547 0.078720
10 0.985402 0.167243 0.025303 0.046136
8 0.909494 0.168685 0.022708 0.032295
8 0.956639 0.145040 0.020112 0.030565
8 0.799308 0.225634 0.015571 0.020473
