13 0.501081 0.750865 0.252595 0.320069
13 0.180688 0.872405 0.174092 0.217128
9 0.822772 0.130623 0.073746 0.083622
9 0.536440 0.357411 0.045199 0.059112
9 0.563473 0.261678 0.046929 0.057382
9 0.583910 0.171569 0.051903 0.073241
9 0.468426 0.272924 0.050606 0.056228
9 0.450151 0.362601 0.051254 0.061419
9 0.422794 0.446511 0.052336 0.059112
9 0.329693 0.516148 0.043036 0.054787
9 0.362132 0.435265 0.039576 0.050461
9 0.383759 0.353806 0.047794 0.054787
9 0.209343 0.610294 0.041090 0.043541
9 0.237565 0.540369 0.037413 0.047290
9 0.258110 0.471021 0.044766 0.056228
2 0.563257 0.163206 0.113971 0.151672
2 0.441933 0.269752 0.104455 0.136967
2 0.347535 0.360150 0.101211 0.137832
2 0.227941 0.488466 0.117215 0.148212
3 0.521951 0.293541 0.082829 0.205882
3 0.412738 0.394464 0.075476 0.185698
3 0.322232 0.465542 0.066609 0.171569
3 0.201233 0.577134 0.076341 0.165225
3 0.144139 0.610150 0.054282 0.140138
9 0.040874 0.743800 0.035467 0.036044
9 0.081207 0.630479 0.032656 0.037197
7 0.611267 0.803777 0.039144 0.074106
7 0.664144 0.787774 0.041522 0.102653
10 0.677552 0.710784 0.021194 0.040369
10 0.626730 0.728085 0.019896 0.037486
12 0.684580 0.955306 0.014490 0.044983
12 0.644247 0.961649 0.016869 0.038639
15 0.696259 0.912918 0.044334 0.038062
15 0.657331 0.921713 0.039576 0.041234
12 0.518707 0.980392 0.012760 0.036909
10 0.921280 0.620531 0.026817 0.044406
