14 0.568287 0.495486 0.863426 0.902778
12 0.039352 0.501736 0.034259 0.071528
1 0.042824 0.230208 0.073611 0.128472
1 0.254398 0.269097 0.061574 0.122222
11 0.010417 0.544271 0.019907 0.101042
10 0.825231 0.058333 0.045833 0.036111
10 0.370602 0.134201 0.039352 0.027431
10 0.290741 0.148785 0.036111 0.026042
10 0.211574 0.162326 0.036111 0.026042
9 0.045139 0.206250 0.056944 0.037500
9 0.038426 0.261979 0.053704 0.036458
9 0.252083 0.296007 0.043056 0.035069
9 0.251620 0.243924 0.043056 0.035069
