15 0.828704 0.350694 0.156085 0.159722
16 0.461310 0.441840 0.092593 0.152530
16 0.369709 0.426711 0.077381 0.110367
16 0.272487 0.420759 0.077381 0.110367
16 0.539683 0.470982 0.069444 0.170635
16 0.660218 0.468254 0.081680 0.140377
10 0.377976 0.310268 0.074735 0.051091
10 0.481812 0.296875 0.074735 0.051091
10 0.299107 0.297619 0.075728 0.067460
10 0.198578 0.295883 0.075728 0.067460
10 0.651786 0.311756 0.074735 0.051091
11 0.687665 0.411706 0.013558 0.070437
11 0.697255 0.410714 0.013558 0.070437
11 0.704861 0.410962 0.013558 0.070437
11 0.721726 0.414931 0.013558 0.070437
11 0.729001 0.414435 0.013558 0.070437
11 0.737269 0.416419 0.013558 0.070437
10 0.778439 0.043651 0.062831 0.078869
10 0.730324 0.025918 0.055886 0.051339
10 0.234623 0.026786 0.096892 0.053075
10 0.114914 0.026786 0.096892 0.053075
