13 0.129861 0.301042 0.258796 0.194444
13 0.391204 0.367014 0.196296 0.129861
13 0.551157 0.402604 0.130093 0.100347
1 0.313426 0.065104 0.070370 0.129514
1 0.428935 0.128993 0.067130 0.126736
1 0.479167 0.158854 0.060185 0.114236
1 0.521759 0.186111 0.056481 0.106250
1 0.585880 0.226910 0.051389 0.096181
16 0.753935 0.250000 0.047685 0.047917
16 0.852315 0.250000 0.044444 0.047222
16 0.953009 0.246007 0.044907 0.053819
9 0.211574 0.041319 0.055556 0.047222
9 0.300694 0.088021 0.051389 0.042708
9 0.300231 0.025174 0.048611 0.041319
9 0.419213 0.100174 0.043981 0.036458
9 0.417593 0.157292 0.042593 0.037500
9 0.471991 0.135417 0.041204 0.032639
9 0.468981 0.186979 0.039815 0.032986
9 0.513889 0.164062 0.037963 0.030208
9 0.511574 0.213021 0.036111 0.028819
9 0.576389 0.205729 0.030556 0.026736
9 0.576389 0.249479 0.032407 0.026042
9 0.533565 0.302257 0.025463 0.021875
9 0.386574 0.246875 0.033333 0.027083
9 0.337269 0.225347 0.034722 0.029167
9 0.142593 0.141319 0.048148 0.038194
9 0.046065 0.100868 0.054167 0.041319
10 0.403472 0.053646 0.043981 0.044097
10 0.937269 0.091146 0.028241 0.028125
10 0.831019 0.099653 0.029630 0.025694
10 0.729398 0.106076 0.027315 0.025347
10 0.348380 0.023785 0.034722 0.028819
11 0.096759 0.432986 0.018519 0.087500
