10 0.049092 0.436275 0.017301 0.020185
10 0.011894 0.328720 0.017301 0.026528
10 0.076449 0.355681 0.018815 0.019896
10 0.135056 0.379614 0.016220 0.022203
10 0.254217 0.432526 0.012760 0.018454
10 0.119810 0.219002 0.021194 0.027393
10 0.193123 0.259371 0.017734 0.024510
10 0.253893 0.294118 0.018599 0.025952
10 0.375973 0.369377 0.013192 0.016148
10 0.415549 0.394464 0.014922 0.016148
10 0.828720 0.209343 0.017301 0.024221
10 0.802336 0.151672 0.019896 0.031719
10 0.544550 0.278547 0.017734 0.020761
9 0.990701 0.150231 0.018599 0.044983
9 0.865593 0.211217 0.033088 0.042964
9 0.873378 0.277970 0.033088 0.042099
1 0.867863 0.232266 0.047578 0.151384
9 0.901168 0.270761 0.015571 0.036332
9 0.743080 0.423443 0.025519 0.029700
9 0.657331 0.445213 0.024870 0.028835
9 0.584667 0.468426 0.020545 0.030854
9 0.427228 0.515859 0.016220 0.023645
9 0.380947 0.530998 0.016652 0.022780
9 0.274546 0.566753 0.014490 0.017589
9 0.240917 0.577134 0.016003 0.017589
9 0.140787 0.606546 0.013841 0.014706
10 0.247837 0.453864 0.013841 0.021915
10 0.144680 0.503604 0.014273 0.019896
9 0.089641 0.554210 0.013625 0.016724
9 0.086289 0.583333 0.012976 0.019031
1 0.086073 0.562572 0.019031 0.063437
9 0.114295 0.544406 0.015355 0.019608
9 0.109213 0.573818 0.013841 0.018454
1 0.109970 0.553489 0.024005 0.064879
9 0.139057 0.531719 0.015138 0.020761
9 0.134191 0.566465 0.017517 0.020473
1 0.137003 0.544983 0.027898 0.067474
9 0.181985 0.547290 0.017085 0.019608
9 0.186311 0.512255 0.015787 0.021626
1 0.182310 0.523933 0.025952 0.073241
9 0.213776 0.535179 0.018382 0.022491
9 0.217344 0.499279 0.016003 0.022780
1 0.214749 0.510957 0.029412 0.074971
9 0.249459 0.483564 0.018815 0.021915
9 0.246648 0.521770 0.016220 0.023933
1 0.249243 0.497693 0.028763 0.079585
9 0.317150 0.495386 0.017950 0.024798
9 0.320394 0.455017 0.017517 0.023645
1 0.317042 0.466984 0.031574 0.083333
9 0.364403 0.434400 0.019896 0.024510
9 0.362889 0.477509 0.019896 0.024221
1 0.361592 0.447953 0.031142 0.093137
9 0.415549 0.412197 0.020112 0.027970
9 0.413495 0.457468 0.019896 0.026240
1 0.411657 0.425173 0.030061 0.093714
9 0.519788 0.417964 0.021843 0.030277
9 0.519356 0.367791 0.020545 0.029700
1 0.517625 0.384804 0.035251 0.109862
9 0.593101 0.389994 0.023573 0.033160
9 0.591587 0.336217 0.021410 0.032295
1 0.590939 0.352653 0.037413 0.119954
9 0.678309 0.355825 0.027465 0.036332
9 0.675173 0.297866 0.025519 0.037486
1 0.677768 0.317474 0.041090 0.135525
13 0.379542 0.646050 0.115917 0.119089
13 0.631704 0.603518 0.154412 0.159746
13 0.222210 0.673010 0.084559 0.099769
13 0.110186 0.688005 0.072881 0.077278
15 0.762003 0.641869 0.025735 0.049596
15 0.852833 0.632353 0.030493 0.060554
8 0.560121 0.024366 0.015571 0.018166
8 0.424957 0.129037 0.013841 0.017013
8 0.432310 0.138408 0.009948 0.017301
8 0.288927 0.229095 0.010381 0.015283
8 0.295956 0.234141 0.008434 0.014418
8 0.259299 0.253172 0.009083 0.014994
8 0.173551 0.329008 0.008002 0.012111
8 0.167279 0.323097 0.007569 0.010092
10 0.166414 0.300317 0.013192 0.018166
15 0.018599 0.546424 0.020329 0.046136
12 0.520978 0.719146 0.010381 0.027682
15 0.450043 0.682670 0.020761 0.034314
