13 0.559028 0.311343 0.240972 0.254167
6 0.403819 0.423148 0.045139 0.112963
6 0.370486 0.425231 0.031250 0.112500
1 0.405208 0.233565 0.038194 0.122685
1 0.188021 0.265046 0.031597 0.106019
1 0.083333 0.278009 0.028472 0.103241
1 0.279514 0.251620 0.030556 0.115278
9 0.348958 0.019907 0.038194 0.038889
9 0.177257 0.017593 0.035764 0.034259
9 0.180035 0.076620 0.034375 0.047685
9 0.453819 0.254861 0.020833 0.029167
9 0.406771 0.311111 0.020486 0.028704
9 0.411632 0.265278 0.021181 0.029630
9 0.412674 0.213889 0.020486 0.029630
9 0.191840 0.244676 0.019097 0.027315
9 0.190451 0.291204 0.019792 0.025926
9 0.086979 0.303472 0.017708 0.026389
9 0.235243 0.369213 0.021181 0.027315
9 0.234549 0.417824 0.019792 0.028241
0 0.232465 0.392361 0.039931 0.106019
13 0.120660 0.359954 0.191319 0.198611
15 0.735243 0.308565 0.038542 0.066204
15 0.670833 0.315509 0.039583 0.060648
12 0.755382 0.372685 0.015625 0.052778
10 0.165451 0.191667 0.017708 0.025926
10 0.215278 0.182407 0.020139 0.025000
10 0.371354 0.155324 0.021181 0.025463
10 0.433333 0.145833 0.021528 0.026852
10 0.712500 0.320602 0.015972 0.020833
10 0.695486 0.425694 0.014583 0.021759
11 0.747222 0.483796 0.010417 0.069444
11 0.730035 0.490278 0.019792 0.077778
11 0.713889 0.483565 0.010417 0.067130
11 0.699653 0.484954 0.008333 0.066204
11 0.685243 0.484954 0.010069 0.066204
8 0.669444 0.146065 0.037500 0.024537
8 0.629687 0.124769 0.037847 0.026389
8 0.040278 0.239815 0.025694 0.025000
