6 0.469213 0.575521 0.106019 0.132292
6 0.426620 0.584896 0.096759 0.123264
6 0.388657 0.591840 0.098611 0.123264
14 0.129861 0.794097 0.258796 0.276389
2 0.396759 0.318576 0.131481 0.132986
3 0.397685 0.415625 0.079630 0.115278
3 0.337037 0.442535 0.074074 0.103819
3 0.288657 0.467361 0.069907 0.098611
1 0.229398 0.473438 0.058796 0.103125
1 0.193750 0.489236 0.056944 0.095833
1 0.159491 0.505903 0.052315 0.087500
1 0.953472 0.510069 0.050463 0.077083
1 0.885880 0.525174 0.047685 0.073958
1 0.825463 0.536632 0.043519 0.071181
1 0.733333 0.556250 0.036111 0.065278
1 0.687963 0.566493 0.033333 0.062847
1 0.645370 0.575868 0.033333 0.062153
13 0.934491 0.668056 0.131019 0.088194
13 0.736343 0.687847 0.115278 0.074306
9 0.441204 0.296701 0.041667 0.039236
9 0.416204 0.432465 0.037963 0.037847
9 0.355556 0.461111 0.037963 0.034028
9 0.303472 0.484896 0.036574 0.031597
9 0.240278 0.492361 0.034259 0.026389
9 0.239815 0.447396 0.035185 0.028125
9 0.137731 0.603299 0.031019 0.023958
9 0.136343 0.643056 0.031944 0.026389
1 0.130093 0.623958 0.050926 0.084028
9 0.957176 0.494097 0.031944 0.022222
9 0.890278 0.510069 0.029630 0.020833
9 0.893519 0.542882 0.029630 0.021181
9 0.960648 0.530382 0.028704 0.022569
9 0.922917 0.571528 0.029167 0.020833
9 0.986343 0.560590 0.027315 0.021181
9 0.829630 0.522049 0.025000 0.020486
9 0.831944 0.554167 0.026852 0.020833
9 0.773611 0.596007 0.025000 0.017708
9 0.728472 0.603819 0.021759 0.017361
9 0.736574 0.542188 0.025000 0.020486
9 0.737963 0.571181 0.022222 0.018750
9 0.690046 0.552257 0.022685 0.018403
9 0.691204 0.580729 0.023148 0.018403
9 0.648843 0.562153 0.020833 0.017361
9 0.650231 0.588542 0.022685 0.019444
10 0.492130 0.253993 0.043519 0.041319
10 0.110648 0.488715 0.025926 0.023958
10 0.135417 0.473958 0.027315 0.025694
10 0.162269 0.458333 0.028241 0.027083
9 0.491204 0.382986 0.038889 0.030556
10 0.942824 0.325521 0.032870 0.031597
10 0.858102 0.316493 0.033796 0.029514
10 0.769213 0.308507 0.031944 0.028819
10 0.955787 0.425868 0.024537 0.021875
10 0.890741 0.420833 0.025000 0.021528
10 0.717593 0.405556 0.025926 0.024306
10 0.714815 0.471701 0.020370 0.018403
10 0.720833 0.509028 0.024074 0.023611
8 0.948380 0.226389 0.045833 0.023611
8 0.890509 0.253472 0.052315 0.025694
10 0.492824 0.457986 0.022685 0.020139
15 0.896065 0.679167 0.036574 0.032639
