1 0.508681 0.616667 0.027083 0.075000
1 0.375694 0.547454 0.031944 0.093056
1 0.446007 0.584722 0.028125 0.086111
1 0.554167 0.638657 0.025694 0.068981
13 0.286806 0.719213 0.117361 0.127315
13 0.563542 0.781481 0.061806 0.078704
13 0.456250 0.757870 0.081944 0.096296
16 0.847049 0.771528 0.014236 0.026389
14 0.895660 0.801620 0.082986 0.161574
13 0.636285 0.797917 0.049653 0.067130
13 0.692535 0.811111 0.042014 0.057407
16 0.261111 0.406481 0.056250 0.095370
16 0.326215 0.374306 0.055903 0.097685
16 0.389583 0.338657 0.058333 0.101389
15 0.201736 0.765278 0.034028 0.051852
15 0.080035 0.751157 0.037153 0.057870
15 0.015104 0.741898 0.029514 0.056019
12 0.218229 0.812269 0.013542 0.049537
12 0.048958 0.798843 0.018750 0.056019
12 0.009549 0.798611 0.018403 0.067593
12 0.626042 0.839815 0.007639 0.029630
8 0.425347 0.329861 0.033333 0.023611
8 0.451562 0.358102 0.030208 0.026389
8 0.521701 0.421296 0.019792 0.021296
8 0.539062 0.440278 0.019792 0.020370
8 0.286632 0.204167 0.030903 0.037037
8 0.240278 0.163889 0.027083 0.048148
0 0.830382 0.459259 0.072569 0.098148
1 0.268229 0.499537 0.034375 0.100000
1 0.326910 0.525000 0.033681 0.095370
1 0.478993 0.601157 0.025347 0.079167
1 0.577257 0.650463 0.023264 0.066667
1 0.597743 0.661111 0.023264 0.063889
1 0.629514 0.680787 0.022222 0.061574
1 0.646875 0.687731 0.021528 0.058796
1 0.686111 0.707870 0.020833 0.050926
1 0.661806 0.696296 0.019444 0.055556
1 0.728646 0.729861 0.018403 0.044907
1 0.962847 0.536574 0.047917 0.085185
10 0.436458 0.807870 0.011806 0.018519
10 0.443750 0.387731 0.023611 0.036574
10 0.493750 0.367361 0.022222 0.036574
10 0.545660 0.338194 0.023264 0.043056
10 0.555208 0.482639 0.018056 0.030093
10 0.598958 0.466898 0.018056 0.030093
10 0.645139 0.449769 0.018750 0.032870
10 0.670312 0.535185 0.015625 0.026852
10 0.712674 0.522222 0.015625 0.026852
10 0.631424 0.545833 0.014236 0.025000
10 0.817187 0.678009 0.010764 0.016204
10 0.790799 0.682176 0.010764 0.016204
10 0.793229 0.653009 0.011458 0.018981
10 0.823611 0.647917 0.010417 0.018056
10 0.764583 0.659259 0.010417 0.017593
10 0.812500 0.700694 0.009028 0.015278
10 0.837500 0.697222 0.009028 0.014815
10 0.831424 0.715972 0.008681 0.015278
10 0.853993 0.711343 0.008681 0.015278
10 0.543229 0.572917 0.014236 0.027315
10 0.421701 0.531019 0.018403 0.028704
10 0.457639 0.517361 0.015972 0.027315
10 0.451215 0.328241 0.019097 0.030556
10 0.302604 0.459259 0.021181 0.030556
10 0.335417 0.443519 0.019444 0.025926
10 0.454340 0.544444 0.020486 0.029630
10 0.576910 0.621065 0.012847 0.021759
9 0.969965 0.609259 0.021875 0.026852
9 0.980035 0.651389 0.021875 0.026852
9 0.960243 0.559722 0.021875 0.026852
9 0.953993 0.520139 0.023958 0.027315
9 0.957292 0.541667 0.022222 0.024074
9 0.865278 0.507870 0.024306 0.029630
9 0.853125 0.480556 0.024306 0.029630
9 0.845833 0.431481 0.024306 0.029630
9 0.713021 0.571065 0.012847 0.020833
9 0.678993 0.579861 0.011458 0.022685
9 0.686458 0.586111 0.009722 0.018519
9 0.721354 0.578472 0.011458 0.019907
9 0.752431 0.562269 0.010417 0.020833
9 0.758854 0.568519 0.010069 0.019444
9 0.724306 0.619676 0.010417 0.019907
9 0.267188 0.522222 0.025347 0.033333
9 0.324653 0.507176 0.023611 0.027315
9 0.323090 0.549306 0.023264 0.029167
9 0.371528 0.571759 0.019444 0.026852
9 0.372743 0.532639 0.019792 0.026389
9 0.443056 0.568287 0.017361 0.025463
9 0.443403 0.603935 0.017361 0.026389
9 0.475521 0.585648 0.017014 0.025000
9 0.477604 0.619213 0.018403 0.023611
9 0.505903 0.601620 0.017361 0.021759
9 0.506250 0.633102 0.018056 0.022685
9 0.550174 0.626157 0.013542 0.020833
9 0.552604 0.656250 0.014931 0.019907
9 0.725694 0.721759 0.011111 0.014815
9 0.728125 0.741667 0.010417 0.013889
9 0.709375 0.732407 0.010417 0.013889
9 0.706597 0.711574 0.010417 0.013889
9 0.694444 0.704167 0.010417 0.013889
9 0.697222 0.725463 0.010417 0.013889
9 0.684722 0.720833 0.011806 0.014815
9 0.682986 0.697685 0.011806 0.014815
9 0.657986 0.685185 0.012500 0.015741
9 0.660069 0.708796 0.012500 0.015741
9 0.644792 0.701389 0.012500 0.015741
9 0.643056 0.678241 0.012500 0.015741
9 0.626563 0.667824 0.013542 0.018056
9 0.627951 0.692361 0.013542 0.018056
9 0.575521 0.667130 0.014236 0.018519
9 0.573438 0.638194 0.014931 0.019907
9 0.594271 0.650463 0.013542 0.018519
9 0.596354 0.676852 0.014236 0.018519
9 0.540104 0.692824 0.013542 0.018981
9 0.561632 0.701157 0.013542 0.018981
9 0.467361 0.664583 0.016667 0.020833
9 0.437847 0.653009 0.016667 0.020833
10 0.388542 0.155324 0.036806 0.060648
10 0.311458 0.193056 0.018056 0.027778
9 0.613021 0.722454 0.012847 0.018981
9 0.628125 0.728935 0.013194 0.017130
9 0.719792 0.765278 0.010417 0.013889
