9 0.702546 0.368180 0.091601 0.059276
9 0.711475 0.471230 0.091601 0.066964
1 0.707672 0.405382 0.104497 0.257688
10 0.698909 0.271949 0.076389 0.055308
10 0.412037 0.299479 0.077381 0.055308
9 0.379630 0.386781 0.083995 0.067708
9 0.373843 0.488467 0.090278 0.068700
1 0.380291 0.412574 0.095238 0.237351
10 0.980489 0.250372 0.039021 0.060268
9 0.055390 0.696801 0.091601 0.071677
9 0.047619 0.816592 0.089286 0.064732
1 0.057044 0.735863 0.113426 0.258433
9 0.198082 0.855407 0.040344 0.030258
9 0.196263 0.907862 0.038690 0.027530
1 0.198082 0.871280 0.042328 0.104663
9 0.349206 0.850198 0.039683 0.029762
9 0.346065 0.906746 0.038690 0.033730
1 0.347388 0.871528 0.046627 0.113591
10 0.227513 0.791295 0.038360 0.032986
9 0.620701 0.845858 0.042328 0.034474
9 0.623843 0.898810 0.045304 0.031746
1 0.623347 0.861607 0.056878 0.111607
9 0.778604 0.840154 0.047950 0.034474
9 0.782242 0.897073 0.045966 0.036706
1 0.778604 0.859251 0.058532 0.117808
9 0.942130 0.834449 0.040344 0.031002
9 0.947090 0.891245 0.046958 0.034474
1 0.945767 0.851687 0.060847 0.115079
