13 0.135541 0.553571 0.182788 0.203042
13 0.802083 0.625827 0.118056 0.153108
13 0.530754 0.593419 0.118056 0.153108
15 0.456349 0.244709 0.083333 0.185185
15 0.699157 0.316468 0.079861 0.160714
15 0.964286 0.399471 0.071429 0.137566
10 0.597222 0.321429 0.049603 0.079365
7 0.303323 0.445602 0.038194 0.091601
7 0.238839 0.438657 0.038194 0.091601
0 0.412822 0.466104 0.034970 0.100198
7 0.166667 0.423942 0.035218 0.092593
1 0.029390 0.414517 0.031994 0.122024
3 0.024058 0.224372 0.047619 0.184193
3 0.155134 0.257771 0.047867 0.184193
3 0.269097 0.274636 0.046131 0.168981
2 0.087922 0.140542 0.053323 0.148810
2 0.213666 0.179563 0.053323 0.148810
2 0.320312 0.206680 0.053323 0.148810
9 0.019593 0.271329 0.038690 0.057870
9 0.078745 0.126819 0.038938 0.057870
9 0.147693 0.298776 0.038938 0.057870
9 0.204985 0.159888 0.038938 0.057870
9 0.262525 0.322421 0.032986 0.048942
9 0.313120 0.187169 0.032986 0.048942
10 0.149802 0.346396 0.021329 0.026124
10 0.219246 0.357970 0.021329 0.026124
10 0.286458 0.372520 0.021329 0.026124
10 0.017361 0.322586 0.021329 0.026124
10 0.393849 0.390708 0.021329 0.026124
9 0.232639 0.419974 0.019841 0.028439
9 0.232391 0.467262 0.019841 0.028439
9 0.298363 0.477513 0.019841 0.028439
9 0.298859 0.431548 0.019841 0.028439
9 0.407986 0.450728 0.019841 0.028439
9 0.408234 0.491402 0.019841 0.028439
9 0.158234 0.458003 0.019841 0.028439
9 0.163938 0.407077 0.019841 0.028439
9 0.518353 0.464947 0.019841 0.028439
9 0.520337 0.503638 0.019841 0.028439
0 0.525174 0.475529 0.044395 0.083995
10 0.504340 0.410880 0.018601 0.024140
3 0.821925 0.408399 0.039187 0.087963
3 0.888517 0.424769 0.031498 0.080357
3 0.762773 0.393353 0.031498 0.080357
0 0.796751 0.314980 0.066220 0.094907
0 0.855407 0.333333 0.064980 0.092593
9 0.780382 0.308201 0.029514 0.039683
9 0.822297 0.431878 0.029514 0.039683
9 0.842634 0.325066 0.029514 0.039683
9 0.885541 0.445106 0.029514 0.039683
9 0.906622 0.342593 0.029514 0.039683
10 0.832713 0.210152 0.025050 0.030754
10 0.796255 0.275298 0.025050 0.030754
10 0.729043 0.256448 0.025050 0.030754
10 0.777158 0.236938 0.025050 0.030754
10 0.749132 0.052249 0.030506 0.035714
10 0.822669 0.016204 0.032242 0.031085
10 0.989955 0.146660 0.020089 0.031415
14 0.243924 0.718915 0.120784 0.183201
14 0.167907 0.777612 0.161210 0.246362
