13 0.169271 0.925926 0.219097 0.148148
16 0.758681 0.528935 0.089583 0.155093
16 0.657813 0.560648 0.073264 0.140741
16 0.562500 0.589815 0.079861 0.144444
1 0.360243 0.620139 0.060764 0.197685
1 0.235764 0.586343 0.062500 0.211574
1 0.095660 0.538657 0.065625 0.217130
10 0.232986 0.439815 0.034028 0.037963
10 0.287500 0.401852 0.035417 0.039815
10 0.350868 0.368519 0.035764 0.039815
10 0.530729 0.256250 0.043403 0.048611
10 0.619965 0.203935 0.043403 0.048611
10 0.720486 0.144907 0.047917 0.059259
9 0.094444 0.496528 0.048611 0.062500
9 0.087153 0.595602 0.048611 0.062500
9 0.236111 0.543287 0.048611 0.062500
9 0.228125 0.637963 0.045833 0.057407
9 0.352604 0.674537 0.042708 0.055556
9 0.359549 0.585648 0.042708 0.055556
10 0.035764 0.948843 0.038889 0.046759
