10 0.637847 0.227315 0.086806 0.116667
6 0.168576 0.868056 0.216319 0.263889
6 0.402431 0.914352 0.154167 0.171296
6 0.595139 0.944676 0.125694 0.110648
1 0.193924 0.134259 0.198264 0.267593
1 0.532986 0.245370 0.193056 0.489815
1 0.795833 0.404167 0.220833 0.461111
10 0.395833 0.057639 0.099306 0.114352
10 0.967014 0.465046 0.065972 0.104167
9 0.778472 0.544213 0.102083 0.140278
9 0.758681 0.370833 0.103472 0.127778
9 0.505382 0.377083 0.111458 0.158796
9 0.495312 0.193750 0.110069 0.144907
9 0.158333 0.166667 0.118056 0.169444
9 0.163368 0.028009 0.105903 0.055093
