1 0.335938 0.403472 0.156597 0.355093
1 0.081944 0.187500 0.163194 0.374074
7 0.666146 0.693981 0.154514 0.341667
7 0.806597 0.814815 0.156944 0.323148
7 0.924653 0.878241 0.143056 0.243519
6 0.086806 0.898380 0.172917 0.203241
10 0.040451 0.081944 0.080208 0.101852
10 0.257465 0.263889 0.073958 0.090741
10 0.546875 0.519444 0.063889 0.079630
10 0.682639 0.632639 0.055556 0.077315
10 0.962153 0.871296 0.050000 0.066667
9 0.909549 0.962269 0.066319 0.075463
9 0.891146 0.849306 0.059375 0.081944
9 0.787326 0.873843 0.066319 0.095833
9 0.773785 0.747222 0.067708 0.089815
9 0.643403 0.759259 0.075694 0.100926
9 0.630035 0.634028 0.069097 0.091204
9 0.303125 0.510417 0.083333 0.111574
9 0.309722 0.375231 0.083333 0.111574
9 0.040972 0.304398 0.081250 0.132870
9 0.060764 0.170833 0.089583 0.118519
