9 0.967993 0.320213 0.029412 0.034890
9 0.920523 0.362457 0.030061 0.036332
5 0.943555 0.326557 0.094723 0.113899
10 0.970372 0.399366 0.025519 0.036332
10 0.908304 0.638841 0.013408 0.014129
10 0.943555 0.657439 0.018166 0.015571
10 0.974589 0.675173 0.017085 0.017013
9 0.936311 0.743945 0.020545 0.028835
9 0.947448 0.791234 0.019464 0.025952
1 0.938473 0.765715 0.048227 0.103518
9 0.775519 0.853230 0.010381 0.028835
9 0.768058 0.814446 0.011029 0.026817
1 0.770545 0.832324 0.029412 0.090254
9 0.725779 0.834775 0.017734 0.023068
9 0.731185 0.875000 0.016003 0.025087
1 0.728049 0.851499 0.032223 0.084198
10 0.737565 0.736448 0.014490 0.015571
10 0.679823 0.821943 0.008867 0.019319
10 0.494053 0.769319 0.013192 0.017878
10 0.601427 0.685554 0.011678 0.017013
9 0.691501 0.480248 0.030061 0.041234
9 0.684256 0.414792 0.029844 0.037774
10 0.624676 0.285467 0.030493 0.044983
9 0.599913 0.289504 0.035467 0.044406
9 0.587370 0.388985 0.031142 0.042099
2 0.564663 0.319781 0.100779 0.199539
9 0.573097 0.482555 0.032872 0.048731
3 0.555904 0.450404 0.060337 0.157439
9 0.601968 0.560121 0.026168 0.040081
9 0.522059 0.395761 0.029412 0.051038
9 0.516003 0.484285 0.032872 0.043541
2 0.490809 0.426615 0.083261 0.163495
9 0.493837 0.570213 0.038279 0.045848
3 0.487997 0.529123 0.057742 0.138985
2 0.425065 0.496972 0.070285 0.126586
9 0.433932 0.634804 0.024870 0.042964
3 0.422253 0.599913 0.056012 0.111015
9 0.531250 0.623270 0.026600 0.030277
9 0.403763 0.745675 0.023356 0.028258
9 0.368837 0.778258 0.024438 0.029412
9 0.374027 0.732699 0.016220 0.025952
10 0.377054 0.606834 0.018815 0.025087
10 0.346345 0.647780 0.017085 0.025663
9 0.373162 0.630334 0.024438 0.034025
9 0.366566 0.684689 0.025519 0.036044
1 0.370350 0.654844 0.052119 0.112457
9 0.335856 0.673875 0.021626 0.034025
9 0.331315 0.724625 0.025087 0.033449
1 0.330774 0.694060 0.040441 0.107843
9 0.306120 0.709487 0.020112 0.032584
9 0.297794 0.762255 0.019896 0.030277
1 0.294118 0.729095 0.037197 0.102941
10 0.277033 0.739908 0.013841 0.023645
10 0.256488 0.764129 0.016003 0.026528
9 0.262003 0.878028 0.022708 0.029412
9 0.253352 0.933535 0.024438 0.035467
1 0.258110 0.901672 0.046064 0.112457
6 0.636570 0.730104 0.095372 0.250288
6 0.572448 0.768310 0.074394 0.215398
6 0.519896 0.793973 0.074394 0.215398
