15 0.517188 0.360880 0.075347 0.080093
15 0.568403 0.416204 0.064583 0.067593
13 0.967187 0.500926 0.039931 0.096296
13 0.925347 0.525926 0.027778 0.077778
15 0.589757 0.434954 0.053125 0.052315
15 0.479340 0.328472 0.092708 0.094907
15 0.614757 0.462731 0.051042 0.052315
15 0.647917 0.491435 0.031944 0.046759
15 0.683333 0.526852 0.025000 0.033333
12 0.381076 0.398380 0.025347 0.093056
12 0.411806 0.409722 0.021528 0.075926
12 0.502604 0.456713 0.014931 0.053241
12 0.528125 0.477083 0.013889 0.052315
12 0.784375 0.573380 0.008333 0.024537
11 0.751910 0.579861 0.005208 0.039352
10 0.768750 0.556250 0.006250 0.013426
10 0.763368 0.558333 0.005903 0.012037
10 0.777257 0.463657 0.007292 0.011574
10 0.799132 0.463657 0.007986 0.011574
10 0.801389 0.446759 0.008333 0.012963
10 0.777083 0.426157 0.009028 0.015278
10 0.807813 0.396991 0.012153 0.017130
10 0.812153 0.362963 0.012500 0.023148
10 0.776910 0.365278 0.013542 0.021296
10 0.848958 0.362731 0.014583 0.018981
10 0.861285 0.313657 0.016319 0.022685
10 0.818403 0.318287 0.015972 0.020833
10 0.777431 0.320139 0.015278 0.022685
10 0.777257 0.254167 0.017708 0.027778
10 0.827431 0.249537 0.018750 0.027778
10 0.879514 0.243750 0.019444 0.028241
10 0.909549 0.137037 0.023264 0.033333
10 0.840625 0.146759 0.024306 0.030556
10 0.776042 0.156713 0.022222 0.034722
9 0.948611 0.374306 0.023611 0.025463
9 0.940972 0.352315 0.019444 0.024074
9 0.971354 0.337963 0.024653 0.029630
9 0.987847 0.312269 0.024306 0.031944
9 0.952431 0.288194 0.022222 0.024537
9 0.941840 0.313194 0.021181 0.024537
9 0.979514 0.237500 0.025000 0.026852
9 0.909896 0.426620 0.017708 0.021759
9 0.936806 0.391204 0.021528 0.025000
9 0.906597 0.377083 0.018056 0.020833
