1 0.088021 0.734722 0.096181 0.211111
1 0.544792 0.533565 0.095833 0.281019
1 0.188021 0.690278 0.098264 0.229630
1 0.723264 0.446296 0.093750 0.300000
1 0.027604 0.771991 0.054514 0.208796
1 0.395486 0.590741 0.095139 0.255556
8 0.346528 0.141204 0.062500 0.078704
8 0.084201 0.318519 0.037847 0.045370
8 0.041319 0.375463 0.054167 0.061111
9 0.727951 0.536343 0.073264 0.095833
9 0.731944 0.415046 0.069444 0.094907
9 0.556250 0.493287 0.065972 0.085648
9 0.548264 0.609028 0.065972 0.085648
9 0.413542 0.559954 0.054861 0.077315
9 0.399826 0.667593 0.058681 0.079630
9 0.206424 0.655324 0.049653 0.063426
9 0.186632 0.749769 0.053819 0.071759
9 0.087847 0.792824 0.052083 0.065278
9 0.109028 0.701620 0.045833 0.062500
9 0.023611 0.740278 0.044444 0.058333
9 0.015799 0.829630 0.030903 0.061111
10 0.196181 0.602546 0.040972 0.062500
