10 0.985590 0.481250 0.019097 0.033796
10 0.467361 0.260648 0.021528 0.031481
10 0.846181 0.546065 0.015278 0.026389
10 0.941146 0.501620 0.017014 0.030093
13 0.683854 0.618056 0.107292 0.150926
13 0.563889 0.671065 0.054861 0.105093
14 0.891319 0.828935 0.131944 0.181944
13 0.502431 0.702083 0.034722 0.082870
13 0.464062 0.720139 0.026736 0.069907
16 0.968924 0.318519 0.056597 0.092593
16 0.892708 0.302778 0.054861 0.096296
6 0.638542 0.747917 0.012500 0.054167
6 0.724826 0.732870 0.012847 0.065741
15 0.851562 0.684259 0.028125 0.031481
15 0.831424 0.688657 0.026736 0.029167
15 0.960590 0.667824 0.044097 0.034722
15 0.931944 0.674769 0.038889 0.034722
15 0.238194 0.704398 0.027778 0.034722
15 0.194097 0.635417 0.051389 0.053241
15 0.217188 0.671296 0.042708 0.034259
15 0.162674 0.578241 0.072569 0.069444
15 0.094792 0.465741 0.114583 0.103704
15 0.121701 0.514583 0.098264 0.081019
12 0.513021 0.271065 0.017014 0.031944
12 0.496528 0.316435 0.015278 0.035648
12 0.477257 0.365046 0.013542 0.031944
12 0.465625 0.392824 0.011111 0.027315
12 0.432639 0.472454 0.011806 0.022685
12 0.416667 0.512731 0.008333 0.018056
12 0.324826 0.756481 0.008681 0.025000
12 0.223611 0.731481 0.010417 0.028704
12 0.010937 0.571991 0.021181 0.081944
12 0.854861 0.715741 0.011111 0.025000
12 0.811458 0.720833 0.010417 0.025000
12 0.916493 0.707870 0.010069 0.033333
12 0.978993 0.697454 0.013542 0.036574
12 0.947396 0.701157 0.012847 0.031944
8 0.393056 0.560880 0.017361 0.012500
8 0.394792 0.552315 0.018056 0.009259
8 0.398090 0.546296 0.017014 0.010185
8 0.406424 0.527083 0.019097 0.008796
8 0.410069 0.518287 0.022222 0.008796
8 0.416840 0.503935 0.019097 0.009722
8 0.459549 0.392130 0.028125 0.013889
8 0.481076 0.334491 0.030903 0.022685
8 0.490451 0.310880 0.032986 0.020833
8 0.522569 0.219907 0.036111 0.025926
8 0.539410 0.180787 0.039931 0.027315
8 0.555382 0.137037 0.043403 0.034259
7 0.825347 0.603935 0.034722 0.068981
11 0.857639 0.769676 0.006250 0.031944
11 0.294271 0.762269 0.007292 0.041204
0 0.961806 0.549769 0.050000 0.085648
0 0.917882 0.565278 0.044792 0.078704
0 0.879340 0.581019 0.042014 0.072222
2 0.649653 0.316204 0.075694 0.122222
3 0.644271 0.390972 0.051042 0.114352
3 0.582639 0.462037 0.041667 0.100000
3 0.613021 0.435880 0.040625 0.115278
2 0.582986 0.400926 0.063889 0.095370
2 0.612674 0.363194 0.069792 0.106019
2 0.543924 0.459722 0.054514 0.083333
3 0.543924 0.509491 0.032986 0.084722
1 0.906771 0.681481 0.023264 0.074074
9 0.974479 0.569213 0.019792 0.024537
9 0.970833 0.534722 0.020833 0.024074
9 0.926736 0.551620 0.018750 0.025463
9 0.928993 0.583565 0.020486 0.022685
9 0.888194 0.565278 0.016667 0.023148
9 0.889931 0.596296 0.016667 0.023148
9 0.832986 0.617824 0.015278 0.020833
9 0.806771 0.627315 0.013542 0.020370
9 0.804861 0.600000 0.013889 0.021296
9 0.831597 0.589120 0.015972 0.019907
9 0.722743 0.632870 0.012847 0.016667
9 0.723264 0.655324 0.013194 0.018056
9 0.903472 0.666204 0.015278 0.020370
9 0.905556 0.697222 0.014583 0.021296
9 0.671354 0.293287 0.027431 0.040278
9 0.655556 0.420370 0.025694 0.037037
9 0.618403 0.459028 0.023611 0.034722
9 0.590104 0.490046 0.023264 0.031944
9 0.561632 0.444907 0.021875 0.027778
9 0.550521 0.532407 0.019097 0.026852
9 0.517014 0.566898 0.016667 0.022685
9 0.494792 0.590509 0.015972 0.020833
9 0.491319 0.540741 0.013889 0.019444
9 0.527431 0.490046 0.015972 0.021759
9 0.542708 0.468750 0.015972 0.021759
9 0.558854 0.489815 0.017708 0.025000
10 0.665104 0.316435 0.024653 0.032870
9 0.706250 0.440509 0.027778 0.036574
9 0.668924 0.473611 0.026042 0.032407
10 0.903125 0.519444 0.017361 0.027778
10 0.818924 0.559722 0.014931 0.025926
9 0.459201 0.631713 0.015625 0.017130
9 0.456771 0.587037 0.014236 0.015741
9 0.473785 0.615046 0.014931 0.018056
9 0.484375 0.603935 0.015278 0.018981
10 0.532465 0.274306 0.023264 0.035648
10 0.399306 0.245370 0.022222 0.037037
10 0.376563 0.380324 0.016319 0.027315
10 0.428299 0.390509 0.017708 0.026389
10 0.479514 0.397917 0.016667 0.027315
10 0.361458 0.459722 0.015278 0.025926
10 0.404514 0.465972 0.014583 0.024537
10 0.445486 0.473843 0.013889 0.022685
10 0.351389 0.516898 0.012500 0.021759
10 0.387326 0.521991 0.011458 0.019907
10 0.422396 0.525926 0.010764 0.018519
10 0.405729 0.564583 0.010764 0.015278
10 0.343229 0.557639 0.010764 0.018056
10 0.374132 0.561111 0.010069 0.014815
10 0.326215 0.646065 0.007292 0.011574
10 0.347049 0.648148 0.007292 0.011111
10 0.373264 0.633796 0.008333 0.013889
10 0.311806 0.739815 0.006944 0.012037
10 0.306250 0.741204 0.006250 0.011111
9 0.666493 0.357639 0.030208 0.039352
10 0.573090 0.204630 0.016319 0.028704
10 0.811806 0.693750 0.010417 0.016204
