1 0.918403 0.164120 0.119444 0.327315
1 0.769271 0.283565 0.111458 0.312500
1 0.652604 0.384028 0.101736 0.279167
1 0.494965 0.520139 0.085764 0.246759
1 0.427951 0.581250 0.078125 0.226389
1 0.368750 0.631944 0.073611 0.211111
1 0.284722 0.703472 0.072917 0.186574
1 0.245139 0.741435 0.066667 0.179167
1 0.206250 0.774537 0.058333 0.174074
9 0.941667 0.101852 0.072222 0.100000
9 0.933507 0.257870 0.076042 0.101852
9 0.792535 0.232870 0.062153 0.087963
9 0.785590 0.377083 0.062847 0.089352
9 0.675521 0.337731 0.051736 0.080093
9 0.664062 0.466435 0.055208 0.080093
9 0.517882 0.475463 0.039236 0.064815
9 0.506597 0.587500 0.043056 0.066667
9 0.448264 0.540278 0.038194 0.061111
9 0.434896 0.643287 0.039236 0.061574
9 0.387674 0.592593 0.036458 0.056481
9 0.376389 0.689815 0.038194 0.056481
9 0.302778 0.667130 0.034028 0.050926
9 0.291840 0.757639 0.034375 0.053241
9 0.262153 0.706713 0.030556 0.046759
9 0.251042 0.788657 0.033333 0.048611
9 0.223264 0.737963 0.028472 0.044444
9 0.212847 0.817130 0.027083 0.045370
9 0.860243 0.469213 0.055208 0.070833
9 0.888715 0.590509 0.057292 0.080093
9 0.540104 0.779167 0.038542 0.058333
9 0.531424 0.685185 0.038542 0.050000
16 0.069097 0.723380 0.041667 0.098611
10 0.398611 0.064352 0.033333 0.040741
10 0.279687 0.248611 0.039236 0.047222
10 0.135069 0.196759 0.038889 0.046296
10 0.028819 0.414583 0.031250 0.039352
10 0.147049 0.453472 0.030903 0.038426
10 0.540278 0.413657 0.043056 0.051389
10 0.605556 0.375926 0.036806 0.045370
8 0.421875 0.138194 0.030556 0.046759
