13 0.382870 0.485069 0.420370 0.261806
13 0.909491 0.564063 0.181019 0.182292
1 0.479861 0.074132 0.111574 0.147569
1 0.666435 0.111632 0.107870 0.194097
1 0.918750 0.213194 0.101389 0.161806
9 0.240046 0.033160 0.094907 0.065625
9 0.466898 0.108160 0.079167 0.067014
9 0.470602 0.025174 0.089352 0.049653
9 0.650231 0.088021 0.069907 0.053819
9 0.653241 0.172222 0.067593 0.060417
9 0.897222 0.187500 0.054630 0.046528
9 0.905787 0.261979 0.064352 0.048958
9 0.857639 0.377257 0.052315 0.039931
9 0.954630 0.400174 0.050926 0.037153
9 0.507407 0.285764 0.068519 0.048611
9 0.326852 0.241319 0.070370 0.051389
9 0.108333 0.180382 0.079630 0.064236
15 0.143519 0.581076 0.052778 0.078125
12 0.438426 0.634549 0.028704 0.052431
11 0.931019 0.686632 0.021296 0.089236
