15 0.284201 0.502315 0.109375 0.216667
15 0.572743 0.574769 0.112153 0.181944
15 0.893056 0.643056 0.147222 0.171296
13 0.679688 0.925694 0.124653 0.148611
13 0.364583 0.912037 0.152778 0.175926
15 0.082812 0.865509 0.027431 0.038426
15 0.115278 0.865741 0.025000 0.041667
3 0.062500 0.550000 0.061806 0.195370
3 0.696007 0.679398 0.047569 0.141204
3 0.765625 0.691667 0.045139 0.137963
7 0.024132 0.751620 0.042014 0.133796
7 0.104340 0.760417 0.040625 0.131019
0 0.233333 0.768519 0.045139 0.108333
0 0.363021 0.779861 0.048264 0.097685
2 0.117535 0.471065 0.078819 0.166204
9 0.051910 0.603935 0.040625 0.051389
9 0.113368 0.447917 0.037847 0.047685
9 0.225174 0.561574 0.034375 0.048148
9 0.411458 0.521991 0.031944 0.041204
9 0.640451 0.577778 0.028819 0.037037
9 0.689063 0.716898 0.028819 0.038426
9 0.710590 0.596296 0.028125 0.036111
9 0.759722 0.730324 0.027778 0.037500
9 0.779167 0.612037 0.026389 0.032407
9 0.351389 0.761574 0.019444 0.026852
9 0.351910 0.808565 0.020486 0.026389
9 0.224132 0.746759 0.020486 0.028704
9 0.222917 0.795833 0.021528 0.027778
9 0.096701 0.731713 0.023958 0.029167
9 0.094792 0.784028 0.022222 0.031944
9 0.016667 0.720370 0.024306 0.030556
9 0.063889 0.744444 0.023611 0.030556
10 0.083160 0.661806 0.023958 0.026389
10 0.207813 0.680787 0.020486 0.026389
10 0.394965 0.030093 0.040625 0.052778
10 0.767535 0.214120 0.033681 0.040278
10 0.679861 0.259491 0.031944 0.035648
10 0.600694 0.303241 0.029167 0.036111
10 0.435937 0.394444 0.026042 0.028704
10 0.379861 0.425926 0.025694 0.029630
10 0.938021 0.373148 0.027431 0.033333
10 0.859549 0.404630 0.027431 0.031481
10 0.690799 0.475694 0.022569 0.029167
10 0.633507 0.500463 0.021181 0.025926
10 0.656597 0.544213 0.026389 0.031944
10 0.885417 0.605556 0.024306 0.027778
10 0.886979 0.538657 0.020486 0.024537
10 0.457639 0.601389 0.065972 0.079630
10 0.984028 0.718750 0.031944 0.056944
8 0.611806 0.046296 0.031944 0.034259
8 0.679688 0.075463 0.032292 0.037037
8 0.743229 0.116435 0.028819 0.032870
8 0.843229 0.172685 0.028125 0.029630
8 0.894965 0.194444 0.028125 0.031481
8 0.945312 0.227315 0.026736 0.026852
