14 0.186806 0.517188 0.115278 0.105903
13 0.291667 0.444792 0.137037 0.090278
13 0.643287 0.459201 0.138426 0.086458
13 0.959259 0.469271 0.081481 0.089931
6 0.376852 0.471354 0.027778 0.058681
6 0.409954 0.472396 0.030093 0.056597
6 0.755556 0.484375 0.028704 0.056944
6 0.787731 0.484896 0.024537 0.057292
15 0.411806 0.430382 0.022685 0.028819
15 0.503704 0.433160 0.019444 0.030208
15 0.221991 0.257812 0.090278 0.105903
12 0.528704 0.457118 0.014815 0.023958
12 0.707870 0.465278 0.014815 0.023611
12 0.657639 0.462326 0.015278 0.023264
11 0.422917 0.492882 0.009722 0.030903
11 0.445139 0.495660 0.009722 0.030903
11 0.490972 0.496701 0.009722 0.030903
11 0.501620 0.496701 0.009722 0.030903
11 0.600463 0.508854 0.009259 0.018403
11 0.610417 0.508854 0.010648 0.017708
11 0.645370 0.510243 0.010185 0.017708
11 0.655556 0.511285 0.010185 0.017708
2 0.951157 0.296181 0.075463 0.075000
3 0.911111 0.330729 0.049074 0.083681
1 0.757407 0.311111 0.044444 0.081944
1 0.660648 0.307812 0.041667 0.083681
1 0.563889 0.304340 0.041667 0.083681
1 0.165278 0.384028 0.025000 0.047917
1 0.319907 0.389583 0.025000 0.047917
1 0.378241 0.394097 0.025000 0.047917
1 0.434259 0.395139 0.025000 0.047917
1 0.748380 0.406771 0.026389 0.050347
1 0.863194 0.410243 0.026389 0.050347
7 0.961574 0.415625 0.028704 0.047917
2 0.307639 0.273785 0.060648 0.077431
2 0.405324 0.277431 0.056019 0.074306
3 0.369676 0.311632 0.043056 0.082292
5 0.782176 0.201042 0.165278 0.071528
10 0.531250 0.482465 0.014352 0.010764
10 0.576620 0.483854 0.014352 0.010764
10 0.731250 0.488715 0.015278 0.010764
10 0.922222 0.485764 0.012037 0.011111
10 0.505556 0.433854 0.013889 0.012847
10 0.408796 0.431076 0.013889 0.012847
10 0.328704 0.353993 0.018519 0.021181
10 0.383796 0.356771 0.018519 0.021181
10 0.438889 0.358854 0.018519 0.019792
10 0.741435 0.369271 0.018981 0.018403
10 0.799769 0.372049 0.014352 0.019097
10 0.853241 0.373437 0.019444 0.019792
10 0.948148 0.377951 0.019444 0.019792
10 0.967593 0.030035 0.052778 0.053125
10 0.486806 0.118750 0.032870 0.040972
10 0.487037 0.070486 0.036111 0.048611
10 0.490046 0.019618 0.042130 0.038542
10 0.017824 0.015104 0.034722 0.029514
10 0.055324 0.262153 0.069907 0.073611
10 0.175463 0.348090 0.017593 0.020486
10 0.235417 0.350174 0.009722 0.022569
9 0.166204 0.376042 0.021296 0.015972
9 0.163889 0.395833 0.021296 0.015972
9 0.746065 0.418750 0.018981 0.013194
9 0.746991 0.398264 0.018981 0.013194
9 0.861111 0.401910 0.020370 0.014236
9 0.860648 0.422396 0.020370 0.014236
9 0.960185 0.406076 0.020370 0.014236
9 0.958796 0.425521 0.020370 0.014236
9 0.906250 0.354167 0.034722 0.026389
9 0.949306 0.287500 0.033796 0.024306
9 0.977778 0.326736 0.029630 0.022222
9 0.756250 0.333160 0.031944 0.023958
9 0.757639 0.297743 0.031944 0.023958
9 0.660880 0.294965 0.031944 0.023958
9 0.659491 0.330035 0.031944 0.023958
9 0.562731 0.326215 0.031944 0.023958
9 0.565509 0.292882 0.031944 0.023958
9 0.414583 0.268750 0.031944 0.022222
9 0.368750 0.335069 0.031944 0.022222
9 0.316898 0.263889 0.031944 0.022222
9 0.392824 0.302778 0.030093 0.024306
9 0.296065 0.298958 0.030093 0.024306
9 0.527546 0.193056 0.028241 0.026389
9 0.440046 0.190799 0.027315 0.030208
9 0.725694 0.246528 0.023611 0.026389
9 0.744676 0.225694 0.026389 0.025694
9 0.762500 0.202951 0.027778 0.026736
9 0.268750 0.436458 0.018056 0.013889
9 0.266667 0.454514 0.017593 0.011111
1 0.268056 0.441319 0.025000 0.038194
