1 0.835648 0.145486 0.122222 0.263889
1 0.487500 0.201910 0.143519 0.233681
1 0.047454 0.284375 0.093981 0.207639
9 0.839583 0.128819 0.104167 0.084722
9 0.833102 0.232292 0.113426 0.086806
9 0.510648 0.186806 0.095370 0.078472
9 0.488426 0.283507 0.097222 0.073958
9 0.052546 0.264931 0.079167 0.060417
9 0.031944 0.352083 0.062963 0.065278
9 0.030787 0.518750 0.060648 0.052083
9 0.678935 0.457639 0.087500 0.062500
13 0.759259 0.791319 0.481481 0.354861
15 0.439815 0.910764 0.089815 0.083333
15 0.028241 0.895660 0.055556 0.070486
8 0.758796 0.536632 0.041667 0.017014
8 0.780787 0.558507 0.042130 0.017708
8 0.745833 0.643576 0.040741 0.019097
8 0.773611 0.663194 0.042593 0.016667
8 0.740741 0.580382 0.023148 0.017014
8 0.891204 0.570660 0.025000 0.017708
8 0.796528 0.687500 0.028241 0.016667
