13 0.140104 0.492824 0.119097 0.113426
13 0.427431 0.496528 0.095833 0.106944
13 0.689757 0.502315 0.104514 0.102778
13 0.931944 0.511343 0.111111 0.102315
15 0.898611 0.266204 0.073611 0.115741
15 0.376910 0.468287 0.015625 0.031944
15 0.490625 0.475926 0.013194 0.027778
15 0.524826 0.476157 0.014931 0.027315
15 0.766319 0.493056 0.013889 0.016667
15 0.782465 0.492130 0.014931 0.016667
14 0.750347 0.590046 0.070139 0.105093
14 0.098785 0.593287 0.097569 0.140278
6 0.225347 0.522454 0.022222 0.066204
6 0.253819 0.522454 0.022222 0.064352
6 0.600521 0.527315 0.020486 0.059259
6 0.575868 0.527546 0.019097 0.060648
3 0.036111 0.295833 0.036111 0.118519
3 0.122396 0.301389 0.037153 0.112037
3 0.203125 0.306713 0.034028 0.108796
3 0.617535 0.324769 0.029514 0.106019
3 0.688542 0.327778 0.031250 0.103704
3 0.755903 0.328704 0.029167 0.102778
2 0.064236 0.250694 0.047222 0.104167
2 0.147222 0.254630 0.042361 0.103704
2 0.227083 0.258333 0.038194 0.098148
2 0.643229 0.280093 0.044792 0.092593
2 0.715104 0.283565 0.048958 0.092130
2 0.785764 0.284954 0.047917 0.088426
1 0.355035 0.294213 0.022569 0.104167
1 0.430035 0.300463 0.021875 0.105556
1 0.502778 0.302778 0.020833 0.103704
1 0.026042 0.412500 0.018750 0.066667
1 0.075174 0.415509 0.017014 0.064352
1 0.124132 0.416435 0.014931 0.064352
1 0.205208 0.418750 0.016667 0.068981
1 0.251215 0.420370 0.016319 0.066667
1 0.538368 0.431944 0.013542 0.064815
1 0.580382 0.432639 0.014931 0.063426
1 0.622049 0.433796 0.014931 0.063889
7 0.694444 0.437269 0.020139 0.065278
7 0.735938 0.438889 0.021181 0.062963
7 0.775521 0.440278 0.021181 0.063889
0 0.846875 0.438889 0.027083 0.056481
0 0.885590 0.440741 0.027431 0.057407
9 0.336979 0.146759 0.018403 0.025000
9 0.515799 0.159028 0.018403 0.023611
9 0.509028 0.192824 0.015972 0.020833
9 0.579340 0.164583 0.017014 0.021759
9 0.269444 0.143287 0.019444 0.024537
9 0.033333 0.331481 0.026389 0.031481
9 0.074479 0.237037 0.025347 0.029630
9 0.117361 0.335185 0.024306 0.029630
9 0.154688 0.241435 0.022569 0.028241
9 0.234375 0.246528 0.022222 0.028241
9 0.197569 0.338889 0.022917 0.028704
9 0.354687 0.324306 0.021181 0.026389
9 0.355208 0.278472 0.021528 0.027315
9 0.430035 0.328241 0.020486 0.025926
9 0.430208 0.282407 0.020833 0.026852
9 0.502604 0.286343 0.019792 0.026389
9 0.502604 0.331250 0.019792 0.027315
9 0.613715 0.356713 0.020486 0.025463
9 0.643056 0.268519 0.020139 0.026852
9 0.684375 0.357870 0.020833 0.026852
9 0.711979 0.270370 0.019097 0.025926
9 0.752778 0.359722 0.021528 0.025926
9 0.842535 0.327315 0.020486 0.024074
9 0.959549 0.282639 0.021875 0.025463
9 0.027431 0.400463 0.015972 0.016667
9 0.025694 0.429861 0.016667 0.018056
9 0.076910 0.402778 0.014931 0.016667
9 0.075347 0.431713 0.015278 0.018981
9 0.124132 0.433333 0.014236 0.017593
9 0.124306 0.404398 0.013889 0.017130
9 0.690799 0.423843 0.011458 0.015278
9 0.731597 0.424769 0.011111 0.016204
9 0.732465 0.451389 0.012153 0.015741
9 0.771528 0.426389 0.012500 0.014815
9 0.772569 0.453009 0.012500 0.016204
9 0.841146 0.453935 0.012153 0.015278
9 0.840799 0.428472 0.012847 0.015278
9 0.878819 0.429398 0.013194 0.014352
9 0.879340 0.454630 0.012153 0.014815
10 0.866840 0.396065 0.012153 0.014352
10 0.829514 0.394444 0.011806 0.012963
10 0.762326 0.392361 0.012153 0.013426
10 0.723437 0.391435 0.012153 0.013426
10 0.683854 0.390046 0.011458 0.013426
10 0.614410 0.388194 0.011458 0.013426
10 0.257639 0.372454 0.013194 0.015278
10 0.212326 0.370602 0.013542 0.014352
10 0.133160 0.367130 0.014236 0.015741
10 0.038889 0.363426 0.015278 0.016667
10 0.086632 0.365278 0.013542 0.016667
10 0.282118 0.052778 0.022569 0.028704
10 0.576042 0.075231 0.019444 0.026389
10 0.592014 0.020833 0.021528 0.029630
9 0.224653 0.459259 0.011806 0.015741
9 0.268924 0.460185 0.011458 0.015741
12 0.356076 0.501852 0.010069 0.026852
12 0.492535 0.504630 0.007292 0.024074
11 0.312847 0.555556 0.005556 0.036111
11 0.350000 0.556250 0.005556 0.034722
11 0.368229 0.556944 0.004514 0.033333
11 0.376910 0.557407 0.004514 0.033333
11 0.446875 0.568056 0.006944 0.022222
11 0.454167 0.569907 0.006944 0.019444
11 0.481076 0.569676 0.006597 0.018056
11 0.487847 0.570139 0.006250 0.017130
11 0.514931 0.570139 0.006944 0.019907
11 0.522049 0.569444 0.006597 0.018519
