15 0.171875 0.378241 0.053472 0.094444
15 0.312847 0.415046 0.049306 0.083796
15 0.597049 0.492130 0.039236 0.053704
15 0.637326 0.503241 0.037153 0.048148
15 0.689583 0.514815 0.046528 0.042593
15 0.721875 0.521759 0.031944 0.037963
15 0.752257 0.534722 0.038542 0.036111
15 0.774132 0.537500 0.023958 0.033333
15 0.806076 0.548843 0.033681 0.029167
15 0.795833 0.545370 0.027778 0.028704
15 0.265278 0.543287 0.013194 0.017130
15 0.018750 0.509028 0.025000 0.031019
12 0.796354 0.562500 0.008681 0.034259
12 0.804167 0.563426 0.008333 0.034259
12 0.811806 0.565509 0.009028 0.032870
12 0.833854 0.569907 0.008681 0.029630
12 0.840625 0.571296 0.006944 0.028704
12 0.846875 0.572917 0.007639 0.027315
12 0.028472 0.540509 0.006944 0.027315
13 0.207118 0.559954 0.079514 0.089352
13 0.362674 0.568056 0.067014 0.075926
13 0.466319 0.573843 0.056250 0.062500
13 0.545312 0.579398 0.043403 0.054167
8 0.346181 0.138889 0.015972 0.018519
8 0.380556 0.161806 0.014583 0.017130
8 0.410938 0.182870 0.013542 0.014815
8 0.458507 0.214815 0.012847 0.014815
8 0.482118 0.231250 0.012847 0.013426
8 0.504167 0.247222 0.011806 0.012963
8 0.539931 0.269444 0.012500 0.012963
8 0.558681 0.278241 0.010417 0.012963
8 0.574653 0.292361 0.011806 0.012500
8 0.601736 0.311111 0.011111 0.012037
8 0.615104 0.317593 0.010764 0.011111
8 0.628819 0.328935 0.009722 0.011574
10 0.256076 0.428704 0.032292 0.037963
10 0.627083 0.514815 0.016667 0.017593
10 0.708333 0.533333 0.014583 0.014815
10 0.717014 0.413889 0.009722 0.010185
10 0.688021 0.419444 0.009375 0.010185
10 0.659722 0.425231 0.009722 0.009722
10 0.671528 0.388426 0.011111 0.011111
10 0.639410 0.395370 0.010069 0.011111
10 0.609375 0.401620 0.009722 0.010648
10 0.613021 0.355324 0.011458 0.013426
10 0.578125 0.363194 0.011111 0.012500
10 0.545312 0.371528 0.010069 0.013426
10 0.543750 0.448148 0.009722 0.012037
10 0.471528 0.390046 0.009722 0.011574
10 0.532118 0.307176 0.012847 0.015278
10 0.494618 0.318981 0.012847 0.015741
10 0.459201 0.330556 0.012153 0.015741
10 0.380382 0.355093 0.010764 0.012963
10 0.324653 0.372454 0.011111 0.012500
10 0.351389 0.364120 0.009722 0.014352
10 0.414583 0.237269 0.016667 0.019907
10 0.373611 0.253009 0.015278 0.018056
10 0.335590 0.269213 0.013542 0.016204
10 0.233681 0.131250 0.022222 0.028241
5 0.242882 0.276389 0.074653 0.062037
5 0.065799 0.198148 0.096875 0.071296
3 0.044618 0.375694 0.032986 0.100463
3 0.377778 0.454167 0.023611 0.069444
3 0.409549 0.461574 0.022569 0.064815
3 0.459028 0.471991 0.021528 0.059722
3 0.482986 0.477315 0.018056 0.052778
3 0.505903 0.484259 0.018750 0.055556
2 0.424826 0.433565 0.037847 0.056019
2 0.394097 0.426852 0.039583 0.059259
2 0.360590 0.415972 0.041319 0.061574
2 0.074306 0.337269 0.049306 0.086574
1 0.226389 0.403009 0.023611 0.080093
1 0.138889 0.484028 0.015972 0.052315
1 0.207639 0.491898 0.016667 0.053241
7 0.263021 0.501620 0.021181 0.054167
0 0.357812 0.510648 0.021875 0.038889
0 0.379340 0.512037 0.021875 0.036111
0 0.396875 0.515278 0.018750 0.035185
9 0.064583 0.216204 0.020139 0.021296
9 0.027951 0.200694 0.019792 0.025463
9 0.177951 0.312500 0.014236 0.020370
9 0.205382 0.297917 0.014931 0.018981
9 0.234028 0.283102 0.015278 0.018981
9 0.039931 0.402778 0.023611 0.027778
9 0.074306 0.323611 0.022917 0.025926
9 0.224653 0.422685 0.019444 0.022222
9 0.224479 0.386343 0.018403 0.019907
9 0.352431 0.405556 0.013889 0.017593
9 0.386979 0.415278 0.012847 0.017593
9 0.373090 0.470833 0.012847 0.019444
9 0.406076 0.477083 0.011458 0.017130
9 0.455556 0.487731 0.010417 0.016204
9 0.480208 0.492361 0.010417 0.015278
9 0.502778 0.497222 0.009722 0.015741
9 0.464757 0.438426 0.010764 0.013889
9 0.488715 0.445139 0.010069 0.013426
9 0.510764 0.451620 0.009722 0.013426
9 0.539757 0.504861 0.009375 0.012500
9 0.558160 0.509259 0.009375 0.012963
9 0.575174 0.512731 0.009375 0.012500
9 0.257465 0.488889 0.008681 0.012037
9 0.351389 0.521991 0.008333 0.010648
9 0.351562 0.503472 0.007986 0.011574
9 0.373090 0.524306 0.007292 0.010648
9 0.372743 0.506481 0.007292 0.011111
9 0.393229 0.527083 0.007986 0.009722
9 0.393056 0.509722 0.008333 0.010185
14 0.258854 0.645370 0.123264 0.098148
6 0.136979 0.568750 0.021181 0.056944
10 0.042014 0.575231 0.009722 0.011574
10 0.363889 0.481481 0.007639 0.009259
10 0.384028 0.484722 0.007639 0.009259
10 0.127431 0.435880 0.011806 0.014352
11 0.008681 0.609722 0.007639 0.015741
12 0.344097 0.127083 0.012500 0.042130
12 0.378125 0.148611 0.013889 0.035185
12 0.397569 0.162037 0.012500 0.037037
12 0.456944 0.203241 0.012500 0.031481
12 0.479167 0.218287 0.010417 0.031944
12 0.492708 0.228704 0.010417 0.029630
