2 0.831076 0.343519 0.186458 0.297222
2 0.527257 0.315046 0.144792 0.352315
2 0.196181 0.268981 0.115972 0.369444
3 0.035937 0.468981 0.071181 0.440741
3 0.383681 0.539352 0.123611 0.402778
3 0.714410 0.595139 0.126042 0.367130
10 0.441319 0.473611 0.084722 0.113889
10 0.671007 0.309954 0.074653 0.081944
10 0.104514 0.418981 0.094444 0.125000
10 0.118229 0.211806 0.080903 0.086574
9 0.703125 0.681481 0.097222 0.118519
9 0.374479 0.639352 0.092708 0.111111
9 0.185590 0.252315 0.090625 0.099074
9 0.500694 0.307176 0.084722 0.106944
9 0.785937 0.352778 0.082986 0.108333
9 0.645833 0.611343 0.077778 0.088426
