14 0.360185 0.558160 0.100000 0.107986
13 0.148148 0.485243 0.129630 0.082292
13 0.462731 0.492882 0.127315 0.085069
13 0.819907 0.499132 0.154630 0.092708
6 0.537731 0.513889 0.030093 0.056944
6 0.572685 0.514236 0.031481 0.057639
6 0.941435 0.523438 0.032870 0.061458
6 0.978241 0.523611 0.026852 0.061806
15 0.130324 0.320833 0.106944 0.095833
15 0.403009 0.319097 0.083796 0.101389
15 0.571759 0.473611 0.023148 0.027083
15 0.666667 0.473438 0.025000 0.031597
12 0.693519 0.497743 0.019444 0.025347
12 0.102546 0.041493 0.033796 0.053125
12 0.157176 0.040625 0.033796 0.051389
12 0.223843 0.038368 0.031944 0.053819
12 0.413657 0.029340 0.031944 0.053819
12 0.503009 0.027951 0.033796 0.055208
12 0.560185 0.025000 0.030556 0.049306
8 0.076620 0.050694 0.038426 0.034722
8 0.159954 0.048611 0.037500 0.035417
8 0.242361 0.044097 0.032870 0.036806
8 0.390278 0.037674 0.031481 0.035069
8 0.480556 0.036285 0.031481 0.035069
8 0.573148 0.032986 0.030556 0.036111
11 0.606019 0.535937 0.010185 0.030208
11 0.652778 0.537674 0.010185 0.030208
11 0.664352 0.538368 0.010185 0.030208
11 0.674074 0.538889 0.006481 0.029861
11 0.759954 0.549132 0.011574 0.019097
11 0.771528 0.549826 0.011574 0.019097
11 0.782176 0.549479 0.011574 0.019097
11 0.820602 0.551910 0.009722 0.017014
11 0.831250 0.552604 0.009722 0.017014
11 0.882176 0.553472 0.010648 0.017361
1 0.339583 0.435590 0.020833 0.044097
1 0.484722 0.436111 0.025000 0.049306
1 0.538426 0.437500 0.025000 0.049306
1 0.595370 0.437847 0.025000 0.049306
1 0.929861 0.442708 0.025463 0.052083
1 0.938194 0.344444 0.042130 0.082639
1 0.832639 0.344792 0.042130 0.082639
1 0.730787 0.346181 0.041204 0.079861
2 0.570602 0.327083 0.057870 0.072917
2 0.474769 0.328472 0.057870 0.072917
2 0.058333 0.327257 0.059259 0.064931
3 0.025000 0.361285 0.044444 0.077431
3 0.534028 0.360590 0.040278 0.079514
9 0.936111 0.232292 0.032407 0.035417
9 0.916204 0.257118 0.029630 0.032292
9 0.897917 0.281250 0.027315 0.031944
9 0.688194 0.237500 0.027315 0.031944
9 0.601620 0.240278 0.027315 0.031944
9 0.577778 0.317535 0.031481 0.024653
9 0.483796 0.317535 0.031481 0.024653
9 0.533333 0.383507 0.031481 0.024653
9 0.728472 0.367882 0.031944 0.023958
9 0.153935 0.317708 0.032870 0.024306
9 0.069213 0.318229 0.031019 0.021875
9 0.028935 0.379340 0.031019 0.021875
9 0.340741 0.427431 0.017593 0.013194
9 0.339352 0.446528 0.017593 0.013194
9 0.555093 0.350694 0.029630 0.024306
9 0.729861 0.332813 0.031019 0.023264
9 0.833102 0.332813 0.031019 0.023264
9 0.831250 0.367882 0.031944 0.025347
9 0.934954 0.367882 0.031944 0.025347
9 0.936343 0.333507 0.031944 0.025347
10 0.981019 0.404687 0.019444 0.022569
10 0.918981 0.404167 0.019444 0.021528
10 0.912269 0.528299 0.015278 0.011458
10 0.745139 0.524306 0.015278 0.011111
10 0.696065 0.523264 0.015278 0.011111
10 0.667593 0.474826 0.012963 0.012847
10 0.568056 0.472743 0.012963 0.012847
10 0.599769 0.403993 0.016204 0.017708
10 0.545139 0.403993 0.016204 0.017014
10 0.491898 0.402951 0.017130 0.017014
10 0.349769 0.402083 0.017130 0.016667
10 0.250694 0.330729 0.062500 0.063542
10 0.211343 0.087674 0.049537 0.045486
10 0.649537 0.069792 0.048148 0.047917
10 0.647222 0.169618 0.031481 0.038542
10 0.647454 0.122743 0.034722 0.045486
