2 0.591840 0.208102 0.141319 0.415278
2 0.962153 0.204630 0.075694 0.408333
2 0.185764 0.204861 0.188194 0.408796
3 0.033854 0.544907 0.067014 0.482407
3 0.398611 0.504630 0.135417 0.436111
3 0.821701 0.480324 0.127431 0.454167
8 0.664931 0.698611 0.033333 0.034259
10 0.878299 0.165509 0.091319 0.108796
10 0.521007 0.185880 0.087153 0.100463
10 0.294097 0.886343 0.043750 0.062500
10 0.114931 0.455556 0.114583 0.137963
10 0.501563 0.428009 0.098264 0.134722
10 0.906597 0.396528 0.113889 0.155093
9 0.029167 0.662500 0.057639 0.142593
9 0.226910 0.244444 0.092708 0.126852
9 0.823264 0.604398 0.121528 0.123611
9 0.962674 0.186574 0.074653 0.121296
9 0.592535 0.222685 0.099653 0.115741
9 0.405556 0.639815 0.111806 0.122222
9 0.220486 0.593981 0.081250 0.106481
