14 0.085648 0.618750 0.170370 0.256944
14 0.273380 0.581944 0.155093 0.150694
6 0.351852 0.457465 0.091667 0.117708
6 0.405556 0.453472 0.088889 0.123611
6 0.461111 0.449306 0.092593 0.131250
2 0.454630 0.192361 0.131481 0.135417
3 0.426852 0.268576 0.073148 0.140625
3 0.338426 0.292535 0.068519 0.124653
3 0.259259 0.307812 0.068519 0.118403
1 0.175231 0.307639 0.068981 0.103472
1 0.117593 0.319271 0.062963 0.098264
1 0.065509 0.328819 0.057870 0.090278
1 0.946991 0.413542 0.043981 0.081944
1 0.807870 0.423611 0.041667 0.077778
1 0.736806 0.429688 0.043981 0.075347
1 0.675463 0.433333 0.043519 0.071528
1 0.328009 0.458333 0.032870 0.055556
9 0.494444 0.175000 0.048148 0.041667
9 0.437731 0.306771 0.043056 0.039236
9 0.351389 0.324132 0.041667 0.035069
9 0.273843 0.338021 0.037500 0.035069
9 0.188889 0.286979 0.036111 0.030903
9 0.180324 0.332465 0.041204 0.030208
9 0.131019 0.300174 0.036111 0.028819
9 0.123380 0.342708 0.036574 0.027778
9 0.080324 0.310590 0.033796 0.028819
9 0.072222 0.352257 0.034259 0.028125
9 0.021528 0.427778 0.034722 0.027083
9 0.018056 0.466493 0.033333 0.027431
9 0.951620 0.396354 0.032870 0.023958
9 0.949074 0.433854 0.032407 0.024653
9 0.814352 0.408507 0.031481 0.023264
9 0.810417 0.441146 0.031019 0.022569
9 0.744213 0.414410 0.027315 0.021875
9 0.742130 0.445486 0.028704 0.022222
9 0.682407 0.419444 0.025000 0.019444
9 0.678472 0.450694 0.025463 0.021528
9 0.531481 0.432118 0.022222 0.020486
9 0.752778 0.473090 0.026852 0.019097
9 0.817593 0.471007 0.026852 0.021181
9 0.549306 0.482465 0.024537 0.020486
9 0.331713 0.447569 0.024537 0.016667
9 0.329167 0.470660 0.022222 0.019097
16 0.122454 0.424306 0.033796 0.038889
16 0.182870 0.432118 0.040741 0.037153
16 0.241435 0.438889 0.030093 0.034722
9 0.985185 0.130903 0.029630 0.034028
10 0.539352 0.132812 0.046296 0.049653
10 0.445602 0.163021 0.042130 0.040625
10 0.186343 0.242188 0.035648 0.032292
10 0.135417 0.253299 0.035648 0.037153
10 0.013657 0.290451 0.026389 0.032292
10 0.054167 0.278472 0.032407 0.031944
13 0.756944 0.568576 0.129630 0.082292
12 0.936343 0.599479 0.015278 0.032292
12 0.858796 0.595486 0.015741 0.028472
15 0.826157 0.568403 0.040278 0.033333
10 0.743287 0.324826 0.021759 0.026042
10 0.796759 0.337500 0.024074 0.025000
10 0.846991 0.350521 0.021759 0.022569
10 0.453704 0.381597 0.019444 0.019444
10 0.552778 0.351910 0.018519 0.023958
8 0.782870 0.162674 0.046296 0.030903
8 0.842824 0.146354 0.040278 0.026736
9 0.228241 0.317535 0.037037 0.027431
