14 0.767857 0.460689 0.142196 0.140625
11 0.626488 0.274802 0.028770 0.144841
11 0.576224 0.272197 0.029431 0.139633
11 0.524140 0.268105 0.030423 0.137897
11 0.407077 0.269717 0.027778 0.134673
11 0.354993 0.268105 0.030754 0.136409
11 0.300430 0.265749 0.031415 0.134673
11 0.185516 0.263145 0.029101 0.138889
11 0.129464 0.261037 0.030093 0.137153
11 0.075562 0.260293 0.030093 0.139633
15 0.172784 0.043279 0.088294 0.086062
15 0.371032 0.051091 0.082011 0.071429
15 0.564815 0.062996 0.078704 0.054067
8 0.851356 0.228175 0.020833 0.014385
8 0.806713 0.226314 0.014220 0.008681
8 0.766700 0.226314 0.015542 0.012649
10 0.817791 0.223710 0.013889 0.014385
8 0.011243 0.207961 0.018519 0.019593
15 0.172784 0.428571 0.016204 0.020833
10 0.202216 0.433656 0.010913 0.012153
13 0.308201 0.436756 0.066138 0.042659
6 0.451720 0.399802 0.026455 0.059028
6 0.491733 0.401414 0.029101 0.057788
15 0.580026 0.432540 0.009921 0.018353
15 0.631118 0.433656 0.010251 0.020089
12 0.918320 0.448413 0.012566 0.017857
10 0.933862 0.433780 0.012566 0.009921
10 0.877149 0.431796 0.010251 0.011409
10 0.988922 0.327877 0.014220 0.011905
10 0.972388 0.279018 0.015542 0.018849
10 0.947917 0.286334 0.016865 0.013145
10 0.924272 0.295015 0.015212 0.013145
10 0.805390 0.273934 0.018849 0.016121
10 0.741402 0.272693 0.015873 0.017113
10 0.778439 0.273934 0.014550 0.013641
5 0.177083 0.248388 0.075728 0.029018
9 0.229993 0.274430 0.016865 0.012153
9 0.205192 0.255208 0.016204 0.013889
9 0.147321 0.254340 0.017526 0.015625
11 0.369213 0.339782 0.037368 0.078869
3 0.484127 0.322793 0.023148 0.064236
2 0.507606 0.284846 0.023148 0.071181
1 0.990741 0.376488 0.018519 0.040675
1 0.945271 0.375868 0.016865 0.038442
1 0.823413 0.371776 0.015873 0.040179
1 0.778604 0.372520 0.014220 0.038194
1 0.258763 0.364583 0.015542 0.039683
1 0.171627 0.358631 0.014550 0.033234
9 0.172619 0.355655 0.015212 0.012401
9 0.258267 0.357391 0.015873 0.011409
9 0.257937 0.374132 0.013889 0.010665
9 0.437665 0.360367 0.012897 0.011409
9 0.779266 0.365699 0.012897 0.011657
9 0.778274 0.382068 0.012235 0.010665
9 0.823082 0.382812 0.012566 0.011161
9 0.822586 0.366691 0.012897 0.010169
9 0.946263 0.368924 0.014881 0.010665
9 0.944775 0.384301 0.014550 0.009177
9 0.988261 0.385913 0.012235 0.010417
9 0.989087 0.369792 0.013889 0.009921
10 0.843254 0.325893 0.011243 0.009921
13 0.970899 0.440724 0.058201 0.044643
