13 0.094444 0.276910 0.187963 0.167014
13 0.436343 0.352951 0.141204 0.107292
13 0.629167 0.386806 0.100000 0.076389
13 0.753241 0.408507 0.074074 0.060069
13 0.833565 0.421875 0.061574 0.050000
13 0.891435 0.432465 0.050463 0.042708
3 0.112963 0.057639 0.064815 0.114583
3 0.258565 0.091493 0.071759 0.139931
3 0.432176 0.164583 0.067130 0.105556
3 0.503935 0.195660 0.063426 0.096181
3 0.566898 0.221354 0.057870 0.089931
3 0.651389 0.256076 0.053704 0.078819
3 0.691898 0.272396 0.051389 0.069792
3 0.727315 0.285417 0.049074 0.066667
1 0.779630 0.299132 0.038889 0.061458
1 0.805787 0.307118 0.032870 0.053819
1 0.829630 0.316840 0.030556 0.051736
2 0.752546 0.257639 0.066204 0.059722
2 0.722222 0.239931 0.065741 0.056944
2 0.679398 0.222743 0.068981 0.059375
2 0.601389 0.187153 0.082407 0.075694
2 0.544213 0.160764 0.088426 0.083333
2 0.477778 0.129861 0.091667 0.089583
2 0.315278 0.054688 0.095370 0.108681
1 0.041204 0.241667 0.027778 0.063194
1 0.212731 0.278472 0.032870 0.060417
9 0.106481 0.079167 0.049074 0.041667
9 0.170602 0.081424 0.041204 0.032292
9 0.041435 0.032118 0.042130 0.034375
9 0.244213 0.129688 0.042130 0.033681
9 0.299769 0.038368 0.043056 0.035764
9 0.415509 0.192882 0.031019 0.027431
9 0.490046 0.219792 0.031019 0.025694
9 0.552546 0.242361 0.027315 0.022917
9 0.456944 0.115972 0.034259 0.027083
9 0.580556 0.174653 0.027778 0.022222
9 0.613194 0.251736 0.022685 0.018750
9 0.637037 0.275521 0.024074 0.020486
9 0.661574 0.215972 0.025926 0.019444
9 0.702546 0.233333 0.024537 0.016667
9 0.735185 0.249653 0.021296 0.017361
9 0.678935 0.289410 0.024537 0.019097
9 0.714120 0.302431 0.020833 0.017361
9 0.772685 0.311458 0.020370 0.016667
9 0.775694 0.284722 0.020833 0.015278
9 0.800694 0.295660 0.018981 0.014931
9 0.798611 0.319965 0.016667 0.014931
9 0.822685 0.304861 0.017593 0.013194
9 0.820833 0.328472 0.016667 0.013889
9 0.865046 0.311285 0.017130 0.012847
9 0.856481 0.331250 0.014815 0.013194
9 0.853009 0.351215 0.017130 0.014236
9 0.882870 0.319444 0.016667 0.011806
9 0.921991 0.338368 0.015278 0.011458
9 0.106019 0.244271 0.020370 0.016319
9 0.258102 0.277083 0.017130 0.013889
9 0.255556 0.300347 0.015741 0.013194
9 0.520370 0.354340 0.012963 0.010069
10 0.908333 0.016840 0.034259 0.023264
10 0.795602 0.034896 0.031019 0.021181
10 0.693519 0.053819 0.029630 0.021528
10 0.989352 0.133854 0.021296 0.020486
10 0.901852 0.144965 0.026852 0.018403
10 0.820602 0.156076 0.022685 0.015625
10 0.899537 0.218056 0.020370 0.013889
10 0.968750 0.212847 0.021759 0.014583
10 0.955324 0.262674 0.016204 0.010764
10 0.021065 0.189062 0.023611 0.014931
10 0.090509 0.207118 0.019907 0.014931
10 0.191898 0.232118 0.019907 0.012153
10 0.243056 0.244965 0.017593 0.012153
10 0.593750 0.335243 0.012500 0.007986
10 0.614120 0.339583 0.011574 0.007639
6 0.202083 0.364410 0.031019 0.054514
6 0.234028 0.367882 0.031944 0.052431
6 0.516204 0.404514 0.019444 0.036806
9 0.645602 0.165451 0.019907 0.014931
9 0.661806 0.172222 0.020833 0.014583
11 0.052778 0.383333 0.008333 0.031250
11 0.040972 0.382639 0.008796 0.032639
11 0.151389 0.403125 0.010185 0.015278
11 0.173843 0.404167 0.009722 0.013889
15 0.245139 0.340625 0.022685 0.012500
