3 0.068403 0.401852 0.136111 0.472222
2 0.200174 0.236111 0.219792 0.379630
3 0.291667 0.487963 0.145833 0.425000
3 0.494097 0.554630 0.138889 0.402778
3 0.786285 0.656713 0.123958 0.371759
3 0.937674 0.707176 0.106597 0.341204
2 0.405208 0.316667 0.239583 0.357407
2 0.589757 0.377546 0.235069 0.312500
2 0.857118 0.512731 0.209375 0.306019
5 0.797917 0.190509 0.193056 0.206019
9 0.042361 0.534491 0.084028 0.122685
9 0.134028 0.181713 0.087500 0.115278
9 0.274653 0.601852 0.079167 0.111111
9 0.350694 0.269676 0.075000 0.106944
9 0.480903 0.662963 0.081250 0.106481
9 0.536285 0.347917 0.067708 0.103241
9 0.769965 0.755093 0.066319 0.093519
9 0.813889 0.467361 0.065278 0.085648
9 0.729340 0.651389 0.060764 0.083333
9 0.783854 0.607870 0.055903 0.092593
9 0.920660 0.797454 0.072569 0.089352
9 0.860243 0.695602 0.061458 0.081944
9 0.926910 0.662037 0.057986 0.088889
9 0.951736 0.520139 0.062500 0.082870
10 0.118750 0.108796 0.062500 0.065741
10 0.289757 0.034259 0.063542 0.067593
9 0.736285 0.203935 0.056597 0.084722
9 0.802951 0.239583 0.055208 0.074537
9 0.856424 0.254861 0.050347 0.070833
