1 0.261574 0.555729 0.092593 0.173264
1 0.498611 0.571354 0.082407 0.174653
1 0.739120 0.588368 0.073611 0.177431
9 0.271759 0.533333 0.070370 0.052083
9 0.253935 0.610069 0.070833 0.054167
9 0.503241 0.549132 0.065741 0.055208
9 0.493981 0.625868 0.069444 0.056597
9 0.738426 0.566493 0.067593 0.057986
9 0.736111 0.645486 0.066667 0.059028
9 0.195370 0.027083 0.084259 0.053472
9 0.232407 0.153472 0.065741 0.055556
9 0.921065 0.061806 0.084722 0.056944
9 0.870602 0.193229 0.071759 0.051042
5 0.200000 0.129167 0.399074 0.109722
