10 0.332639 0.250463 0.015972 0.035185
14 0.216840 0.569907 0.066319 0.140741
16 0.050521 0.516204 0.014931 0.022222
16 0.097396 0.518750 0.013542 0.022685
16 0.073611 0.518056 0.013889 0.022222
15 0.483160 0.481481 0.032986 0.033333
15 0.513715 0.471296 0.034375 0.028704
15 0.532465 0.463194 0.038542 0.030093
15 0.553646 0.454861 0.037153 0.032870
15 0.581250 0.392361 0.033333 0.038426
15 0.562153 0.401389 0.026389 0.035185
15 0.546528 0.408796 0.026389 0.036111
12 0.513542 0.495370 0.012500 0.031481
12 0.495139 0.505324 0.010417 0.031944
12 0.477257 0.510648 0.010764 0.028704
12 0.463368 0.514583 0.009375 0.026389
12 0.439410 0.524769 0.008681 0.027315
8 0.595486 0.392361 0.016667 0.019907
8 0.628819 0.398611 0.019444 0.014815
8 0.663368 0.404167 0.016319 0.015741
11 0.506597 0.559722 0.004861 0.030556
11 0.491319 0.568519 0.003472 0.037963
11 0.486111 0.568056 0.004167 0.035185
11 0.482812 0.567361 0.003125 0.033796
11 0.479514 0.568519 0.004167 0.032407
11 0.461285 0.568981 0.009375 0.038889
7 0.265278 0.373380 0.037500 0.080093
0 0.286285 0.314352 0.053819 0.077778
0 0.299479 0.290741 0.060069 0.086111
10 0.730382 0.441204 0.014236 0.023148
10 0.748958 0.434491 0.013889 0.024537
10 0.767361 0.428472 0.016667 0.026389
10 0.717187 0.428241 0.019097 0.021296
10 0.693750 0.424769 0.018056 0.021759
10 0.671007 0.421065 0.017708 0.020833
10 0.667535 0.523611 0.014931 0.018519
10 0.642882 0.521296 0.014931 0.018519
10 0.603472 0.516435 0.015972 0.019907
10 0.574306 0.513889 0.009722 0.019444
10 0.436285 0.495139 0.010069 0.018981
10 0.448437 0.490278 0.009375 0.018519
10 0.460590 0.484491 0.009375 0.019907
10 0.347396 0.222454 0.014931 0.036574
10 0.015451 0.234722 0.020486 0.033333
10 0.061111 0.149306 0.020139 0.041204
10 0.096875 0.465741 0.008333 0.012037
10 0.072222 0.462500 0.008333 0.013889
10 0.039583 0.440741 0.008333 0.013889
10 0.067361 0.444907 0.008333 0.013889
10 0.061458 0.422222 0.008333 0.013889
10 0.030035 0.418287 0.009375 0.015278
10 0.055729 0.393981 0.010069 0.018519
10 0.019618 0.389352 0.010069 0.017593
10 0.488542 0.542130 0.010417 0.012963
9 0.322049 0.365509 0.014931 0.021759
9 0.321354 0.396065 0.014931 0.021759
9 0.303299 0.340972 0.018403 0.024537
9 0.317014 0.318519 0.020833 0.028704
9 0.318403 0.278009 0.020833 0.027315
9 0.304340 0.301620 0.018403 0.022685
9 0.292187 0.323380 0.017708 0.020833
9 0.273438 0.387963 0.014236 0.021296
9 0.266840 0.371528 0.016319 0.021759
9 0.292708 0.360648 0.016667 0.020370
9 0.288715 0.450000 0.012847 0.016667
9 0.005035 0.335648 0.009375 0.025926
9 0.044792 0.343287 0.013889 0.024537
9 0.031250 0.289120 0.015278 0.025463
