3 0.279018 0.268849 0.049603 0.173942
3 0.153398 0.269676 0.045387 0.180225
3 0.540303 0.213459 0.047371 0.176257
3 0.665551 0.209491 0.038442 0.180225
3 0.796999 0.201720 0.048859 0.180556
2 0.077629 0.175430 0.058036 0.145833
2 0.207713 0.176422 0.050843 0.165675
2 0.334573 0.170635 0.043651 0.168651
3 0.941344 0.414187 0.026042 0.115410
3 0.862475 0.421462 0.016121 0.124669
6 0.981523 0.600364 0.036954 0.139881
6 0.308408 0.617890 0.041419 0.118717
6 0.354663 0.615410 0.036706 0.123677
6 0.396825 0.613591 0.027282 0.122024
14 0.104663 0.751653 0.157738 0.240741
13 0.198909 0.572421 0.180556 0.192460
13 0.671007 0.554067 0.174851 0.190146
1 0.136161 0.439484 0.028274 0.107804
1 0.059896 0.454530 0.032490 0.100860
3 0.270585 0.437500 0.033234 0.114418
3 0.347346 0.437500 0.025050 0.117725
12 0.840402 0.559524 0.019097 0.044974
12 0.768849 0.561177 0.015873 0.054233
12 0.701389 0.566138 0.013393 0.054233
12 0.383557 0.578042 0.018601 0.039021
12 0.519593 0.566964 0.019841 0.049272
12 0.588046 0.563988 0.017857 0.049934
15 0.553323 0.508267 0.028274 0.072751
15 0.698909 0.513393 0.031250 0.061177
15 0.764385 0.507110 0.024802 0.059854
15 0.832217 0.503968 0.029514 0.050926
11 0.844866 0.676091 0.014137 0.044643
11 0.830729 0.676753 0.012153 0.041997
11 0.814360 0.674603 0.015129 0.045635
11 0.749256 0.681382 0.013889 0.043981
11 0.686384 0.681052 0.013641 0.046627
11 0.699653 0.682044 0.010417 0.044643
11 0.713170 0.683366 0.011657 0.043320
11 0.764013 0.681052 0.012649 0.042659
11 0.777282 0.682044 0.009921 0.040013
11 0.771205 0.643188 0.013145 0.042989
11 0.572917 0.666501 0.013889 0.071759
11 0.558160 0.666832 0.014137 0.067130
11 0.542163 0.666171 0.012897 0.070437
11 0.478795 0.669974 0.011657 0.070106
