13 0.634722 0.918981 0.118056 0.143519
13 0.131076 0.916435 0.189931 0.167130
6 0.266493 0.419444 0.155208 0.449074
6 0.472049 0.420370 0.166319 0.442593
6 0.668229 0.408796 0.151736 0.470370
15 0.717708 0.956713 0.032639 0.086574
15 0.586111 0.947454 0.025694 0.079167
15 0.265278 0.946759 0.043056 0.083333
1 0.145486 0.571528 0.047917 0.176389
1 0.025000 0.566435 0.049306 0.181944
1 0.746354 0.574306 0.039236 0.181944
1 0.982118 0.583333 0.035764 0.190741
10 0.314757 0.022917 0.036458 0.040278
10 0.347049 0.117593 0.030208 0.042593
10 0.375868 0.200000 0.028819 0.037963
10 0.125347 0.450926 0.022222 0.028704
10 0.090625 0.406713 0.025000 0.029167
10 0.050868 0.356944 0.026736 0.035185
9 0.983681 0.550000 0.032639 0.046296
9 0.983854 0.633565 0.032292 0.050463
9 0.746354 0.627778 0.035069 0.047222
9 0.746354 0.547222 0.035069 0.047222
9 0.096875 0.691898 0.032639 0.043056
9 0.144965 0.616667 0.035764 0.048148
9 0.151910 0.538426 0.035764 0.048148
9 0.032465 0.538889 0.035764 0.048148
9 0.023438 0.616667 0.035764 0.048148
9 0.781076 0.027083 0.079514 0.053241
9 0.866319 0.158565 0.037500 0.043056
