7 0.571528 0.485880 0.145833 0.339352
7 0.058854 0.381481 0.117014 0.402778
7 0.336632 0.442824 0.142014 0.354167
0 0.910764 0.539583 0.178472 0.277315
10 0.027604 0.236343 0.054514 0.078241
10 0.259549 0.311111 0.068403 0.081481
10 0.465799 0.357870 0.062847 0.078704
10 0.765799 0.429398 0.058681 0.071759
10 0.911632 0.464120 0.051042 0.070833
9 0.864583 0.513426 0.066667 0.088889
9 0.900347 0.622685 0.066667 0.088889
9 0.560764 0.569676 0.071528 0.101389
9 0.538542 0.443981 0.070139 0.091667
9 0.328125 0.528009 0.081250 0.105093
9 0.314757 0.397685 0.078819 0.105556
9 0.044444 0.476389 0.088194 0.120370
9 0.043056 0.334954 0.085417 0.115278
