13 0.562037 0.912847 0.247222 0.159722
13 0.905556 0.941840 0.188889 0.116319
1 0.129398 0.518924 0.094907 0.157986
1 0.290741 0.561285 0.082407 0.143403
1 0.520602 0.625521 0.067130 0.129514
1 0.629167 0.656250 0.068519 0.125000
1 0.726157 0.683507 0.065278 0.121181
1 0.871991 0.727083 0.065278 0.108333
1 0.944213 0.745313 0.061574 0.106597
9 0.128472 0.491667 0.068981 0.048611
9 0.115741 0.562500 0.065741 0.046528
9 0.287731 0.536285 0.060648 0.040625
9 0.281250 0.602951 0.059722 0.044097
9 0.512731 0.601562 0.049537 0.035764
9 0.514120 0.660937 0.052315 0.037153
9 0.620139 0.634201 0.047685 0.035069
9 0.620370 0.689410 0.047222 0.036458
9 0.714583 0.661111 0.042130 0.031944
9 0.717824 0.713715 0.042130 0.035069
9 0.862269 0.705208 0.043056 0.029861
9 0.867130 0.754861 0.043519 0.029861
9 0.933333 0.726389 0.037963 0.028472
9 0.938889 0.773264 0.037963 0.029861
9 0.613889 0.763194 0.046296 0.031944
9 0.833796 0.813368 0.037037 0.026042
9 0.899074 0.827257 0.036111 0.026042
9 0.035185 0.064062 0.069444 0.056597
12 0.213657 0.943403 0.032870 0.060417
10 0.817130 0.948611 0.029630 0.028472
15 0.386111 0.943229 0.069444 0.056597
10 0.505787 0.553819 0.043056 0.040972
10 0.595139 0.531076 0.040278 0.044792
10 0.859259 0.464410 0.046296 0.046875
10 0.866667 0.659201 0.038889 0.038542
10 0.847454 0.619618 0.037500 0.039236
8 0.211806 0.116146 0.081944 0.058681
8 0.486111 0.253472 0.076852 0.044444
8 0.565509 0.291840 0.079167 0.037153
8 0.770370 0.382465 0.071296 0.028819
10 0.980324 0.429861 0.039352 0.053472
