0 0.759549 0.570370 0.127431 0.186111
1 0.414757 0.725463 0.080903 0.244444
7 0.520660 0.323611 0.129514 0.287037
7 0.421528 0.211806 0.149306 0.318981
7 0.273958 0.121991 0.156250 0.243056
9 0.488368 0.262731 0.062847 0.081944
10 0.065625 0.858796 0.035417 0.034259
10 0.607812 0.371528 0.041319 0.060648
14 0.564931 0.860880 0.320139 0.278241
15 0.063021 0.718519 0.064931 0.089815
15 0.114757 0.736574 0.058681 0.086111
15 0.161285 0.753009 0.059375 0.085648
0 0.710938 0.518287 0.132292 0.197685
0 0.659549 0.453241 0.141319 0.218519
10 0.549653 0.300694 0.045139 0.061574
10 0.658333 0.434028 0.037500 0.056019
10 0.312326 0.023148 0.066319 0.045370
9 0.256076 0.122454 0.080903 0.106944
9 0.390625 0.143750 0.075694 0.092130
9 0.388715 0.266204 0.065625 0.090741
9 0.491146 0.372917 0.062847 0.081944
9 0.617014 0.414815 0.051389 0.066667
9 0.622743 0.506019 0.049653 0.064815
9 0.676042 0.481250 0.042361 0.059722
9 0.679688 0.564583 0.043403 0.057870
9 0.722569 0.536343 0.040278 0.054167
9 0.729167 0.615046 0.040278 0.054167
9 0.426563 0.667130 0.051042 0.071296
9 0.427257 0.775926 0.051042 0.071296
