15 0.887731 0.067014 0.224537 0.133333
15 0.715278 0.159722 0.226852 0.128472
15 0.465741 0.300521 0.240741 0.060764
15 0.355324 0.341840 0.145833 0.051736
15 0.295602 0.377951 0.143056 0.049653
15 0.397222 0.570139 0.040741 0.028472
15 0.414815 0.565799 0.038889 0.028125
11 0.971065 0.314583 0.057870 0.240278
11 0.912500 0.338889 0.065741 0.224306
11 0.846759 0.356597 0.062963 0.211111
11 0.726389 0.399306 0.054630 0.190972
11 0.677315 0.415104 0.048148 0.178819
11 0.632176 0.429340 0.046759 0.176736
11 0.554630 0.455208 0.040741 0.164583
11 0.518981 0.464931 0.038889 0.154167
11 0.487037 0.475868 0.040741 0.149653
11 0.445370 0.563021 0.032407 0.060069
11 0.318056 0.579514 0.043519 0.063889
11 0.296991 0.586806 0.042130 0.065278
11 0.281250 0.589757 0.040278 0.064236
11 0.245370 0.599826 0.038889 0.060764
11 0.189352 0.610590 0.034259 0.057986
10 0.958102 0.161285 0.083796 0.072569
10 0.886574 0.205208 0.066667 0.048611
10 0.725463 0.268229 0.068519 0.057986
10 0.562037 0.341493 0.056481 0.050347
10 0.333796 0.423090 0.044444 0.039931
10 0.261806 0.455382 0.044907 0.032292
10 0.206019 0.481250 0.038889 0.031944
10 0.035880 0.547049 0.026389 0.026042
10 0.024769 0.552604 0.025463 0.024653
10 0.015278 0.557465 0.025926 0.025347
10 0.081250 0.665625 0.027315 0.020833
1 0.144213 0.659028 0.031944 0.055556
9 0.143981 0.652431 0.028704 0.021528
14 0.835880 0.746354 0.292130 0.184375
1 0.822454 0.537674 0.039352 0.066319
9 0.825463 0.522917 0.027778 0.020139
9 0.826157 0.552951 0.026389 0.019792
9 0.784954 0.639931 0.027315 0.018750
10 0.968287 0.453993 0.029167 0.023958
10 0.909028 0.468924 0.026389 0.019097
10 0.766204 0.496528 0.023148 0.022222
