15 0.136111 0.351620 0.046528 0.116204
15 0.412326 0.406019 0.046181 0.087037
15 0.536979 0.429398 0.047569 0.082870
15 0.835069 0.488889 0.045139 0.060185
15 0.882118 0.496991 0.044097 0.051389
15 0.944965 0.507407 0.057292 0.050000
15 0.985938 0.513194 0.028125 0.043981
15 0.282118 0.528241 0.019097 0.025000
15 0.248438 0.525463 0.018403 0.025000
15 0.213715 0.524769 0.018403 0.027315
15 0.490451 0.552546 0.011458 0.015278
15 0.500694 0.553935 0.008333 0.012500
15 0.040278 0.512269 0.018750 0.022685
13 0.231771 0.560880 0.099653 0.103241
13 0.440278 0.566667 0.075694 0.088889
13 0.585938 0.574769 0.063542 0.071759
13 0.689931 0.579861 0.059722 0.064352
13 0.776736 0.582176 0.050694 0.056019
14 0.480382 0.654398 0.101042 0.103241
3 0.239757 0.399537 0.030903 0.093519
3 0.303993 0.409954 0.028819 0.091204
3 0.594618 0.462269 0.021875 0.068981
3 0.627257 0.465972 0.021875 0.065278
3 0.678472 0.475231 0.021528 0.062500
3 0.703993 0.477778 0.017708 0.052778
2 0.640451 0.437500 0.037847 0.057407
2 0.610590 0.431019 0.039931 0.056481
2 0.577083 0.424769 0.038889 0.059722
2 0.327951 0.372454 0.043403 0.080093
2 0.266667 0.359722 0.042361 0.083333
2 0.191667 0.345602 0.043750 0.090278
2 0.050868 0.314120 0.049653 0.097685
5 0.304514 0.250000 0.077083 0.052778
5 0.469444 0.303009 0.073611 0.055093
0 0.020486 0.548611 0.017361 0.068519
1 0.073264 0.469907 0.015278 0.068519
1 0.380208 0.499537 0.016667 0.051852
7 0.488021 0.513889 0.017708 0.050926
0 0.575347 0.521759 0.020833 0.042593
0 0.595833 0.522222 0.020833 0.040741
0 0.615799 0.524074 0.020486 0.040741
9 0.058160 0.301620 0.024653 0.029167
9 0.197917 0.333333 0.020139 0.025926
9 0.235590 0.424306 0.020486 0.024537
9 0.264062 0.346759 0.019097 0.025000
9 0.324826 0.361574 0.018403 0.023148
9 0.299306 0.434722 0.018750 0.025000
9 0.453646 0.442130 0.017708 0.022222
9 0.452778 0.409028 0.015972 0.019907
9 0.569618 0.415741 0.013542 0.016667
9 0.603125 0.422917 0.013194 0.016204
9 0.591493 0.479167 0.014236 0.017593
9 0.623611 0.483565 0.013889 0.017130
9 0.674653 0.490972 0.011806 0.016204
9 0.701562 0.494444 0.012153 0.016667
9 0.725868 0.497685 0.011458 0.014815
9 0.767708 0.503472 0.011806 0.016204
9 0.788368 0.507176 0.011458 0.014352
9 0.807986 0.510648 0.010417 0.012963
9 0.457813 0.309491 0.013542 0.018056
9 0.433160 0.325463 0.012847 0.015741
9 0.409375 0.341204 0.011806 0.015741
9 0.313715 0.265972 0.015625 0.018981
9 0.284028 0.257176 0.015972 0.020833
9 0.242708 0.297917 0.014583 0.019907
10 0.486111 0.444907 0.029861 0.035185
10 0.870833 0.510880 0.019444 0.020833
10 0.968750 0.527083 0.016667 0.018981
10 0.015451 0.361806 0.030208 0.058796
10 0.191319 0.047685 0.026389 0.033333
10 0.455035 0.165741 0.019792 0.025000
10 0.628125 0.242130 0.017361 0.020370
10 0.551562 0.284491 0.013542 0.017130
10 0.587500 0.264352 0.015278 0.018519
10 0.713021 0.314120 0.013542 0.018056
10 0.753646 0.297685 0.014236 0.020370
10 0.675174 0.328472 0.012153 0.016204
10 0.594271 0.363426 0.011458 0.013889
10 0.541493 0.386574 0.010069 0.012037
10 0.688542 0.389120 0.011111 0.013426
10 0.770312 0.362269 0.011458 0.014352
10 0.806771 0.350694 0.012153 0.015278
10 0.846528 0.338426 0.013889 0.015741
10 0.916840 0.368981 0.012153 0.014815
10 0.878472 0.378704 0.011806 0.012963
10 0.937326 0.401852 0.010764 0.012037
10 0.903472 0.409722 0.009722 0.011111
10 0.770660 0.443981 0.010764 0.012963
10 0.974132 0.392824 0.011458 0.012500
8 0.862500 0.309028 0.011806 0.011574
8 0.847049 0.297454 0.012153 0.010648
8 0.830556 0.292361 0.011806 0.011574
8 0.799132 0.275463 0.014236 0.012963
8 0.780729 0.263194 0.012153 0.013426
8 0.760069 0.256250 0.012500 0.013426
8 0.720486 0.238426 0.013194 0.013889
8 0.696528 0.225694 0.013194 0.014352
8 0.671354 0.211806 0.013542 0.013426
8 0.622917 0.188194 0.013889 0.016204
8 0.591840 0.172454 0.014931 0.016204
8 0.558507 0.155324 0.015625 0.017130
8 0.314410 0.034491 0.019097 0.021759
8 0.256597 0.008333 0.020833 0.015741
11 0.031597 0.603009 0.006250 0.040278
11 0.043056 0.603009 0.005556 0.040278
11 0.066146 0.604398 0.005208 0.039352
10 0.152951 0.586111 0.009375 0.012037
10 0.301215 0.588194 0.007986 0.010648
11 0.229167 0.619213 0.006250 0.017130
11 0.235590 0.619213 0.005903 0.018056
11 0.242708 0.618981 0.005556 0.016667
11 0.268924 0.618750 0.005208 0.015278
11 0.275521 0.618750 0.005208 0.014352
6 0.380208 0.580093 0.020139 0.050926
6 0.398785 0.579630 0.016319 0.049074
12 0.298438 0.017593 0.014236 0.034259
12 0.555903 0.143056 0.011111 0.037037
12 0.589063 0.159722 0.011458 0.035185
12 0.607986 0.168519 0.012500 0.036111
12 0.668576 0.200926 0.012153 0.034259
12 0.692708 0.213194 0.009722 0.031019
12 0.708160 0.221991 0.011458 0.032870
