15 0.573958 0.338426 0.061111 0.110185
15 0.413368 0.378009 0.065625 0.093056
15 0.231771 0.416898 0.067708 0.082870
15 0.136632 0.433796 0.063542 0.078704
15 0.027778 0.469444 0.054861 0.056481
13 0.332292 0.570602 0.075694 0.079167
13 0.496007 0.563194 0.086458 0.090278
13 0.720313 0.551620 0.105903 0.108796
14 0.679167 0.646991 0.080556 0.130093
6 0.790972 0.574306 0.022222 0.065278
6 0.820833 0.574769 0.022917 0.067130
15 0.957118 0.505556 0.019792 0.037963
12 0.091146 0.559028 0.016319 0.048611
12 0.071181 0.562269 0.013889 0.047685
12 0.932813 0.544444 0.012847 0.030556
12 0.839583 0.548380 0.009028 0.031019
11 0.974826 0.605556 0.007292 0.040741
11 0.963368 0.606713 0.007986 0.042130
11 0.952083 0.606713 0.008333 0.040278
11 0.928299 0.606481 0.007986 0.039815
3 0.267882 0.458796 0.022569 0.066667
3 0.305556 0.451389 0.027083 0.075000
3 0.343750 0.443287 0.025000 0.074537
3 0.622049 0.397917 0.027431 0.093981
3 0.691493 0.381250 0.032292 0.100463
3 0.765625 0.369213 0.035417 0.105093
2 0.787153 0.314815 0.034028 0.096296
2 0.712326 0.329167 0.030903 0.090741
2 0.644792 0.345370 0.030556 0.087963
2 0.356076 0.403472 0.035764 0.072685
2 0.312500 0.411111 0.035417 0.066667
1 0.930903 0.315972 0.029167 0.114352
1 0.812326 0.469907 0.018403 0.069444
1 0.764062 0.475694 0.019097 0.067130
1 0.689583 0.483102 0.015278 0.058796
1 0.649132 0.487037 0.013542 0.057407
9 0.612847 0.504167 0.011111 0.013889
9 0.612500 0.479861 0.010417 0.014352
9 0.649826 0.475926 0.011458 0.013889
9 0.650000 0.501157 0.011111 0.014352
9 0.690451 0.471296 0.012153 0.014815
9 0.690625 0.497685 0.012500 0.014815
9 0.786111 0.512269 0.011806 0.015278
9 0.832118 0.508565 0.012153 0.016204
9 0.929514 0.299074 0.025694 0.028704
9 0.931771 0.349306 0.026042 0.030093
9 0.791840 0.301389 0.022569 0.028704
9 0.761458 0.400231 0.022222 0.028241
9 0.717014 0.317361 0.019444 0.027315
9 0.688194 0.411343 0.020139 0.026389
9 0.649653 0.332870 0.020139 0.026852
9 0.621354 0.421991 0.018403 0.025463
9 0.541493 0.355556 0.016319 0.023148
9 0.362847 0.392593 0.015278 0.019444
9 0.342535 0.463426 0.016319 0.021296
9 0.303299 0.469213 0.014931 0.019907
9 0.323437 0.401389 0.014236 0.019444
9 0.285764 0.408565 0.012500 0.017130
9 0.267188 0.474769 0.013542 0.018981
10 0.057465 0.519907 0.018403 0.020370
10 0.017361 0.300463 0.015278 0.017593
10 0.067535 0.319676 0.014931 0.017130
10 0.113368 0.336111 0.013542 0.016667
10 0.209201 0.372222 0.012153 0.013889
10 0.336979 0.379630 0.014236 0.017593
10 0.374653 0.372685 0.011806 0.014815
10 0.346528 0.358333 0.011806 0.015741
10 0.315625 0.343287 0.012500 0.016204
10 0.224306 0.299074 0.013889 0.018519
10 0.180903 0.278009 0.015972 0.019907
10 0.131944 0.254861 0.016667 0.019907
10 0.279861 0.191898 0.018750 0.023611
10 0.327604 0.221528 0.016319 0.019907
10 0.368229 0.249537 0.016319 0.019444
10 0.452257 0.306481 0.014236 0.016667
10 0.504687 0.342130 0.012153 0.014815
10 0.494618 0.101620 0.021875 0.029167
10 0.816840 0.037731 0.024653 0.033796
10 0.832118 0.093056 0.022569 0.027778
10 0.814931 0.420370 0.012500 0.015741
10 0.769271 0.426389 0.012847 0.015741
10 0.695486 0.436806 0.011806 0.013426
10 0.656771 0.441898 0.011458 0.014352
10 0.619097 0.446991 0.011111 0.013426
10 0.476042 0.395602 0.036111 0.043056
10 0.164931 0.452778 0.029167 0.031481
8 0.287674 0.141667 0.017708 0.024074
8 0.324306 0.123611 0.015972 0.022222
8 0.362326 0.108102 0.016319 0.022685
8 0.435069 0.071991 0.022222 0.027315
8 0.483160 0.054167 0.019097 0.023148
8 0.533333 0.030093 0.018056 0.026852
12 0.449653 0.053009 0.015972 0.041204
12 0.522917 0.022917 0.013194 0.044907
12 0.481250 0.037500 0.015278 0.048148
