1 0.293576 0.414815 0.019097 0.060185
3 0.107639 0.112269 0.061806 0.152315
6 0.498785 0.470833 0.030208 0.087963
6 0.038194 0.326852 0.075694 0.178704
6 0.455903 0.459722 0.031944 0.096296
6 0.477083 0.463889 0.027083 0.098148
8 0.317014 0.210417 0.022917 0.020833
9 0.215278 0.159259 0.020833 0.035185
10 0.444792 0.217130 0.022222 0.049074
10 0.576215 0.325000 0.013542 0.031481
13 0.302431 0.528241 0.063194 0.072222
16 0.583333 0.467361 0.015972 0.026389
14 0.641667 0.586111 0.115278 0.210185
16 0.557465 0.468519 0.014236 0.025926
15 0.264410 0.526852 0.017014 0.027778
15 0.123438 0.506713 0.024653 0.041204
15 0.040799 0.497685 0.023958 0.041667
8 0.290625 0.195139 0.026389 0.022685
8 0.382465 0.247454 0.019097 0.015278
12 0.208854 0.530093 0.010764 0.034259
1 0.349479 0.430787 0.020486 0.056944
1 0.322396 0.421759 0.021181 0.060185
1 0.231597 0.394907 0.023611 0.065741
1 0.196528 0.383333 0.022917 0.070370
1 0.062674 0.343287 0.026736 0.081019
2 0.172569 0.062731 0.074306 0.124537
3 0.467535 0.330324 0.034375 0.086574
2 0.493056 0.271991 0.054861 0.084722
3 0.503472 0.349537 0.029861 0.075926
3 0.534375 0.367361 0.027778 0.073611
2 0.552431 0.320602 0.050694 0.068056
2 0.525000 0.294907 0.053472 0.076852
10 0.008854 0.246528 0.017014 0.030093
10 0.212674 0.292361 0.016319 0.027315
10 0.297396 0.346296 0.012153 0.024074
10 0.324132 0.340741 0.013542 0.023148
10 0.594965 0.337731 0.014236 0.029167
9 0.575521 0.387269 0.014931 0.020833
9 0.556076 0.375231 0.014931 0.020833
9 0.529167 0.378704 0.017361 0.023148
9 0.533681 0.343056 0.017361 0.023148
9 0.538889 0.308333 0.017361 0.023148
9 0.509375 0.286343 0.018056 0.023611
9 0.503472 0.323380 0.018056 0.023611
9 0.498090 0.362269 0.019792 0.026389
9 0.463368 0.343750 0.022569 0.029167
9 0.478472 0.262963 0.020139 0.027778
9 0.241319 0.174306 0.020139 0.035648
9 0.154861 0.025000 0.037500 0.049074
9 0.099479 0.142130 0.045486 0.059259
9 0.068056 0.078472 0.043056 0.051389
9 0.059201 0.364583 0.021181 0.025463
9 0.194444 0.370602 0.016667 0.021759
9 0.193576 0.400926 0.015625 0.020370
9 0.231771 0.382870 0.015625 0.020370
9 0.231424 0.411574 0.015625 0.020370
9 0.292014 0.401852 0.013889 0.019444
9 0.290972 0.428241 0.013889 0.019444
9 0.322049 0.411343 0.013542 0.017130
9 0.321354 0.437269 0.013542 0.017130
9 0.349132 0.421065 0.013542 0.017130
9 0.348785 0.444676 0.013542 0.017130
9 0.431250 0.447454 0.012500 0.015278
9 0.430729 0.468981 0.011458 0.012963
10 0.424826 0.409954 0.007986 0.017130
10 0.375521 0.532639 0.007986 0.017130
10 0.367014 0.529398 0.007639 0.018981
