1 0.565278 0.526563 0.108333 0.173958
1 0.633102 0.361979 0.097685 0.157292
1 0.709491 0.409722 0.090278 0.143750
1 0.770370 0.447569 0.087037 0.127778
1 0.381250 0.675694 0.040278 0.069444
1 0.529398 0.698958 0.035648 0.059722
1 0.586574 0.709722 0.035185 0.054167
1 0.615741 0.714236 0.031481 0.056250
5 0.349769 0.446875 0.109722 0.067361
5 0.276157 0.460590 0.109722 0.057292
9 0.326389 0.448090 0.029630 0.026736
9 0.544907 0.490625 0.062963 0.051389
9 0.551620 0.573090 0.066204 0.049653
9 0.613657 0.329861 0.054167 0.045833
9 0.619444 0.401910 0.059259 0.047569
9 0.688426 0.383160 0.050000 0.041319
9 0.695833 0.446181 0.052778 0.043056
9 0.749769 0.421875 0.046759 0.036806
9 0.758102 0.478646 0.051389 0.036458
9 0.848380 0.456076 0.035648 0.030208
9 0.847222 0.499826 0.037963 0.033681
9 0.849769 0.549826 0.039352 0.033681
9 0.891667 0.482986 0.037963 0.030556
9 0.241898 0.336285 0.072685 0.060764
9 0.076389 0.266667 0.075926 0.058333
9 0.373611 0.661111 0.022222 0.021528
9 0.375000 0.692014 0.022222 0.021528
9 0.578935 0.697396 0.018981 0.016319
9 0.581250 0.722917 0.019907 0.017361
9 0.609491 0.703125 0.018056 0.015972
9 0.611111 0.726910 0.017593 0.016319
9 0.553241 0.745139 0.020370 0.016667
9 0.583565 0.749306 0.018981 0.014583
10 0.180093 0.026042 0.078704 0.051389
10 0.327315 0.109722 0.069444 0.075000
10 0.520370 0.237153 0.057407 0.064583
10 0.605093 0.292187 0.054630 0.059375
10 0.674537 0.341840 0.046296 0.046875
10 0.812500 0.428125 0.044444 0.048611
10 0.658333 0.574653 0.022222 0.025694
10 0.593056 0.657465 0.015741 0.021181
10 0.641435 0.652257 0.015278 0.021181
10 0.689583 0.615278 0.021759 0.020833
9 0.627778 0.520660 0.024074 0.021875
9 0.531944 0.522743 0.024074 0.023264
9 0.554167 0.530208 0.023148 0.022222
9 0.652546 0.539410 0.017130 0.014236
8 0.076157 0.333333 0.056944 0.027778
14 0.439815 0.862847 0.248148 0.216667
14 0.809722 0.830556 0.380556 0.338889
13 0.591898 0.823958 0.092130 0.066667
13 0.688194 0.819965 0.084722 0.049653
12 0.617824 0.833681 0.016204 0.026389
