14 0.437731 0.509722 0.062500 0.105556
13 0.249306 0.434375 0.134722 0.080556
13 0.024306 0.420139 0.047685 0.076389
13 0.563889 0.447743 0.121296 0.088542
13 0.926620 0.462674 0.146759 0.090625
6 0.633565 0.472396 0.028241 0.057986
6 0.668056 0.472917 0.030556 0.056944
15 0.519676 0.272396 0.089352 0.112153
15 0.253704 0.271701 0.108333 0.105208
15 0.672685 0.431076 0.025000 0.028819
15 0.771991 0.433854 0.025463 0.032986
12 0.796759 0.458854 0.016667 0.026042
8 0.204398 0.008160 0.035648 0.015625
8 0.072917 0.011632 0.041204 0.022569
8 0.012963 0.014931 0.025000 0.029167
11 0.775926 0.500694 0.010185 0.033333
11 0.763657 0.499306 0.009722 0.031944
11 0.713426 0.497917 0.011111 0.034028
11 0.704167 0.496875 0.010185 0.032639
11 0.991898 0.519965 0.012500 0.019792
11 0.938194 0.517014 0.010648 0.018056
11 0.927778 0.516840 0.009259 0.017014
11 0.886574 0.514062 0.011111 0.019792
11 0.863194 0.514236 0.011574 0.018056
1 0.698843 0.396007 0.024537 0.053125
1 0.642361 0.395313 0.024537 0.053125
1 0.585417 0.392188 0.024537 0.053125
1 0.439583 0.388194 0.022685 0.044444
1 0.957176 0.303472 0.050463 0.087500
1 0.848380 0.301042 0.044907 0.086806
2 0.680324 0.278993 0.056944 0.073958
2 0.581250 0.278993 0.056944 0.073958
3 0.639352 0.314063 0.048148 0.082986
2 0.333333 0.274653 0.050926 0.065278
2 0.173611 0.274653 0.057407 0.062500
3 0.140278 0.306771 0.043519 0.073958
2 0.042824 0.275174 0.056019 0.064931
3 0.016204 0.306771 0.031481 0.069792
10 0.771991 0.434896 0.013426 0.014931
10 0.667824 0.430035 0.013426 0.014931
10 0.705093 0.359722 0.019444 0.015972
10 0.648611 0.359028 0.019444 0.015972
10 0.593287 0.357465 0.017130 0.016319
10 0.451157 0.355035 0.017130 0.015625
10 0.773148 0.113368 0.033333 0.039931
10 0.778241 0.072049 0.039815 0.038542
10 0.783333 0.018056 0.046296 0.035417
10 0.331250 0.032465 0.042130 0.049653
10 0.194213 0.203472 0.028241 0.026389
10 0.007407 0.250000 0.013889 0.029167
10 0.008796 0.226910 0.016667 0.023958
10 0.047454 0.244965 0.025463 0.024653
10 0.018287 0.094792 0.035648 0.041667
10 0.077315 0.132639 0.037037 0.034722
10 0.369213 0.281944 0.057870 0.059722
9 0.014815 0.324306 0.028704 0.022222
9 0.052546 0.265972 0.029167 0.022222
9 0.092593 0.300694 0.024074 0.020139
9 0.186806 0.266319 0.029167 0.021528
9 0.145833 0.327257 0.030556 0.021181
9 0.266435 0.266493 0.031944 0.025347
9 0.345370 0.267535 0.031481 0.024653
9 0.592824 0.269792 0.031944 0.025000
9 0.639583 0.337500 0.031944 0.025000
9 0.691898 0.269792 0.031944 0.025000
9 0.718981 0.191146 0.032407 0.037153
9 0.810185 0.189931 0.030556 0.034028
9 0.849769 0.288194 0.034722 0.025000
9 0.845602 0.323611 0.034722 0.025000
9 0.958333 0.289583 0.037963 0.027083
9 0.955093 0.326042 0.037963 0.027083
10 0.796528 0.485417 0.014352 0.011806
10 0.848843 0.487500 0.014352 0.011806
