14 0.622024 0.534226 0.232639 0.506283
15 0.102431 0.122024 0.097222 0.095238
10 0.170015 0.144511 0.026538 0.044312
10 0.226314 0.183532 0.024554 0.035053
10 0.275298 0.215608 0.022321 0.031746
15 0.165055 0.149967 0.085565 0.082341
12 0.094990 0.211971 0.037202 0.078704
12 0.219866 0.276951 0.030010 0.077712
12 0.269221 0.299107 0.027530 0.063161
10 0.050595 0.316964 0.026290 0.039352
10 0.242808 0.364418 0.020337 0.022487
10 0.140997 0.335317 0.019593 0.026455
10 0.082961 0.314153 0.022073 0.029762
11 0.049479 0.404762 0.015129 0.125661
11 0.064112 0.407738 0.014137 0.111772
11 0.078001 0.409888 0.014137 0.108796
11 0.109251 0.414187 0.015129 0.102844
11 0.120660 0.419478 0.015625 0.102844
11 0.135169 0.423115 0.012897 0.101521
11 0.175595 0.426587 0.017857 0.113095
11 0.356399 0.480159 0.017857 0.113095
12 0.350446 0.348545 0.016369 0.050926
12 0.378968 0.359458 0.019841 0.052249
12 0.416667 0.384921 0.019841 0.052249
10 0.472098 0.435020 0.012649 0.020172
10 0.481027 0.437335 0.012649 0.020172
10 0.489955 0.441303 0.012649 0.020172
10 0.428943 0.533234 0.012649 0.020172
10 0.501612 0.527943 0.012649 0.020172
10 0.538566 0.528274 0.012649 0.020172
1 0.500000 0.530093 0.017857 0.066138
1 0.538442 0.535714 0.017857 0.066138
1 0.408234 0.516865 0.017857 0.066138
9 0.409474 0.522817 0.013393 0.019180
9 0.933780 0.037202 0.038690 0.047288
9 0.937128 0.088624 0.040923 0.048942
9 0.950521 0.124669 0.040923 0.048942
9 0.944568 0.164187 0.035962 0.041336
9 0.936880 0.267030 0.035962 0.041336
9 0.948909 0.229663 0.029762 0.035384
9 0.946677 0.199239 0.029762 0.035384
9 0.936384 0.344411 0.035962 0.041336
