13 0.170602 0.615625 0.172685 0.102083
13 0.553935 0.627604 0.156944 0.100347
15 0.053241 0.609549 0.036111 0.040625
15 0.153241 0.612153 0.037963 0.040278
12 0.095602 0.620833 0.026389 0.040278
12 0.404630 0.637674 0.029630 0.048264
12 0.462731 0.641493 0.028241 0.046181
10 0.438426 0.610243 0.024074 0.026736
16 0.917593 0.438715 0.059259 0.062847
16 0.860648 0.454167 0.066667 0.054861
16 0.804861 0.465625 0.068056 0.052778
1 0.083333 0.442014 0.037963 0.088889
1 0.196065 0.450174 0.036574 0.083681
1 0.302778 0.460417 0.036111 0.082639
1 0.480556 0.474132 0.034259 0.082986
1 0.574306 0.482812 0.035648 0.082292
1 0.668287 0.489410 0.033796 0.079514
9 0.084491 0.426910 0.033796 0.025347
9 0.081481 0.466146 0.033333 0.026042
9 0.196991 0.435937 0.031944 0.025347
9 0.193981 0.474306 0.031481 0.023611
9 0.303472 0.444792 0.031944 0.025000
9 0.300694 0.483333 0.030093 0.025000
9 0.480093 0.459375 0.030556 0.022917
9 0.478935 0.496354 0.031019 0.023264
9 0.574537 0.467014 0.031481 0.022222
9 0.574074 0.503125 0.030556 0.022917
9 0.668287 0.474306 0.029167 0.022222
9 0.667361 0.510243 0.030093 0.022569
10 0.498148 0.223438 0.043519 0.049653
10 0.885417 0.272049 0.041204 0.042708
10 0.830324 0.297917 0.038426 0.040972
10 0.781250 0.319444 0.034722 0.034028
10 0.680787 0.368576 0.031944 0.032986
10 0.647454 0.385069 0.031019 0.030556
10 0.616667 0.399653 0.028704 0.030556
8 0.106250 0.121181 0.031944 0.034028
8 0.300231 0.148611 0.034722 0.031944
10 0.214352 0.121701 0.029630 0.023958
10 0.193287 0.382465 0.031944 0.034375
11 0.425694 0.668229 0.018056 0.064236
