3 0.274826 0.505556 0.042014 0.130556
12 0.650868 0.591667 0.042014 0.128704
12 0.586806 0.578472 0.044444 0.134722
13 0.247222 0.712731 0.134028 0.144907
15 0.389757 0.470139 0.116319 0.156019
15 0.057292 0.366898 0.113889 0.218056
15 0.757812 0.566898 0.080903 0.095833
15 0.694097 0.553009 0.079861 0.111574
15 0.501736 0.502083 0.108333 0.120833
12 0.518750 0.568287 0.047222 0.148611
12 0.799826 0.627315 0.037847 0.112963
12 0.838715 0.630787 0.030208 0.103241
12 0.871354 0.638426 0.031597 0.094444
16 0.190972 0.547222 0.038889 0.040741
3 0.204514 0.484491 0.050000 0.128241
2 0.308854 0.448148 0.064931 0.112037
2 0.247049 0.433333 0.071181 0.113889
8 0.336285 0.028935 0.045486 0.034722
10 0.192708 0.155093 0.038194 0.062037
10 0.255382 0.117130 0.035764 0.063889
10 0.325694 0.084259 0.038194 0.077778
10 0.052083 0.235417 0.031944 0.056944
10 0.009201 0.260880 0.017708 0.053241
10 0.194618 0.363889 0.026736 0.048148
10 0.238889 0.346759 0.027778 0.050926
10 0.288715 0.325926 0.025347 0.046296
10 0.249653 0.381019 0.027083 0.047222
10 0.421354 0.267130 0.030903 0.058333
10 0.484201 0.243981 0.030903 0.058333
10 0.548785 0.218519 0.026042 0.061111
9 0.330208 0.543750 0.022917 0.035648
9 0.269618 0.532176 0.026736 0.034722
9 0.293924 0.433565 0.026736 0.034722
9 0.228993 0.413657 0.026736 0.034722
9 0.199653 0.518981 0.029861 0.041667
9 0.095486 0.375231 0.033333 0.044907
