14 0.332407 0.594097 0.085185 0.077083
13 0.869676 0.573785 0.086574 0.058681
13 0.722917 0.563194 0.099537 0.063889
13 0.535880 0.549826 0.109722 0.070486
13 0.283333 0.528472 0.130556 0.083333
6 0.151852 0.541319 0.032407 0.059028
6 0.074769 0.536458 0.031944 0.061806
15 0.980324 0.492882 0.039352 0.052431
15 0.898843 0.476910 0.103241 0.067708
15 0.375231 0.526563 0.019907 0.016319
15 0.355787 0.525174 0.019907 0.016319
15 0.550463 0.422743 0.074074 0.081597
15 0.708102 0.444792 0.075463 0.073611
15 0.029861 0.490278 0.030093 0.025694
8 0.935417 0.310590 0.039352 0.017708
8 0.901389 0.298438 0.042593 0.017708
8 0.868056 0.289410 0.042593 0.017708
8 0.805093 0.267882 0.049074 0.019792
8 0.763426 0.252604 0.049074 0.019792
8 0.720833 0.240451 0.049074 0.019792
8 0.633333 0.211111 0.040741 0.023611
8 0.583796 0.196181 0.043519 0.021528
8 0.528009 0.178125 0.046759 0.023611
8 0.414583 0.138715 0.043981 0.028819
8 0.345833 0.119097 0.050000 0.027083
8 0.264583 0.091840 0.045833 0.028819
12 0.269213 0.086111 0.032870 0.054861
12 0.344676 0.110764 0.033796 0.047222
12 0.388426 0.126389 0.030556 0.046528
12 0.579630 0.189931 0.024074 0.039583
12 0.526389 0.172743 0.025000 0.041319
12 0.611574 0.200000 0.024074 0.039583
12 0.034259 0.515972 0.019444 0.027083
11 0.025926 0.564757 0.012037 0.019792
11 0.013889 0.564757 0.012037 0.019792
1 0.071296 0.457292 0.030556 0.050000
1 0.189352 0.469444 0.027778 0.052083
1 0.057870 0.361632 0.043519 0.080903
7 0.282407 0.478993 0.031481 0.044792
7 0.331019 0.484549 0.031481 0.044792
7 0.375926 0.491146 0.031481 0.044792
0 0.455556 0.494444 0.024074 0.039583
0 0.490278 0.500174 0.031481 0.039236
0 0.526852 0.503472 0.031481 0.036806
3 0.795602 0.484201 0.040278 0.053125
3 0.493056 0.439931 0.039815 0.062500
3 0.377778 0.421007 0.041667 0.069097
3 0.300000 0.411806 0.042593 0.070833
3 0.214120 0.398611 0.043981 0.073611
2 0.252315 0.370660 0.060185 0.066319
2 0.337037 0.384549 0.060185 0.066319
2 0.415741 0.397917 0.062037 0.061111
2 0.529167 0.415972 0.046296 0.054167
10 0.186111 0.205208 0.039815 0.038889
10 0.222454 0.174306 0.043981 0.045833
10 0.258565 0.136285 0.047685 0.048264
10 0.491435 0.279687 0.031019 0.031597
10 0.539815 0.259375 0.032407 0.034028
10 0.596528 0.236285 0.034722 0.039931
10 0.705787 0.333681 0.025463 0.028472
10 0.761574 0.319444 0.026852 0.029167
10 0.822685 0.304688 0.028704 0.032986
10 0.983333 0.352951 0.025926 0.029514
10 0.924074 0.363889 0.024074 0.025694
10 0.868519 0.375000 0.021296 0.024306
10 0.752083 0.397569 0.020833 0.021528
10 0.712269 0.406250 0.020833 0.021528
10 0.835648 0.429514 0.020370 0.019444
10 0.877083 0.424306 0.018056 0.018750
10 0.992361 0.406597 0.015278 0.022917
10 0.873380 0.451736 0.022685 0.018750
10 0.520139 0.385417 0.021759 0.021528
10 0.592130 0.365278 0.022222 0.023611
10 0.392824 0.322049 0.025463 0.025347
10 0.360185 0.336458 0.023148 0.024306
10 0.067593 0.419271 0.019444 0.019792
10 0.182176 0.432812 0.018056 0.020486
10 0.272454 0.444444 0.016204 0.018056
10 0.319213 0.450000 0.016204 0.018056
10 0.365046 0.455903 0.016204 0.018056
10 0.475000 0.469444 0.014815 0.016667
10 0.510648 0.474132 0.013889 0.015625
10 0.649306 0.445833 0.055093 0.045833
9 0.450694 0.488368 0.014352 0.014236
9 0.450463 0.505035 0.013889 0.014236
9 0.484259 0.492708 0.016667 0.011806
9 0.484259 0.508681 0.016667 0.011806
9 0.520370 0.496528 0.016667 0.011806
9 0.520370 0.512500 0.016667 0.011806
9 0.372685 0.481076 0.017593 0.012847
9 0.372685 0.498090 0.017593 0.012847
9 0.327315 0.494097 0.019444 0.013194
9 0.327315 0.475694 0.019444 0.013194
9 0.278704 0.470486 0.019444 0.013194
9 0.279167 0.489236 0.019444 0.013194
9 0.188194 0.461458 0.022685 0.014583
9 0.187269 0.479514 0.022685 0.014583
9 0.070602 0.447917 0.022685 0.014583
9 0.067824 0.467708 0.022685 0.014583
10 0.059259 0.541667 0.016667 0.011806
9 0.056481 0.383160 0.034259 0.025347
9 0.060648 0.348785 0.034259 0.025347
9 0.208333 0.419444 0.029630 0.024306
9 0.252315 0.361806 0.029630 0.024306
9 0.296528 0.430729 0.028241 0.022569
9 0.333102 0.375174 0.028241 0.022569
9 0.409028 0.389410 0.028241 0.022569
9 0.372917 0.440799 0.028241 0.022569
9 0.353704 0.412326 0.025000 0.018403
9 0.465278 0.428819 0.022222 0.017361
9 0.493056 0.457292 0.028704 0.018750
9 0.790278 0.495486 0.025000 0.016667
9 0.762963 0.447569 0.025000 0.016667
9 0.804630 0.454167 0.025000 0.016667
9 0.858333 0.504167 0.025000 0.016667
10 0.956944 0.496354 0.037037 0.038542
9 0.081481 0.250347 0.031481 0.037500
9 0.065741 0.272917 0.029630 0.032639
9 0.048843 0.290972 0.027315 0.031944
9 0.173843 0.274653 0.025463 0.029861
