13 0.852431 0.166501 0.173611 0.211310
13 0.653398 0.194775 0.122272 0.140873
13 0.535838 0.216104 0.107887 0.120701
13 0.452505 0.234292 0.076141 0.100198
13 0.384921 0.250000 0.065476 0.074735
10 0.534846 0.026786 0.034474 0.041667
10 0.483879 0.049603 0.037698 0.048942
10 0.445437 0.024471 0.037698 0.048280
10 0.443452 0.078869 0.037698 0.048611
1 0.427455 0.063492 0.028026 0.093915
1 0.403398 0.062500 0.028026 0.093915
1 0.373636 0.097553 0.028026 0.093915
1 0.332837 0.116898 0.025794 0.079696
1 0.313616 0.125165 0.023562 0.073082
16 0.231027 0.133433 0.031002 0.049934
16 0.189608 0.125496 0.031002 0.049934
16 0.145461 0.117229 0.031002 0.049934
16 0.295263 0.261409 0.036954 0.063161
