1 0.629514 0.439120 0.029861 0.092130
3 0.338021 0.510417 0.023264 0.061574
3 0.715451 0.438889 0.031597 0.101852
3 0.785243 0.425231 0.032292 0.106019
9 0.628646 0.463194 0.021875 0.027315
9 0.738368 0.283796 0.019792 0.034259
10 0.477083 0.299537 0.018056 0.036111
10 0.355382 0.350000 0.016319 0.031481
10 0.436632 0.276157 0.019097 0.038426
12 0.482292 0.162037 0.016667 0.048148
13 0.826215 0.611574 0.125347 0.125926
13 0.335417 0.619676 0.068056 0.069907
15 0.448785 0.431019 0.078125 0.110185
13 0.590278 0.613426 0.101389 0.100926
13 0.444444 0.617824 0.074306 0.084722
13 0.185764 0.621296 0.042361 0.056481
13 0.251215 0.621528 0.053125 0.063426
6 0.632465 0.638657 0.017014 0.068056
6 0.651042 0.639120 0.018750 0.068981
6 0.670833 0.640046 0.018750 0.068981
16 0.265625 0.557407 0.018750 0.026852
15 0.032639 0.537731 0.051389 0.051389
15 0.060590 0.533796 0.056597 0.059259
15 0.108160 0.518519 0.051736 0.061111
15 0.154861 0.509259 0.059028 0.075000
15 0.584375 0.398148 0.079167 0.125926
15 0.911458 0.293750 0.102083 0.207870
12 0.071354 0.608565 0.011458 0.037500
12 0.091840 0.602546 0.014931 0.034722
12 0.952257 0.614120 0.009375 0.031019
12 0.761632 0.615972 0.012153 0.033796
12 0.753472 0.018287 0.025694 0.035648
12 0.458681 0.175694 0.015278 0.043981
12 0.427257 0.193750 0.018403 0.043981
12 0.365972 0.230093 0.013889 0.037963
12 0.328819 0.250926 0.013194 0.037963
12 0.345313 0.242130 0.014931 0.036111
8 0.257812 0.292824 0.028125 0.020833
8 0.276389 0.284259 0.029861 0.018519
8 0.312674 0.262500 0.025347 0.019444
8 0.336806 0.251157 0.026389 0.017130
8 0.362326 0.236574 0.027431 0.020370
8 0.239410 0.304167 0.026736 0.018519
8 0.410069 0.209491 0.029861 0.021759
8 0.440278 0.193056 0.029167 0.020370
8 0.473090 0.174769 0.029514 0.020833
8 0.731597 0.020833 0.028472 0.040741
8 0.741146 0.478472 0.026042 0.014352
8 0.760590 0.488657 0.028125 0.018056
11 0.013194 0.618750 0.014583 0.067130
5 0.754687 0.279398 0.085764 0.093981
5 0.565451 0.337963 0.069097 0.074074
1 0.671354 0.546065 0.016319 0.059722
1 0.639757 0.548148 0.017708 0.060185
1 0.609896 0.549769 0.019097 0.056019
1 0.536458 0.556713 0.013889 0.051389
3 0.310937 0.514120 0.019792 0.062500
3 0.287847 0.521528 0.023611 0.058796
3 0.387326 0.501620 0.024653 0.071759
3 0.249826 0.526852 0.021875 0.057407
2 0.812326 0.372917 0.046181 0.103241
2 0.742014 0.388889 0.044444 0.095370
2 0.464757 0.446296 0.039236 0.062037
2 0.347049 0.478009 0.039236 0.058796
10 0.065625 0.578472 0.013194 0.023611
10 0.117882 0.525000 0.022569 0.037963
10 0.495139 0.437269 0.038889 0.068981
10 0.622917 0.507176 0.011806 0.025463
10 0.655729 0.503704 0.009375 0.025926
10 0.907986 0.049769 0.036111 0.066204
10 0.935937 0.105324 0.030903 0.062500
10 0.567882 0.152315 0.028125 0.048148
10 0.389757 0.248380 0.021181 0.042130
10 0.439757 0.389583 0.015625 0.028241
10 0.315104 0.331250 0.016319 0.032870
10 0.348611 0.418519 0.012500 0.028704
10 0.378472 0.429861 0.011806 0.024537
10 0.224306 0.373148 0.015278 0.030556
10 0.262847 0.387037 0.015278 0.030556
10 0.182986 0.357407 0.015278 0.030556
10 0.271181 0.312037 0.015278 0.030556
10 0.067014 0.420370 0.012500 0.025000
10 0.104861 0.430556 0.012500 0.023148
10 0.118750 0.393056 0.012500 0.025000
10 0.156597 0.405556 0.012500 0.025000
10 0.138715 0.439352 0.010069 0.024074
10 0.215799 0.462269 0.010764 0.021759
10 0.263889 0.476620 0.012500 0.021759
10 0.244618 0.469676 0.010764 0.020833
9 0.771354 0.275463 0.019792 0.034259
9 0.797049 0.298148 0.019792 0.034259
9 0.821354 0.323611 0.019792 0.034259
9 0.638194 0.371296 0.015972 0.030556
9 0.611806 0.356019 0.015972 0.030556
9 0.582639 0.337037 0.015972 0.030556
9 0.563889 0.341667 0.015972 0.030556
9 0.565104 0.544213 0.010764 0.016204
9 0.564410 0.566435 0.010764 0.016204
9 0.537326 0.568750 0.010764 0.016204
9 0.538021 0.547454 0.010764 0.016204
9 0.642188 0.537500 0.013542 0.016667
9 0.642188 0.560648 0.013542 0.016667
9 0.612674 0.562963 0.013542 0.016667
9 0.611979 0.541204 0.013542 0.016667
9 0.818229 0.357639 0.025347 0.032870
9 0.787326 0.457176 0.025347 0.032870
9 0.718403 0.467593 0.023611 0.030556
9 0.748611 0.375463 0.023611 0.030556
9 0.630729 0.424074 0.022569 0.027778
9 0.534201 0.445833 0.022569 0.027778
9 0.473090 0.443056 0.017708 0.024074
9 0.355208 0.469444 0.015972 0.021296
9 0.390625 0.519907 0.015972 0.021296
9 0.339931 0.526389 0.015972 0.021296
9 0.313194 0.532407 0.015972 0.021296
9 0.290278 0.534722 0.015972 0.021296
9 0.251563 0.540972 0.015625 0.018056
9 0.233160 0.544213 0.015625 0.018056
9 0.215451 0.546991 0.015625 0.018056
