13 0.405258 0.382937 0.124669 0.068948
13 0.700066 0.393353 0.117063 0.063492
12 0.596396 0.419767 0.016865 0.021081
12 0.507275 0.412450 0.017857 0.029762
12 0.322421 0.408110 0.015873 0.029514
15 0.290013 0.376116 0.033730 0.036954
15 0.610946 0.387401 0.041336 0.035218
15 0.527612 0.386409 0.027447 0.034226
16 0.284888 0.195933 0.063823 0.052083
16 0.412698 0.198165 0.025132 0.028274
10 0.295139 0.056796 0.032738 0.042163
3 0.335483 0.252108 0.030093 0.068204
3 0.419478 0.256696 0.026786 0.070437
3 0.501819 0.259301 0.026786 0.067212
3 0.720569 0.271329 0.031085 0.069940
3 0.641204 0.268725 0.029101 0.068700
10 0.891369 0.101562 0.035384 0.040427
10 0.645007 0.082341 0.030093 0.041171
10 0.708168 0.216394 0.026124 0.026538
