10 0.042388 0.190888 0.044118 0.069781
10 0.170307 0.209054 0.040874 0.063437
10 0.296821 0.228950 0.034818 0.057670
9 0.886786 0.472174 0.021843 0.032007
9 0.765030 0.534025 0.017517 0.029988
1 0.939122 0.723472 0.038711 0.081892
15 0.969831 0.893743 0.018815 0.027393
12 0.944637 0.893310 0.014706 0.036909
15 0.842236 0.881344 0.016652 0.047001
15 0.762868 0.882065 0.020112 0.042676
15 0.413062 0.880911 0.015138 0.045559
15 0.314663 0.881632 0.023356 0.047578
10 0.029628 0.611880 0.022491 0.030565
1 0.128460 0.285179 0.070069 0.174164
1 0.273789 0.306949 0.054931 0.164072
3 0.488106 0.366349 0.040657 0.179642
2 0.533845 0.266292 0.065528 0.198097
3 0.614187 0.378460 0.051038 0.185409
2 0.664252 0.314302 0.071583 0.158016
3 0.737673 0.385381 0.056661 0.190600
2 0.788170 0.326413 0.078071 0.139562
5 0.874892 0.465830 0.089749 0.068339
9 0.931877 0.707180 0.020761 0.022780
9 0.939338 0.740629 0.019680 0.023933
9 0.745783 0.695358 0.017085 0.018743
9 0.749567 0.733131 0.017301 0.024510
1 0.750216 0.713956 0.028979 0.087082
1 0.486159 0.697664 0.022059 0.088524
1 0.427876 0.694060 0.020545 0.086505
1 0.319312 0.687860 0.025303 0.091407
1 0.256163 0.685698 0.024438 0.088812
9 0.211613 0.746972 0.022275 0.026817
9 0.272059 0.750000 0.018166 0.022491
9 0.330666 0.752451 0.019464 0.023933
9 0.254109 0.710352 0.021626 0.028547
9 0.318988 0.711794 0.020329 0.026817
9 0.321475 0.672866 0.019680 0.023356
9 0.427984 0.677480 0.016436 0.023356
9 0.426579 0.715830 0.017517 0.023356
9 0.486375 0.719002 0.016869 0.025087
9 0.486267 0.681517 0.017517 0.023933
9 0.759191 0.314302 0.034386 0.049596
9 0.645761 0.302768 0.035900 0.057093
9 0.532548 0.290513 0.037413 0.053345
9 0.702963 0.299164 0.031791 0.038351
9 0.271302 0.356113 0.043901 0.052480
9 0.278763 0.288783 0.038927 0.047578
9 0.138192 0.268887 0.047578 0.051038
9 0.125000 0.341119 0.048443 0.055363
9 0.040225 0.344579 0.040225 0.046136
9 0.072989 0.656863 0.021843 0.028835
13 0.480969 0.871828 0.092561 0.104095
6 0.709991 0.652682 0.076125 0.194637
6 0.629866 0.650952 0.072016 0.190023
6 0.548227 0.643454 0.062284 0.189446
