1 0.265625 0.464583 0.035417 0.146759
1 0.459201 0.474769 0.039236 0.142130
1 0.366840 0.471296 0.037153 0.140741
3 0.836111 0.124306 0.091667 0.247685
3 0.673611 0.115972 0.093750 0.231019
3 0.471701 0.101389 0.102431 0.201852
6 0.663021 0.480093 0.096181 0.281481
6 0.552083 0.477778 0.100000 0.291667
6 0.771007 0.487269 0.094792 0.278241
13 0.390451 0.734259 0.080903 0.152778
15 0.897396 0.738194 0.031597 0.067130
15 0.210069 0.741204 0.036111 0.080556
15 0.773438 0.745139 0.035764 0.053241
1 0.081424 0.451389 0.048264 0.152778
9 0.081424 0.425694 0.033681 0.043981
9 0.078993 0.490046 0.033681 0.043981
9 0.266667 0.439120 0.031250 0.040278
9 0.266667 0.502083 0.031250 0.040278
9 0.365278 0.446296 0.027778 0.037963
9 0.367014 0.507176 0.029167 0.041204
9 0.458333 0.451157 0.028472 0.038426
9 0.459201 0.510417 0.028819 0.039352
9 0.699826 0.521991 0.027431 0.038426
9 0.913368 0.479167 0.024653 0.036111
9 0.917014 0.534028 0.022917 0.033796
9 0.827778 0.182407 0.064583 0.076852
9 0.885590 0.153009 0.028819 0.037500
9 0.985417 0.113194 0.029167 0.044907
9 0.761806 0.104398 0.040972 0.067130
9 0.658507 0.160880 0.062847 0.078241
9 0.531944 0.104861 0.027778 0.042130
9 0.136632 0.038889 0.067014 0.076852
10 0.210417 0.025231 0.038194 0.048611
10 0.263542 0.762037 0.020833 0.028704
10 0.912500 0.395139 0.016667 0.027315
10 0.724479 0.352083 0.023264 0.031944
