11 0.702778 0.442361 0.014815 0.057639
11 0.678472 0.443924 0.014352 0.057986
11 0.654398 0.442361 0.015278 0.056250
11 0.599306 0.443056 0.014352 0.055556
11 0.575000 0.443403 0.013889 0.055556
11 0.550926 0.444965 0.012037 0.058681
11 0.497222 0.443750 0.014815 0.058333
11 0.472222 0.443576 0.013889 0.057292
11 0.448380 0.443924 0.015278 0.057292
11 0.260185 0.466146 0.019444 0.035069
11 0.235880 0.466146 0.020833 0.032986
11 0.211806 0.466146 0.021759 0.030903
11 0.146759 0.466667 0.021296 0.033333
11 0.124074 0.467361 0.021296 0.031944
11 0.099537 0.467882 0.022222 0.032986
11 0.033796 0.464583 0.024074 0.035417
11 0.011111 0.465278 0.021296 0.034722
14 0.743056 0.523264 0.099074 0.093750
14 0.031250 0.539757 0.058796 0.055208
6 0.186111 0.485069 0.023148 0.040278
6 0.517593 0.484201 0.021296 0.037847
6 0.546759 0.484201 0.022222 0.037153
13 0.375926 0.508854 0.050000 0.028819
13 0.890046 0.504340 0.053241 0.028125
16 0.978241 0.445139 0.020370 0.016667
1 0.929398 0.454861 0.013426 0.027778
1 0.896065 0.454514 0.013426 0.028472
1 0.863194 0.454688 0.013426 0.028819
1 0.769907 0.453993 0.011111 0.027431
1 0.735880 0.455035 0.010648 0.028125
1 0.510417 0.455035 0.011574 0.028125
1 0.375926 0.455035 0.011111 0.028125
1 0.339583 0.455208 0.010648 0.027778
1 0.053472 0.455208 0.012500 0.027778
11 0.155324 0.449826 0.018056 0.032292
1 0.037963 0.421528 0.017593 0.038194
3 0.169907 0.434896 0.016667 0.038542
2 0.190509 0.412847 0.018981 0.030556
5 0.288194 0.372222 0.064352 0.025000
5 0.447685 0.373611 0.050926 0.021528
9 0.927546 0.448437 0.009722 0.007292
9 0.927315 0.461632 0.009259 0.007292
9 0.894907 0.449132 0.011111 0.007292
9 0.894907 0.461632 0.011111 0.007292
9 0.861574 0.449132 0.010185 0.007292
9 0.862500 0.461632 0.011111 0.007292
9 0.769676 0.448785 0.009722 0.007292
9 0.770139 0.461458 0.009722 0.007639
9 0.606019 0.462153 0.010185 0.007639
9 0.510185 0.450000 0.010185 0.006944
9 0.375694 0.449479 0.010648 0.007292
9 0.375694 0.462326 0.009722 0.007986
9 0.339352 0.449479 0.010185 0.007292
9 0.339583 0.462500 0.010648 0.007639
9 0.054167 0.461979 0.011111 0.008681
9 0.053935 0.448785 0.010648 0.007986
9 0.039120 0.414583 0.015278 0.009722
9 0.039352 0.433160 0.013889 0.010069
9 0.271296 0.376563 0.011111 0.009375
9 0.294676 0.377431 0.009722 0.007639
9 0.429861 0.377604 0.010648 0.007986
9 0.448380 0.378646 0.010648 0.007292
15 0.656019 0.329340 0.043519 0.035069
15 0.560880 0.328299 0.037500 0.034375
15 0.463889 0.328299 0.038889 0.036458
15 0.250000 0.329861 0.040741 0.031250
15 0.145602 0.326562 0.044907 0.030903
15 0.043056 0.326215 0.050926 0.033681
10 0.013426 0.383681 0.025926 0.017361
10 0.125694 0.385069 0.024537 0.018056
10 0.237037 0.385764 0.023148 0.017361
10 0.470833 0.396528 0.023148 0.015972
10 0.572454 0.397396 0.021759 0.016319
10 0.673148 0.396181 0.022222 0.015278
10 0.760648 0.393576 0.012963 0.010069
10 0.877778 0.386285 0.011111 0.007292
10 0.859259 0.391667 0.011111 0.006944
10 0.843287 0.396528 0.009722 0.006250
10 0.894676 0.416146 0.008796 0.005903
10 0.909028 0.412326 0.008796 0.005903
10 0.924306 0.408333 0.009722 0.006250
10 0.966898 0.397743 0.010648 0.006597
10 0.986111 0.392708 0.011111 0.006250
10 0.856944 0.498090 0.008333 0.005903
12 0.845602 0.507465 0.010648 0.016319
12 0.693750 0.382465 0.020833 0.031597
12 0.508565 0.383854 0.021759 0.035764
12 0.413657 0.383507 0.019907 0.028819
12 0.062500 0.388715 0.017593 0.037153
12 0.072454 0.322222 0.008796 0.011806
12 0.096528 0.323264 0.008796 0.011806
12 0.210648 0.323785 0.007407 0.010764
12 0.269213 0.324306 0.007870 0.010417
12 0.498611 0.327778 0.006481 0.009722
12 0.532407 0.328472 0.006481 0.010417
12 0.608796 0.329514 0.007407 0.009722
10 0.759954 0.341667 0.008796 0.006250
8 0.785185 0.342187 0.010185 0.006597
8 0.751852 0.340972 0.009259 0.005556
8 0.594676 0.341667 0.009722 0.007639
8 0.503241 0.341319 0.010185 0.007639
8 0.275926 0.337326 0.010185 0.007986
8 0.204630 0.336806 0.010185 0.009028
8 0.060417 0.365972 0.008796 0.005556
15 0.051620 0.508507 0.013426 0.010764
15 0.290509 0.507292 0.009722 0.010417
10 0.267361 0.508681 0.007870 0.005556
10 0.593056 0.506597 0.008333 0.005556
12 0.670602 0.506076 0.008796 0.012153
