13 0.871065 0.595139 0.257870 0.187500
13 0.596759 0.640972 0.175000 0.131944
13 0.437963 0.663542 0.132407 0.100000
1 0.906481 0.232118 0.100926 0.167014
1 0.795833 0.291667 0.087963 0.148611
1 0.708333 0.337500 0.080556 0.134722
1 0.590972 0.398611 0.067130 0.114583
1 0.539120 0.427431 0.058796 0.106250
1 0.494213 0.450347 0.055093 0.100000
1 0.430556 0.483160 0.052778 0.088542
9 0.919444 0.204687 0.063889 0.048958
9 0.916435 0.278472 0.064352 0.049306
9 0.809954 0.265278 0.054167 0.046528
9 0.805324 0.331771 0.060648 0.042708
9 0.721759 0.312326 0.049074 0.039236
9 0.716667 0.373958 0.048148 0.038889
9 0.601852 0.376736 0.038889 0.032639
9 0.597917 0.428299 0.040278 0.033681
9 0.550463 0.405729 0.033333 0.028125
9 0.546065 0.455382 0.036574 0.030208
9 0.505556 0.430382 0.033333 0.030208
9 0.501157 0.475694 0.034722 0.027778
9 0.442361 0.464583 0.032870 0.025000
9 0.437731 0.506771 0.033796 0.025347
9 0.906019 0.416493 0.050926 0.040625
9 0.637731 0.507639 0.037500 0.031250
16 0.063194 0.479340 0.047685 0.056597
16 0.159491 0.487847 0.043981 0.049306
16 0.260880 0.496354 0.044907 0.049653
10 0.239120 0.052257 0.050463 0.039931
10 0.406481 0.081424 0.045370 0.037847
10 0.560880 0.110937 0.046759 0.035069
10 0.620602 0.335069 0.039352 0.043750
10 0.153472 0.235764 0.035648 0.032639
10 0.280787 0.255208 0.034722 0.029861
10 0.105093 0.341493 0.028704 0.026042
10 0.303241 0.366840 0.026852 0.022569
10 0.206019 0.354861 0.028704 0.022917
10 0.468056 0.426563 0.028704 0.030903
8 0.670833 0.065451 0.075000 0.032986
