13 0.486574 0.515625 0.201852 0.126389
3 0.970370 0.230382 0.059259 0.160764
3 0.778704 0.255729 0.064815 0.153125
3 0.531019 0.315799 0.053704 0.101736
3 0.426852 0.332465 0.050926 0.092708
3 0.337269 0.347049 0.050463 0.083681
2 0.369907 0.291319 0.088889 0.088889
2 0.467824 0.269965 0.085648 0.096875
2 0.584028 0.246354 0.091204 0.105903
2 0.860648 0.181076 0.082407 0.128125
9 0.971991 0.281250 0.056019 0.043750
9 0.873611 0.170486 0.052778 0.039583
9 0.830093 0.240972 0.049074 0.038889
9 0.783565 0.306771 0.051389 0.037153
9 0.661574 0.308854 0.035185 0.025347
9 0.608102 0.238194 0.042130 0.032639
9 0.575000 0.291840 0.039815 0.029514
9 0.555556 0.326215 0.031481 0.023958
9 0.540509 0.341840 0.035648 0.032292
9 0.492593 0.263368 0.037963 0.031597
9 0.465278 0.311632 0.035185 0.026042
9 0.460417 0.340625 0.030093 0.022917
9 0.433333 0.356424 0.034259 0.028819
9 0.396296 0.284722 0.035185 0.027083
9 0.371065 0.328819 0.033796 0.025000
9 0.344676 0.368924 0.032870 0.026736
16 0.577315 0.418576 0.046296 0.035764
16 0.520833 0.401215 0.048148 0.038542
12 0.171065 0.424826 0.072685 0.106597
12 0.096065 0.430903 0.063426 0.095139
10 0.057870 0.307639 0.068519 0.044444
12 0.574306 0.539757 0.006019 0.012847
11 0.493519 0.610590 0.005556 0.023264
11 0.487963 0.610590 0.005556 0.023264
11 0.484028 0.609722 0.008796 0.022222
11 0.442824 0.608854 0.007870 0.024653
14 0.259722 0.590972 0.294444 0.177083
8 0.556481 0.475521 0.021296 0.010069
8 0.490046 0.456597 0.019907 0.010417
8 0.508565 0.475347 0.019907 0.007639
8 0.374306 0.479687 0.015278 0.005903
8 0.246528 0.450174 0.015278 0.006597
8 0.293519 0.416319 0.023148 0.008333
8 0.216435 0.395660 0.021759 0.012153
8 0.204398 0.440625 0.017130 0.008333
8 0.209954 0.453993 0.018056 0.008681
8 0.159028 0.379340 0.023611 0.012847
