15 0.392361 0.095139 0.100463 0.125694
15 0.603009 0.114236 0.123611 0.122917
15 0.800000 0.136111 0.119444 0.122222
12 0.406944 0.192535 0.041667 0.099653
12 0.626157 0.203993 0.047685 0.097569
12 0.845833 0.225868 0.036111 0.091319
10 0.909259 0.348090 0.048148 0.035764
10 0.252778 0.309375 0.056481 0.039583
10 0.025926 0.294097 0.050926 0.037500
11 0.312500 0.430729 0.041667 0.062847
11 0.354398 0.432812 0.038426 0.062153
11 0.393519 0.437153 0.038889 0.061111
11 0.504398 0.442188 0.031944 0.057292
11 0.540972 0.443403 0.035648 0.054861
11 0.580787 0.445833 0.038426 0.056250
11 0.601157 0.369792 0.043056 0.075000
11 0.684028 0.445660 0.035648 0.059375
11 0.721065 0.448785 0.038426 0.062153
11 0.757870 0.449479 0.037963 0.057986
12 0.018056 0.154514 0.035185 0.100694
