13 0.596528 0.679514 0.427315 0.260417
1 0.448843 0.177257 0.107870 0.217014
1 0.667824 0.246181 0.110648 0.195139
1 0.855787 0.300000 0.116204 0.179167
9 0.436343 0.152257 0.081019 0.065625
9 0.439583 0.246007 0.083796 0.073958
9 0.652083 0.222569 0.076389 0.060417
9 0.660417 0.308854 0.079167 0.060069
9 0.835185 0.279861 0.071296 0.051389
9 0.845602 0.359722 0.071759 0.056250
9 0.321759 0.389757 0.073148 0.059375
9 0.528704 0.434722 0.063889 0.050694
9 0.705093 0.470486 0.065741 0.044444
15 0.356019 0.768576 0.054630 0.085069
12 0.652546 0.821181 0.032870 0.059722
