8 0.362475 0.155093 0.012649 0.017196
8 0.414062 0.166667 0.012649 0.017196
8 0.410094 0.172619 0.012649 0.017196
8 0.359003 0.161376 0.012649 0.017196
8 0.499380 0.188823 0.012649 0.017196
8 0.540551 0.204034 0.012649 0.017196
8 0.545759 0.197751 0.012649 0.017196
8 0.305432 0.150132 0.012649 0.017196
8 0.309400 0.142526 0.012649 0.017196
8 0.207217 0.116402 0.012649 0.017196
8 0.202505 0.123347 0.012649 0.017196
8 0.145461 0.098876 0.012649 0.017196
8 0.140997 0.102844 0.012649 0.017196
10 0.596106 0.238922 0.045883 0.062500
9 0.222098 0.459160 0.018601 0.026124
1 0.220858 0.477513 0.023562 0.088624
9 0.221602 0.499835 0.017113 0.026786
1 0.093254 0.463624 0.021825 0.101852
9 0.092634 0.445106 0.018105 0.024471
9 0.090898 0.487103 0.018601 0.026455
10 0.549479 0.263724 0.043403 0.053902
10 0.513145 0.285053 0.039683 0.056878
10 0.077753 0.207837 0.022073 0.034722
10 0.257564 0.235780 0.025050 0.035714
10 0.343130 0.254630 0.027034 0.034392
10 0.421627 0.271164 0.024306 0.030423
1 0.328249 0.487599 0.020585 0.087632
9 0.327257 0.471396 0.017609 0.022817
9 0.327505 0.511409 0.017609 0.022817
9 0.384053 0.479001 0.017609 0.022817
9 0.384053 0.516700 0.017609 0.022817
10 0.382937 0.493882 0.020337 0.081019
1 0.573041 0.386739 0.030010 0.116733
9 0.570561 0.416005 0.020585 0.035053
15 0.293279 0.481316 0.004712 0.007606
10 0.148562 0.396164 0.016369 0.020503
13 0.125000 0.645503 0.060020 0.103836
15 0.084077 0.639220 0.025298 0.048280
12 0.035714 0.683862 0.011905 0.031746
12 0.074405 0.686177 0.011905 0.031746
15 0.205977 0.643519 0.020089 0.044974
15 0.241319 0.651290 0.011409 0.018849
10 0.156498 0.101521 0.017361 0.021825
8 0.083333 0.085979 0.014385 0.018519
8 0.078621 0.092593 0.014385 0.018519
12 0.324653 0.107804 0.011905 0.023810
12 0.357763 0.115575 0.011657 0.021495
12 0.407490 0.128307 0.012897 0.023810
12 0.513641 0.155093 0.012897 0.023810
12 0.542163 0.162037 0.012897 0.023810
12 0.588542 0.174603 0.012897 0.023810
15 0.489087 0.296627 0.046131 0.061508
10 0.392237 0.391534 0.014137 0.019841
10 0.201637 0.362269 0.013393 0.014881
10 0.219494 0.350198 0.014385 0.017196
10 0.295263 0.294974 0.016617 0.019841
10 0.321553 0.279101 0.018105 0.021164
15 0.548859 0.309193 0.048611 0.076720
15 0.601811 0.320767 0.046379 0.078042
10 0.656994 0.345403 0.015873 0.020833
10 0.681424 0.322090 0.021081 0.026455
9 0.702629 0.438327 0.021329 0.030754
9 0.701885 0.388393 0.021329 0.030754
1 0.704985 0.412698 0.028026 0.111772
1 0.644717 0.400132 0.023562 0.113095
10 0.785838 0.340112 0.020585 0.025463
10 0.847470 0.349868 0.013393 0.023810
8 0.850322 0.268353 0.009177 0.013558
8 0.845362 0.274967 0.009177 0.013558
12 0.849454 0.237269 0.011409 0.019511
12 0.883929 0.245866 0.011905 0.018849
10 0.958333 0.111276 0.048115 0.057209
10 0.885665 0.089120 0.047619 0.062500
8 0.494916 0.193122 0.012649 0.017196
10 0.673859 0.530423 0.036706 0.044974
10 0.608011 0.546296 0.033482 0.039021
10 0.725570 0.516369 0.039435 0.046627
10 0.566840 0.551422 0.030506 0.038029
1 0.577009 0.509921 0.018601 0.066799
9 0.574777 0.500992 0.013145 0.020503
9 0.526538 0.495040 0.015377 0.022487
8 0.968502 0.301753 0.008929 0.012897
8 0.973462 0.297454 0.008929 0.012897
12 0.959325 0.264716 0.010417 0.016204
12 0.985615 0.270007 0.010417 0.016204
10 0.880208 0.482308 0.042659 0.054563
