13 0.819213 0.890451 0.361574 0.219097
1 0.169213 0.285764 0.124537 0.228472
1 0.674537 0.408333 0.112037 0.200000
1 0.904398 0.467014 0.126389 0.190972
9 0.176389 0.264757 0.094444 0.070486
9 0.158565 0.360938 0.098611 0.069097
9 0.660880 0.389931 0.079167 0.058333
9 0.668519 0.476910 0.084259 0.062153
9 0.880787 0.444097 0.080093 0.057639
9 0.896065 0.529340 0.081019 0.059375
9 0.961343 0.691146 0.067130 0.053125
9 0.766667 0.657292 0.066667 0.050694
9 0.556250 0.616146 0.069907 0.057292
10 0.266435 0.237153 0.057870 0.047222
