1 0.447917 0.483102 0.063194 0.182870
1 0.565278 0.375231 0.077778 0.210648
1 0.716493 0.234722 0.095486 0.256481
1 0.504861 0.434722 0.070833 0.191667
1 0.373437 0.550000 0.061458 0.158333
1 0.839410 0.135648 0.112153 0.270370
9 0.725868 0.304861 0.057292 0.077315
9 0.852604 0.078241 0.062847 0.090741
9 0.847917 0.203472 0.066667 0.090278
9 0.452431 0.530787 0.041667 0.052315
9 0.506597 0.486343 0.044444 0.057870
9 0.569965 0.429630 0.047569 0.061111
10 0.155729 0.328935 0.030208 0.043981
13 0.348611 0.884954 0.126389 0.187500
13 0.872569 0.757870 0.254861 0.358333
13 0.538715 0.836111 0.192014 0.250926
16 0.010764 0.525231 0.020833 0.098611
16 0.097396 0.550926 0.049653 0.088889
16 0.194271 0.577546 0.047569 0.086574
15 0.887674 0.956713 0.055903 0.061574
8 0.461285 0.109028 0.048958 0.043981
1 0.337674 0.584028 0.052431 0.151389
1 0.305903 0.613194 0.050000 0.144907
9 0.918403 0.409028 0.062500 0.081944
9 0.728993 0.192361 0.057292 0.077315
9 0.576910 0.339815 0.047569 0.061111
9 0.513021 0.401852 0.036458 0.056481
9 0.459028 0.451852 0.038194 0.050926
9 0.384896 0.521991 0.034375 0.045833
9 0.378125 0.592361 0.036111 0.047685
10 0.408854 0.474537 0.032292 0.043519
10 0.584549 0.299537 0.042014 0.060185
10 0.811111 0.350926 0.032639 0.043519
9 0.584549 0.601389 0.039236 0.052778
10 0.056944 0.298380 0.032639 0.043056
10 0.250694 0.360417 0.030556 0.041204
10 0.117882 0.084028 0.039931 0.048611
10 0.243750 0.133102 0.037500 0.043981
10 0.362326 0.176852 0.039236 0.048148
10 0.447569 0.047917 0.029167 0.043056
9 0.646875 0.563426 0.039583 0.056481
