15 0.304563 0.206969 0.115079 0.093006
15 0.171296 0.185144 0.115079 0.093006
15 0.046627 0.146701 0.092593 0.106895
11 0.399636 0.369296 0.028770 0.094742
11 0.373181 0.364583 0.028770 0.094742
11 0.347388 0.359127 0.028770 0.094742
11 0.279927 0.353919 0.028770 0.094742
11 0.253803 0.349454 0.028770 0.094742
11 0.219411 0.345238 0.028770 0.094742
11 0.139220 0.335938 0.028439 0.106399
11 0.097884 0.329489 0.028439 0.106399
11 0.058201 0.321057 0.028439 0.106399
14 0.196925 0.491443 0.147817 0.116319
1 0.295800 0.415923 0.017526 0.033730
1 0.267361 0.412450 0.017526 0.033730
1 0.182209 0.405506 0.014550 0.027282
