10 0.208261 0.770617 0.016003 0.017013
10 0.171064 0.780854 0.015138 0.013841
10 0.135272 0.791234 0.013192 0.015571
9 0.162197 0.846165 0.020329 0.025087
9 0.151925 0.891003 0.018815 0.024221
1 0.161332 0.862889 0.037630 0.090830
9 0.107807 0.869233 0.014922 0.022203
9 0.210640 0.876586 0.017734 0.026528
9 0.199611 0.919118 0.019031 0.027393
1 0.210748 0.894319 0.042171 0.088524
10 0.260597 0.874712 0.011246 0.017013
9 0.479888 0.819637 0.023789 0.041234
9 0.471670 0.897636 0.031574 0.043829
10 0.577855 0.905421 0.012111 0.013264
10 0.256488 0.564302 0.021626 0.031719
9 0.599805 0.845156 0.022708 0.028835
9 0.566393 0.801471 0.025952 0.033160
9 0.600022 0.791090 0.022275 0.030277
9 0.565095 0.747261 0.023356 0.029700
1 0.595588 0.813005 0.037630 0.094867
1 0.563473 0.777537 0.034386 0.101788
10 0.630190 0.708766 0.023789 0.032295
10 0.601427 0.659602 0.021626 0.033160
10 0.573638 0.604527 0.014922 0.026817
9 0.044118 0.315456 0.029412 0.038639
5 0.034170 0.268454 0.067907 0.135525
9 0.521302 0.627884 0.028763 0.051038
4 0.585316 0.552336 0.087154 0.101211
5 0.533521 0.589965 0.053201 0.133795
4 0.526168 0.466263 0.088668 0.123991
9 0.455774 0.530565 0.030926 0.051903
3 0.470372 0.497405 0.069204 0.138985
9 0.426903 0.314302 0.033304 0.054210
9 0.358240 0.397780 0.037846 0.061419
2 0.464317 0.325836 0.108131 0.141869
3 0.384299 0.369377 0.089965 0.155133
10 0.365376 0.258218 0.036548 0.043541
9 0.291306 0.374279 0.029412 0.052480
9 0.275519 0.445502 0.033304 0.054787
1 0.266112 0.420271 0.093209 0.161188
9 0.367971 0.553489 0.028330 0.048731
9 0.375108 0.490196 0.024005 0.042099
1 0.354671 0.530277 0.072664 0.151672
9 0.437608 0.637687 0.026600 0.042964
1 0.429823 0.605248 0.057742 0.130334
9 0.444637 0.578576 0.025519 0.032584
6 0.323529 0.727941 0.129758 0.275375
6 0.384948 0.780998 0.093426 0.252884
6 0.446367 0.824971 0.092561 0.220300
10 0.926687 0.902249 0.015138 0.016148
10 0.929066 0.918973 0.015138 0.016148
10 0.983997 0.895905 0.015138 0.016148
10 0.987889 0.910611 0.015138 0.016148
