14 0.546759 0.519965 0.147222 0.164236
14 0.299074 0.578819 0.308333 0.210417
6 0.172454 0.374653 0.102315 0.135417
6 0.087037 0.357292 0.101852 0.144444
1 0.155556 0.126389 0.093519 0.156944
1 0.271296 0.183854 0.078704 0.135069
7 0.415741 0.259722 0.073148 0.111806
7 0.468056 0.289410 0.054630 0.101042
7 0.521759 0.314063 0.068519 0.092708
0 0.593519 0.339062 0.074074 0.062153
0 0.625231 0.353819 0.072685 0.059722
0 0.651620 0.366493 0.066204 0.054514
1 0.459491 0.430556 0.040278 0.069444
9 0.134954 0.103125 0.047685 0.040972
9 0.137731 0.164236 0.047685 0.040972
9 0.253472 0.163542 0.040278 0.032639
9 0.253704 0.216667 0.038889 0.032639
9 0.396065 0.236111 0.031019 0.027083
9 0.395139 0.280556 0.027315 0.027778
9 0.454861 0.307639 0.024537 0.023611
9 0.455093 0.266667 0.027778 0.023611
9 0.503704 0.293403 0.025926 0.022917
9 0.503935 0.330208 0.023611 0.022917
9 0.571991 0.328125 0.022685 0.019444
9 0.571991 0.360069 0.021759 0.018750
9 0.602546 0.343924 0.020833 0.017708
9 0.603472 0.373611 0.022685 0.018056
9 0.628704 0.357292 0.019444 0.016667
9 0.630556 0.385069 0.019444 0.016667
9 0.465046 0.412500 0.025463 0.019444
9 0.465046 0.445486 0.024537 0.018750
10 0.079861 0.028993 0.050463 0.035069
10 0.200463 0.096701 0.040741 0.029514
10 0.346296 0.179688 0.033333 0.024653
10 0.408333 0.215104 0.029630 0.021181
10 0.460648 0.243924 0.025926 0.019097
10 0.565509 0.304167 0.021759 0.014583
10 0.594444 0.320139 0.019444 0.013194
10 0.961343 0.293229 0.018981 0.012847
10 0.949537 0.225347 0.025000 0.015278
10 0.928472 0.104514 0.033796 0.020139
15 0.241204 0.407465 0.034259 0.027431
