10 0.951881 0.060409 0.032223 0.029700
9 0.239836 0.621684 0.025519 0.052480
9 0.251081 0.538783 0.025087 0.049885
1 0.243404 0.581459 0.036981 0.154268
9 0.152898 0.345156 0.045848 0.039216
9 0.225346 0.253028 0.047578 0.055075
9 0.231834 0.180363 0.043253 0.056805
10 0.214749 0.120098 0.041522 0.043541
7 0.245891 0.191753 0.099048 0.181084
9 0.071042 0.048875 0.056877 0.078720
9 0.049849 0.127307 0.060337 0.073529
7 0.065636 0.100779 0.097967 0.200980
10 0.399330 0.279844 0.033088 0.040657
10 0.473183 0.346021 0.025952 0.035179
9 0.432526 0.342128 0.036765 0.045271
9 0.433715 0.407584 0.032656 0.047578
0 0.458586 0.364043 0.092344 0.153691
9 0.512435 0.405277 0.033088 0.041811
9 0.515463 0.466119 0.027033 0.041234
10 0.536548 0.399077 0.022059 0.032872
0 0.538062 0.421713 0.084343 0.133506
9 0.576449 0.456315 0.027033 0.037197
9 0.580990 0.512255 0.027465 0.036044
0 0.602941 0.473472 0.083478 0.123991
15 0.213235 0.668253 0.033737 0.047001
15 0.169334 0.651240 0.039360 0.044118
