1 0.833681 0.762269 0.102778 0.243056
1 0.929861 0.645602 0.120833 0.255093
1 0.711632 0.906019 0.085764 0.187963
5 0.351389 0.346759 0.081250 0.334259
5 0.495833 0.375926 0.097222 0.345370
5 0.634549 0.401852 0.103819 0.306481
5 0.386285 0.716435 0.070486 0.227315
5 0.493056 0.722917 0.083333 0.220833
5 0.270486 0.701620 0.070833 0.228241
8 0.565104 0.671065 0.028819 0.032870
8 0.461111 0.889583 0.027778 0.030093
9 0.282639 0.687731 0.036111 0.042130
9 0.395139 0.696991 0.036111 0.042130
9 0.501736 0.704861 0.036111 0.042130
9 0.652604 0.355787 0.046181 0.050463
9 0.661111 0.940278 0.040972 0.055556
9 0.717014 0.874537 0.040972 0.055556
9 0.727083 0.963426 0.040972 0.055556
9 0.853646 0.810648 0.060069 0.076852
9 0.839931 0.710417 0.052778 0.068981
9 0.935764 0.590509 0.057639 0.081019
9 0.954688 0.702315 0.060764 0.087963
8 0.857465 0.068981 0.057292 0.062963
10 0.738021 0.789583 0.031597 0.031019
10 0.946007 0.501389 0.037847 0.038889
