14 0.579167 0.479340 0.841667 0.888542
12 0.055787 0.501389 0.037500 0.072222
1 0.268750 0.267361 0.068056 0.119444
1 0.064352 0.232639 0.066667 0.125694
11 0.025000 0.544965 0.023148 0.109375
9 0.059259 0.263715 0.054630 0.037153
9 0.060185 0.205729 0.054630 0.037153
9 0.268981 0.244097 0.049074 0.031944
9 0.266667 0.296701 0.050000 0.033681
10 0.228935 0.163542 0.038426 0.027083
10 0.303935 0.152604 0.034722 0.023264
10 0.388426 0.135417 0.034259 0.026389
10 0.842824 0.056250 0.046759 0.034722
