1 0.047569 0.354398 0.031944 0.104167
1 0.121181 0.372917 0.031250 0.094907
1 0.281250 0.418981 0.027083 0.081481
1 0.328993 0.430093 0.023264 0.075000
1 0.229167 0.403472 0.027778 0.085648
1 0.432292 0.459491 0.022222 0.068981
8 0.389236 0.207407 0.025000 0.027778
10 0.725521 0.272454 0.021875 0.042130
10 0.636285 0.187963 0.025347 0.047222
10 0.751215 0.294907 0.021181 0.041667
10 0.287847 0.135417 0.023611 0.050463
10 0.036111 0.276852 0.027083 0.042593
10 0.264757 0.355324 0.017708 0.033796
13 0.263715 0.568519 0.094097 0.094444
13 0.415972 0.587269 0.069444 0.075463
14 0.854167 0.673380 0.184722 0.300463
15 0.374132 0.589352 0.019097 0.037037
15 0.123785 0.573380 0.027431 0.049537
14 0.982986 0.637731 0.034028 0.135648
13 0.513194 0.594444 0.042361 0.063889
13 0.041146 0.552315 0.081597 0.112963
6 0.912153 0.570602 0.018056 0.062500
15 0.492708 0.597917 0.013194 0.031944
15 0.215278 0.581481 0.022222 0.045370
8 0.098785 0.028472 0.026736 0.045833
8 0.196875 0.087037 0.029861 0.034259
8 0.243403 0.114583 0.027778 0.028241
8 0.363194 0.184028 0.014583 0.028241
8 0.490972 0.268287 0.025000 0.021759
8 0.513889 0.283565 0.020833 0.019907
12 0.104861 0.612269 0.013889 0.031019
2 0.853819 0.391667 0.055556 0.078704
1 0.811806 0.387037 0.036806 0.091667
1 0.766840 0.349537 0.039931 0.098148
1 0.746528 0.457639 0.040972 0.103241
1 0.745486 0.546065 0.015278 0.038426
1 0.592535 0.504167 0.019097 0.051852
1 0.510069 0.481944 0.019444 0.060185
1 0.463542 0.467824 0.022222 0.063426
1 0.399132 0.450000 0.022569 0.071296
3 0.842361 0.436574 0.031250 0.072222
9 0.047396 0.334722 0.026042 0.032407
9 0.046007 0.380556 0.026042 0.032407
9 0.122743 0.355787 0.023264 0.031019
9 0.121007 0.397454 0.023264 0.031019
9 0.230035 0.387037 0.021181 0.025926
9 0.228993 0.425000 0.021181 0.025926
9 0.281076 0.403009 0.019097 0.023611
9 0.280382 0.438194 0.019097 0.023611
9 0.327431 0.415972 0.018056 0.023611
9 0.327083 0.449306 0.018056 0.023611
9 0.397396 0.436111 0.017014 0.021296
9 0.396701 0.466204 0.017014 0.021296
9 0.430903 0.446296 0.015278 0.019444
9 0.430903 0.475926 0.015278 0.019444
9 0.461111 0.456481 0.015278 0.019444
9 0.461806 0.483796 0.015278 0.019444
9 0.508681 0.469444 0.015278 0.019444
9 0.509028 0.496296 0.015278 0.019444
9 0.590799 0.493750 0.012153 0.015278
9 0.590799 0.515972 0.012153 0.015278
9 0.607986 0.520370 0.011111 0.013889
9 0.739583 0.569213 0.009722 0.011574
9 0.744618 0.554861 0.010764 0.012500
9 0.743924 0.538657 0.010764 0.012500
9 0.745313 0.484028 0.027431 0.033796
9 0.741667 0.436111 0.025694 0.030556
9 0.803819 0.407870 0.021528 0.025926
9 0.784896 0.390509 0.023264 0.026389
9 0.761806 0.374306 0.026389 0.029167
9 0.760590 0.330093 0.026042 0.028704
9 0.781076 0.352083 0.023958 0.029167
9 0.802778 0.369676 0.021528 0.027315
9 0.838194 0.380556 0.018750 0.023148
9 0.835764 0.412963 0.018750 0.023148
9 0.836458 0.445139 0.018056 0.023611
9 0.918924 0.456019 0.012847 0.016667
9 0.919618 0.479167 0.014931 0.018519
9 0.918924 0.504630 0.014931 0.018519
9 0.667535 0.418056 0.009375 0.016667
9 0.659201 0.411574 0.009375 0.016667
9 0.626563 0.370139 0.012153 0.022685
9 0.614931 0.366435 0.011806 0.019907
9 0.593750 0.378704 0.011111 0.020370
9 0.581076 0.375231 0.009375 0.020833
10 0.902431 0.437963 0.013889 0.026852
10 0.911285 0.445139 0.011458 0.022685
9 0.852778 0.392824 0.017361 0.021759
10 0.821701 0.358565 0.018403 0.036574
10 0.805556 0.343519 0.017361 0.037963
10 0.772743 0.316204 0.019792 0.039815
10 0.672743 0.222222 0.026736 0.045370
10 0.593056 0.145370 0.027083 0.052778
10 0.834896 0.491898 0.008681 0.015278
10 0.739410 0.518287 0.008681 0.016204
10 0.751042 0.465509 0.009722 0.016204
10 0.582986 0.321991 0.017361 0.026389
10 0.508854 0.343056 0.017708 0.029630
10 0.520833 0.408565 0.012500 0.022685
10 0.430729 0.370370 0.014931 0.026852
10 0.402778 0.379861 0.013889 0.026389
10 0.375694 0.389352 0.014583 0.024074
10 0.471007 0.248843 0.020486 0.038426
10 0.424826 0.265972 0.019792 0.033796
10 0.390451 0.281481 0.018403 0.033333
10 0.306250 0.320370 0.017361 0.029630
10 0.277431 0.333333 0.015972 0.029630
10 0.249479 0.345833 0.015625 0.026852
