6 0.096528 0.563889 0.111574 0.159722
6 0.026620 0.567014 0.052315 0.150694
2 0.169676 0.273785 0.107870 0.144097
3 0.099306 0.355903 0.081944 0.156250
1 0.929398 0.524479 0.039352 0.089236
1 0.813194 0.523438 0.041204 0.085764
1 0.159259 0.539236 0.046296 0.080556
9 0.193519 0.257986 0.057407 0.043056
9 0.164583 0.523958 0.031019 0.026389
9 0.813889 0.510764 0.035185 0.027083
9 0.813426 0.547743 0.038889 0.026736
9 0.928935 0.507812 0.035648 0.029514
9 0.928935 0.546354 0.036574 0.029514
15 0.928472 0.691840 0.040278 0.050347
10 0.859028 0.173090 0.056019 0.062153
10 0.668519 0.184896 0.054630 0.062153
10 0.492824 0.199306 0.052315 0.061111
8 0.916667 0.210764 0.028704 0.043056
8 0.818750 0.218056 0.027315 0.036806
8 0.725231 0.224132 0.031019 0.036458
8 0.563657 0.236111 0.031944 0.036111
8 0.387963 0.248438 0.038889 0.037847
8 0.109491 0.456076 0.032870 0.030208
14 0.589352 0.728472 0.530556 0.509722
