9 0.936839 0.295635 0.045635 0.034226
9 0.939980 0.245288 0.046627 0.034226
9 0.731978 0.314732 0.038690 0.029762
9 0.738261 0.270213 0.045304 0.028522
9 0.631118 0.326761 0.044643 0.026042
9 0.632275 0.282366 0.038360 0.030506
9 0.543155 0.292411 0.038690 0.027778
9 0.535218 0.336558 0.041997 0.027282
9 0.130952 0.375992 0.031085 0.022817
9 0.133763 0.341022 0.038690 0.024306
9 0.246693 0.327381 0.041005 0.023313
9 0.246362 0.365079 0.039683 0.025298
9 0.319444 0.358259 0.044312 0.025546
9 0.316634 0.318328 0.040675 0.028522
9 0.397487 0.311632 0.037037 0.024058
9 0.392361 0.350198 0.040013 0.027778
1 0.131779 0.356151 0.054563 0.083829
1 0.246032 0.341518 0.051587 0.088790
1 0.318948 0.337178 0.061177 0.089038
1 0.394015 0.326141 0.053902 0.093254
1 0.537368 0.314732 0.048942 0.101687
1 0.632440 0.299231 0.051257 0.099950
1 0.735780 0.289683 0.056217 0.109127
1 0.936673 0.267237 0.057209 0.115823
15 0.774306 0.492436 0.047950 0.052827
15 0.950562 0.487475 0.051257 0.059772
15 0.265046 0.502852 0.032738 0.037946
15 0.173115 0.510169 0.030093 0.035714
13 0.115245 0.499628 0.105489 0.068204
13 0.345734 0.490823 0.148479 0.081845
13 0.655754 0.481027 0.181217 0.093998
10 0.332837 0.087674 0.040675 0.049851
10 0.416005 0.111607 0.039683 0.043155
10 0.591270 0.167907 0.033730 0.041171
10 0.391534 0.228299 0.029762 0.036458
10 0.323247 0.213666 0.028770 0.036458
10 0.110450 0.250620 0.028439 0.039435
