1 0.062500 0.600174 0.124074 0.235764
1 0.393981 0.622222 0.105556 0.223611
1 0.938889 0.662674 0.122222 0.217708
5 0.719907 0.121181 0.560185 0.241667
9 0.903704 0.032986 0.092593 0.065278
9 0.805324 0.211979 0.078241 0.053819
9 0.540972 0.182292 0.075463 0.061806
9 0.071065 0.574479 0.093981 0.068403
9 0.048611 0.673785 0.096296 0.074653
9 0.396991 0.600521 0.090278 0.064931
9 0.394907 0.693229 0.091667 0.070486
9 0.925000 0.642361 0.088889 0.063889
9 0.954861 0.732639 0.090278 0.068056
8 0.839352 0.279167 0.092593 0.090972
