1 0.392535 0.253472 0.079514 0.284722
1 0.553819 0.390509 0.036806 0.139352
1 0.837674 0.390509 0.042014 0.150463
1 0.732639 0.387731 0.041667 0.147685
1 0.950174 0.392361 0.042014 0.152315
14 0.673958 0.678241 0.652083 0.643519
12 0.321701 0.701852 0.014236 0.055556
1 0.049826 0.386806 0.038542 0.131019
1 0.135590 0.385880 0.040625 0.130093
9 0.397222 0.208333 0.061111 0.082407
9 0.392361 0.334722 0.061111 0.082407
9 0.055382 0.362037 0.026736 0.036111
9 0.139410 0.362500 0.028819 0.037037
9 0.134201 0.418056 0.028819 0.037037
9 0.467014 0.366667 0.025000 0.038889
9 0.556424 0.365046 0.028819 0.037500
9 0.553299 0.425231 0.028819 0.037500
9 0.732465 0.367361 0.032986 0.042130
9 0.729688 0.429861 0.032986 0.042130
9 0.837674 0.430787 0.032986 0.042130
9 0.838715 0.365046 0.032986 0.042130
9 0.949479 0.366435 0.032986 0.042130
9 0.948785 0.431713 0.032986 0.042130
10 0.481597 0.295833 0.026389 0.040741
10 0.167361 0.298380 0.027083 0.038426
10 0.128472 0.242824 0.024306 0.034722
10 0.088715 0.211111 0.024653 0.037037
