13 0.650347 0.598380 0.189583 0.220833
13 0.424653 0.630556 0.136806 0.162963
13 0.283160 0.649074 0.098958 0.133333
13 0.186458 0.662500 0.076389 0.108333
13 0.117535 0.671065 0.068403 0.096759
13 0.063194 0.677315 0.053472 0.086111
3 0.948264 0.103935 0.082639 0.206944
3 0.819271 0.133796 0.087153 0.249074
3 0.645660 0.228472 0.077431 0.206019
3 0.568576 0.268750 0.069097 0.190278
3 0.505035 0.300463 0.062153 0.176852
3 0.268576 0.428009 0.048264 0.125463
2 0.668924 0.113194 0.118403 0.201389
2 0.586806 0.163657 0.108333 0.186574
2 0.519618 0.207870 0.106597 0.173148
2 0.274132 0.360880 0.081597 0.118056
1 0.431597 0.316435 0.053472 0.154167
1 0.385590 0.341204 0.050347 0.147222
1 0.344792 0.364815 0.048611 0.137963
1 0.739931 0.538889 0.036806 0.105556
9 0.706076 0.645370 0.017708 0.024074
9 0.747049 0.563426 0.017014 0.025000
9 0.748437 0.519444 0.016319 0.024074
9 0.957118 0.148148 0.051736 0.071296
9 0.861458 0.089815 0.048611 0.059259
9 0.829340 0.209491 0.044792 0.063426
9 0.705035 0.080787 0.039236 0.057870
9 0.682986 0.187731 0.035417 0.050463
9 0.654687 0.287963 0.038542 0.053704
9 0.723785 0.227546 0.033681 0.045833
9 0.621354 0.134722 0.036458 0.054630
9 0.602431 0.233333 0.037500 0.048148
9 0.579688 0.324306 0.035069 0.049537
9 0.552604 0.179861 0.032986 0.047685
9 0.514410 0.354398 0.033681 0.046759
9 0.536979 0.271296 0.028125 0.043519
9 0.443576 0.288657 0.028125 0.042130
9 0.436285 0.358565 0.030208 0.042130
9 0.396528 0.314815 0.027083 0.038889
9 0.391667 0.381481 0.027083 0.038889
9 0.350174 0.401389 0.026042 0.037963
9 0.355556 0.339120 0.025694 0.037500
9 0.298785 0.341204 0.023958 0.035185
9 0.291319 0.403472 0.021528 0.033796
9 0.274826 0.462731 0.024653 0.034722
9 0.267188 0.360417 0.023958 0.032870
9 0.176389 0.506481 0.020833 0.029630
9 0.189236 0.456713 0.016667 0.029167
9 0.172917 0.418056 0.020139 0.027778
9 0.104688 0.538426 0.017708 0.025000
9 0.055208 0.560648 0.014583 0.021296
9 0.114931 0.494444 0.015278 0.026852
16 0.188889 0.557176 0.019444 0.042130
10 0.870313 0.435417 0.020486 0.027315
10 0.706597 0.476389 0.017361 0.021296
10 0.636806 0.493750 0.016667 0.019907
10 0.670833 0.485880 0.015972 0.019907
11 0.559028 0.791435 0.005556 0.040278
11 0.555035 0.792130 0.004514 0.040741
11 0.552431 0.792361 0.004861 0.042130
5 0.485069 0.124769 0.086806 0.110648
9 0.775521 0.043981 0.030903 0.037037
9 0.745139 0.062731 0.029861 0.043056
9 0.656597 0.024306 0.030556 0.041204
9 0.589236 0.159491 0.024306 0.032870
9 0.511111 0.129630 0.023611 0.032407
9 0.490278 0.146296 0.024306 0.030556
10 0.273090 0.099537 0.026042 0.031481
10 0.176736 0.066898 0.029861 0.032870
10 0.073438 0.031250 0.030208 0.035648
10 0.168403 0.142130 0.017361 0.019444
10 0.007639 0.157870 0.014583 0.031481
10 0.090104 0.181481 0.023264 0.026852
10 0.172049 0.206019 0.023264 0.027778
10 0.098611 0.283796 0.019444 0.023148
10 0.025694 0.265741 0.021528 0.024074
10 0.044097 0.341898 0.018056 0.020833
10 0.005208 0.386574 0.009722 0.018519
8 0.119271 0.138426 0.019792 0.021296
