1 0.433824 0.309400 0.073097 0.227797
0 0.470696 0.189014 0.120026 0.229815
0 0.261786 0.324539 0.089749 0.166378
0 0.379866 0.241494 0.089749 0.166378
1 0.328612 0.390571 0.061635 0.154844
1 0.428958 0.311851 0.061635 0.154844
1 0.236592 0.465398 0.057526 0.128604
1 0.126081 0.554498 0.057526 0.128604
13 0.419010 0.708622 0.244593 0.250577
13 0.113322 0.814591 0.132353 0.152826
7 0.774438 0.705450 0.043253 0.114475
7 0.847318 0.684977 0.043253 0.114475
3 0.604022 0.755767 0.035900 0.092272
3 0.547578 0.766724 0.035900 0.092272
10 0.771518 0.631632 0.042604 0.056805
10 0.847643 0.608276 0.042604 0.056805
10 0.570285 0.701125 0.033737 0.042388
