14 0.465278 0.479167 0.346296 0.403472
0 0.529630 0.068750 0.175926 0.136806
0 0.597454 0.085417 0.164352 0.163889
0 0.653935 0.119792 0.151389 0.155556
9 0.321759 0.019965 0.062037 0.039236
9 0.478472 0.089063 0.056019 0.046875
9 0.471296 0.018056 0.055556 0.035417
9 0.539120 0.052257 0.047685 0.041319
9 0.546991 0.125174 0.053241 0.042014
9 0.599537 0.088715 0.042593 0.041319
9 0.607639 0.155903 0.046759 0.040278
9 0.108102 0.040799 0.065278 0.049653
9 0.221296 0.224306 0.059259 0.048611
9 0.225926 0.306771 0.060185 0.046875
1 0.210185 0.269444 0.092593 0.173611
