6 0.896759 0.339757 0.121296 0.186458
6 0.779167 0.358507 0.112963 0.166319
14 0.553704 0.560764 0.259259 0.237500
1 0.650231 0.090972 0.088426 0.171528
1 0.439815 0.189062 0.066667 0.126736
1 0.350926 0.229514 0.062963 0.113889
1 0.277546 0.257812 0.059722 0.103819
0 0.490972 0.324479 0.146759 0.142014
9 0.851157 0.074132 0.065278 0.053125
9 0.668519 0.075868 0.052778 0.045486
9 0.665509 0.143229 0.055093 0.044792
9 0.452546 0.171007 0.042130 0.036458
9 0.449769 0.226389 0.042130 0.035417
9 0.363194 0.210417 0.034722 0.030556
9 0.359491 0.260590 0.037500 0.032292
9 0.289815 0.242535 0.035185 0.028125
9 0.285880 0.287500 0.032870 0.028472
9 0.538889 0.300174 0.046296 0.038542
9 0.532176 0.364063 0.047685 0.037153
10 0.343981 0.189757 0.034259 0.025347
10 0.420139 0.152951 0.037500 0.026042
10 0.510417 0.109722 0.042130 0.033333
10 0.723843 0.013021 0.053241 0.025347
12 0.330556 0.479687 0.007407 0.012847
11 0.301389 0.556597 0.008333 0.022917
11 0.293750 0.558160 0.006944 0.024653
