13 0.456076 0.732407 0.278125 0.288889
13 0.066146 0.771991 0.131597 0.209722
12 0.067882 0.925694 0.021875 0.057870
12 0.043403 0.924074 0.018750 0.052778
1 0.594271 0.132639 0.087847 0.264352
1 0.437500 0.199306 0.085417 0.244907
1 0.306771 0.252778 0.086458 0.225000
1 0.116493 0.332407 0.083681 0.203704
1 0.035937 0.373843 0.071181 0.194907
9 0.447743 0.453704 0.052431 0.066667
9 0.580035 0.419907 0.052431 0.066667
9 0.734375 0.373611 0.063889 0.085185
9 0.963715 0.074074 0.072569 0.111111
9 0.594792 0.212500 0.065972 0.087037
9 0.603646 0.097685 0.064236 0.084259
9 0.440799 0.277546 0.064931 0.079167
9 0.448264 0.167361 0.060417 0.078241
9 0.322396 0.225000 0.051736 0.068519
9 0.310590 0.323843 0.056597 0.068056
9 0.119618 0.393981 0.046875 0.061111
9 0.134722 0.308102 0.044444 0.060648
9 0.038194 0.427315 0.045139 0.057407
9 0.051389 0.343519 0.041667 0.056481
10 0.144792 0.881713 0.020833 0.030093
10 0.148958 0.243287 0.034028 0.043056
10 0.448090 0.098380 0.035069 0.040278
