13 0.533102 0.897049 0.381944 0.205903
1 0.709722 0.463715 0.100926 0.192014
1 0.504398 0.509028 0.099537 0.173611
1 0.329630 0.544271 0.104630 0.160069
1 0.084722 0.591667 0.112963 0.143750
9 0.722685 0.440972 0.074074 0.054861
9 0.715278 0.524653 0.073148 0.059722
9 0.519444 0.485938 0.065741 0.049653
9 0.508796 0.561806 0.065741 0.052778
9 0.352546 0.522049 0.059722 0.045486
9 0.335185 0.592535 0.060185 0.047569
9 0.112500 0.572743 0.054630 0.039931
9 0.088194 0.635938 0.058796 0.041319
9 0.903704 0.638889 0.067593 0.052778
9 0.688657 0.663021 0.067130 0.052431
9 0.512269 0.684028 0.058796 0.043750
9 0.139352 0.731250 0.050000 0.036806
9 0.033102 0.745833 0.047685 0.035417
8 0.589352 0.106076 0.071296 0.084375
9 0.711343 0.022917 0.071759 0.045139
10 0.113426 0.517535 0.038889 0.039931
8 0.757870 0.662674 0.025000 0.014236
8 0.792361 0.678646 0.027315 0.013542
8 0.745602 0.757639 0.027315 0.014583
8 0.854861 0.792188 0.024537 0.014236
