8 0.219246 0.146329 0.016865 0.030754
8 0.273562 0.145337 0.016865 0.021495
8 0.322669 0.152282 0.016369 0.031415
8 0.410466 0.155754 0.014385 0.027778
8 0.512153 0.161706 0.015377 0.029762
8 0.605903 0.168651 0.015377 0.031085
8 0.657490 0.171131 0.015377 0.030754
8 0.705729 0.171792 0.021577 0.028108
8 0.799107 0.175430 0.018353 0.029431
8 0.848958 0.177414 0.024802 0.026124
8 0.903398 0.179233 0.024554 0.026455
12 0.899926 0.138558 0.012649 0.023810
12 0.847966 0.137070 0.012897 0.026124
12 0.813492 0.135747 0.014881 0.022817
12 0.699653 0.130622 0.013393 0.021825
12 0.650298 0.130126 0.013889 0.024802
12 0.618304 0.127149 0.013393 0.025463
10 0.307664 0.178571 0.037946 0.074074
10 0.232639 0.178406 0.042659 0.069114
10 0.046503 0.348545 0.056300 0.068122
9 0.301215 0.308366 0.083581 0.067791
1 0.298983 0.323578 0.145089 0.168981
15 0.497892 0.600694 0.020089 0.040675
15 0.605903 0.604332 0.018353 0.039352
15 0.770957 0.614914 0.015625 0.040013
15 0.839286 0.616567 0.017857 0.043320
6 0.899430 0.561012 0.037946 0.112103
6 0.948165 0.563657 0.035218 0.112765
3 0.945188 0.421462 0.025794 0.116733
3 0.868180 0.416501 0.022569 0.111442
2 0.899678 0.358796 0.039435 0.106481
2 0.977183 0.363426 0.038194 0.104497
10 0.951513 0.312004 0.022569 0.026786
10 0.876984 0.306548 0.019841 0.026455
10 0.775546 0.281250 0.017857 0.022156
10 0.748760 0.300595 0.020337 0.027778
10 0.673363 0.299272 0.021825 0.029762
10 0.601562 0.290179 0.023562 0.037368
10 0.474082 0.285218 0.021577 0.037368
8 0.487227 0.374339 0.010665 0.009921
10 0.105903 0.388228 0.049603 0.062169
14 0.665179 0.719411 0.219742 0.288690
1 0.598710 0.374008 0.023810 0.105820
1 0.671627 0.379134 0.024306 0.107474
1 0.748636 0.384921 0.024058 0.105820
1 0.914559 0.487269 0.021081 0.081019
1 0.705481 0.475033 0.019593 0.079034
1 0.650794 0.471726 0.018849 0.078373
1 0.596478 0.470238 0.017857 0.078042
1 0.526290 0.503638 0.029762 0.107804
1 0.500868 0.462467 0.020585 0.079034
9 0.500620 0.447917 0.016121 0.022817
9 0.499628 0.483135 0.015129 0.021825
9 0.527902 0.479332 0.022073 0.028770
9 0.526786 0.528770 0.021329 0.031085
9 0.596106 0.486772 0.015625 0.022487
9 0.650298 0.490906 0.016369 0.022156
9 0.650422 0.455688 0.016121 0.020503
9 0.597222 0.453373 0.016865 0.019180
9 0.597098 0.401786 0.023562 0.032407
9 0.598586 0.354167 0.020585 0.026455
9 0.673611 0.359292 0.023313 0.027447
9 0.671751 0.407242 0.021081 0.030093
9 0.705605 0.458333 0.014881 0.021164
9 0.704737 0.494048 0.016121 0.022487
9 0.748016 0.410714 0.020833 0.030423
9 0.748636 0.362269 0.022073 0.027447
9 0.858631 0.502976 0.015377 0.026455
9 0.914435 0.505622 0.013889 0.022487
9 0.915055 0.470569 0.017113 0.022487
