14 0.157242 0.445685 0.313823 0.399802
13 0.783234 0.418651 0.173611 0.100694
13 0.335979 0.446305 0.108466 0.068700
10 0.096892 0.027654 0.043651 0.054812
1 0.833499 0.246900 0.058532 0.090526
1 0.747851 0.259921 0.051257 0.089782
1 0.671462 0.273438 0.051918 0.090526
1 0.487930 0.298487 0.040675 0.083581
1 0.434028 0.305556 0.050595 0.079365
1 0.345899 0.317336 0.044312 0.069196
1 0.299107 0.321305 0.043320 0.065724
10 0.738922 0.134177 0.030093 0.035218
10 0.806713 0.145089 0.032738 0.035218
10 0.867063 0.157366 0.031085 0.032490
9 0.835483 0.269221 0.049272 0.028026
9 0.676587 0.290055 0.035053 0.025546
9 0.752811 0.281622 0.038029 0.029514
9 0.833829 0.228299 0.041997 0.029514
9 0.750661 0.241071 0.039021 0.028274
9 0.674438 0.253472 0.040675 0.022817
9 0.491567 0.316592 0.030093 0.019097
9 0.490906 0.283234 0.030754 0.024802
9 0.346892 0.335193 0.037037 0.019593
9 0.347884 0.305680 0.033069 0.022073
9 0.436508 0.323537 0.037037 0.017113
9 0.439319 0.290923 0.034722 0.023313
9 0.302249 0.341642 0.029101 0.021081
9 0.302083 0.311756 0.028770 0.022321
9 0.299769 0.079489 0.043320 0.037946
9 0.399802 0.047619 0.045635 0.042163
9 0.055721 0.062624 0.057209 0.036458
9 0.029101 0.165303 0.039683 0.035962
9 0.027116 0.196925 0.053571 0.033234
9 0.094577 0.147445 0.035714 0.033978
