1 0.765104 0.762963 0.050347 0.125000
1 0.311285 0.707407 0.038542 0.143519
1 0.974479 0.786574 0.051042 0.112963
1 0.417187 0.718750 0.035764 0.142130
1 0.681250 0.759259 0.043056 0.140741
1 0.519097 0.729167 0.039583 0.136111
1 0.846354 0.773843 0.049653 0.126389
9 0.313715 0.684954 0.028819 0.038426
9 0.307986 0.748380 0.030556 0.041204
9 0.418229 0.698611 0.027431 0.037037
9 0.416319 0.761111 0.027778 0.040741
9 0.517535 0.772454 0.027431 0.043056
9 0.515451 0.710648 0.026042 0.037963
9 0.673785 0.732870 0.026042 0.034259
9 0.681076 0.790972 0.027431 0.037500
9 0.756771 0.743981 0.026736 0.035185
9 0.765972 0.799537 0.026389 0.035185
9 0.833854 0.753704 0.023264 0.033333
9 0.847396 0.808565 0.025347 0.035648
9 0.962674 0.773611 0.026736 0.033333
9 0.980382 0.826157 0.029514 0.033796
16 0.202083 0.370139 0.093750 0.109722
16 0.205208 0.488426 0.072917 0.090741
16 0.205208 0.586806 0.070833 0.087500
10 0.260937 0.175926 0.037847 0.047222
10 0.255729 0.298843 0.032292 0.041204
10 0.252431 0.398380 0.028472 0.038426
10 0.412847 0.642593 0.027083 0.032407
10 0.719792 0.691204 0.022917 0.028704
10 0.985590 0.697685 0.019097 0.024074
10 0.940799 0.733333 0.017708 0.023148
8 0.342361 0.354861 0.018056 0.052315
8 0.480556 0.391204 0.018056 0.055556
8 0.587153 0.417130 0.027083 0.045370
8 0.705382 0.446296 0.026042 0.040741
8 0.859549 0.481713 0.024653 0.043056
8 0.908333 0.493056 0.025694 0.041667
10 0.420486 0.337963 0.020833 0.027778
10 0.677778 0.297685 0.031944 0.038889
8 0.367361 0.762963 0.015278 0.012963
8 0.359549 0.849769 0.013542 0.012500
8 0.355035 0.864352 0.012153 0.012037
8 0.351562 0.878935 0.012847 0.012500
8 0.377083 0.887963 0.009028 0.012037
8 0.342535 0.883333 0.008681 0.012037
