13 0.418981 0.503646 0.270370 0.169792
14 0.905787 0.684896 0.171759 0.162847
3 0.204861 0.218229 0.065278 0.156597
3 0.386806 0.226042 0.056944 0.144444
3 0.584028 0.211285 0.059722 0.171875
3 0.968981 0.208507 0.062037 0.177431
2 0.684491 0.147569 0.056019 0.138889
2 0.481481 0.153472 0.065741 0.135417
2 0.293287 0.158160 0.081019 0.130903
1 0.844676 0.477083 0.024537 0.069444
1 0.935880 0.480382 0.025463 0.068403
9 0.935648 0.467882 0.025000 0.018403
9 0.936111 0.498785 0.025926 0.018403
9 0.844444 0.464757 0.022222 0.018403
9 0.844444 0.495139 0.024074 0.018750
9 0.025463 0.171181 0.050000 0.038194
9 0.087963 0.260590 0.037963 0.030903
9 0.209028 0.274653 0.048611 0.037500
9 0.307407 0.153125 0.048148 0.038194
9 0.259259 0.213715 0.050000 0.041319
9 0.386574 0.274306 0.050926 0.039583
9 0.440972 0.213542 0.049537 0.037500
9 0.488657 0.146354 0.050463 0.041319
9 0.584259 0.271528 0.055556 0.041667
9 0.634028 0.208333 0.056019 0.038889
9 0.684722 0.139931 0.054630 0.042361
9 0.970370 0.270139 0.059259 0.046528
10 0.928472 0.430035 0.025463 0.017014
10 0.844213 0.428472 0.018981 0.015972
10 0.248611 0.583681 0.005556 0.004167
10 0.223843 0.582465 0.006019 0.004514
8 0.627546 0.432118 0.034722 0.010764
8 0.632870 0.447396 0.036111 0.009375
8 0.636574 0.461285 0.026852 0.010069
