1 0.279340 0.261343 0.037847 0.126389
1 0.540451 0.381713 0.028819 0.089352
1 0.351910 0.293287 0.035069 0.118056
1 0.454340 0.341667 0.030903 0.101852
1 0.629167 0.424537 0.026389 0.076852
1 0.499653 0.363657 0.030556 0.093981
1 0.656250 0.435880 0.024306 0.072685
9 0.189583 0.256944 0.029861 0.037037
10 0.603819 0.214583 0.018056 0.027315
13 0.245486 0.509259 0.153472 0.152778
13 0.606944 0.568519 0.074306 0.079630
13 0.472222 0.546991 0.104861 0.112500
13 0.700000 0.584491 0.059028 0.066204
13 0.762674 0.595602 0.048958 0.058796
1 0.192535 0.218519 0.037153 0.137037
1 0.600868 0.411574 0.023958 0.078704
1 0.697222 0.453704 0.021528 0.064815
1 0.717187 0.464583 0.021181 0.065278
1 0.735764 0.471528 0.020833 0.059722
1 0.765104 0.484954 0.019792 0.056019
1 0.813194 0.506944 0.017361 0.048148
1 0.850347 0.525000 0.015972 0.043519
5 0.800521 0.240741 0.037153 0.077778
5 0.747569 0.257176 0.040972 0.064352
5 0.859028 0.315972 0.029861 0.053241
5 0.813542 0.326389 0.029861 0.048148
5 0.770139 0.336343 0.031250 0.049537
9 0.852951 0.310648 0.014931 0.018519
9 0.806250 0.324306 0.013194 0.017130
9 0.763368 0.336574 0.012847 0.018519
9 0.811285 0.258333 0.015625 0.023148
9 0.737847 0.255787 0.016667 0.023611
9 0.689410 0.272454 0.015625 0.025463
9 0.192882 0.195370 0.030208 0.039815
9 0.278646 0.237500 0.027431 0.035185
9 0.277604 0.291898 0.026042 0.034722
9 0.350868 0.272222 0.024653 0.032407
9 0.351562 0.323843 0.025347 0.031019
9 0.450694 0.324074 0.020833 0.027778
9 0.451736 0.369213 0.020139 0.028241
9 0.496701 0.346759 0.018403 0.025926
9 0.497917 0.388889 0.018056 0.025000
9 0.536806 0.367130 0.017361 0.023148
9 0.538368 0.405787 0.017708 0.025463
9 0.596701 0.395602 0.014931 0.020833
9 0.597743 0.431250 0.015625 0.020833
9 0.625521 0.409722 0.015625 0.020370
9 0.626389 0.444213 0.015278 0.019907
9 0.651563 0.422454 0.014236 0.018981
9 0.652951 0.454398 0.014236 0.018981
9 0.670486 0.460880 0.012500 0.015278
9 0.692882 0.441204 0.012847 0.017593
9 0.694271 0.471296 0.013542 0.017593
9 0.713021 0.450926 0.011458 0.017593
9 0.714063 0.479630 0.012153 0.017593
9 0.731424 0.460417 0.011458 0.016204
9 0.732639 0.487731 0.012500 0.017130
9 0.760764 0.474074 0.011111 0.014815
9 0.762326 0.499769 0.010069 0.015278
9 0.774479 0.480556 0.010764 0.014815
9 0.776215 0.505324 0.010764 0.015278
9 0.787674 0.487269 0.010764 0.014352
9 0.789757 0.510648 0.011458 0.014815
9 0.809375 0.496991 0.009028 0.012500
9 0.811285 0.519213 0.009375 0.013426
9 0.847569 0.516435 0.009028 0.011574
9 0.848785 0.535185 0.010069 0.012037
9 0.798785 0.544444 0.008681 0.011111
9 0.754861 0.529398 0.011111 0.012500
9 0.611806 0.482870 0.012500 0.016667
9 0.585069 0.474074 0.013194 0.018519
9 0.495833 0.443519 0.015972 0.022222
14 0.955382 0.577315 0.089236 0.257407
10 0.252951 0.171759 0.024653 0.033333
10 0.486111 0.267593 0.015278 0.025000
10 0.446701 0.287731 0.014931 0.020833
10 0.596354 0.336574 0.012847 0.018519
10 0.821007 0.396759 0.010764 0.014815
10 0.859896 0.387500 0.010764 0.015741
10 0.901215 0.378704 0.011458 0.016667
10 0.929514 0.412269 0.011111 0.015278
10 0.892708 0.419907 0.010417 0.014815
10 0.857812 0.427546 0.010069 0.013426
10 0.888021 0.453241 0.008681 0.010185
10 0.919965 0.447454 0.009375 0.009722
10 0.972049 0.463194 0.009375 0.010648
10 0.941493 0.466898 0.008681 0.011574
10 0.912153 0.471991 0.008333 0.012500
8 0.436632 0.023843 0.030208 0.042130
8 0.475694 0.058333 0.031944 0.034259
8 0.564931 0.140972 0.029861 0.029167
15 0.406250 0.571528 0.022917 0.043056
15 0.576042 0.590509 0.017361 0.031019
11 0.755035 0.640278 0.005208 0.027778
11 0.761806 0.639352 0.006250 0.028704
