14 0.732639 0.607639 0.240278 0.246528
14 0.365509 0.701736 0.378241 0.336111
6 0.212731 0.401215 0.159722 0.196875
6 0.119907 0.375694 0.171296 0.212500
1 0.204167 0.077778 0.132407 0.154861
1 0.339120 0.120486 0.115278 0.191667
7 0.526620 0.222396 0.118056 0.160069
7 0.599074 0.264236 0.103704 0.147222
7 0.659954 0.297743 0.103241 0.138542
0 0.762037 0.337500 0.114815 0.108333
0 0.800694 0.358854 0.106944 0.101042
0 0.837731 0.378125 0.106019 0.096528
9 0.180787 0.100868 0.074537 0.058681
9 0.176389 0.023958 0.075000 0.047222
9 0.313426 0.090625 0.059259 0.053472
9 0.318981 0.167535 0.066667 0.054514
9 0.033565 0.201736 0.066204 0.053472
9 0.178009 0.252083 0.061574 0.042361
9 0.495602 0.188715 0.056944 0.043403
9 0.496528 0.253646 0.053241 0.041319
9 0.568981 0.230729 0.048148 0.039236
9 0.572222 0.289757 0.045370 0.037847
9 0.636111 0.321875 0.043519 0.035417
9 0.724537 0.316319 0.038889 0.030556
9 0.725694 0.364236 0.038426 0.031250
9 0.765509 0.338715 0.034722 0.029514
9 0.768750 0.382986 0.035648 0.028472
9 0.801389 0.359549 0.032407 0.024653
9 0.566204 0.444792 0.039815 0.031250
9 0.568519 0.495486 0.041667 0.031250
1 0.558796 0.471875 0.061111 0.105556
10 0.413194 0.095486 0.056019 0.061806
10 0.493287 0.146354 0.056019 0.056597
10 0.563426 0.185243 0.047222 0.048264
10 0.702546 0.274306 0.038426 0.036806
15 0.283796 0.461285 0.062037 0.038542
15 0.248380 0.455729 0.066204 0.039931
