14 0.929398 0.588542 0.141204 0.183333
1 0.596991 0.492535 0.027315 0.045486
1 0.493750 0.492361 0.025463 0.045139
1 0.434259 0.488889 0.028704 0.038889
1 0.377546 0.489410 0.027315 0.045486
9 0.597222 0.490625 0.024074 0.018750
9 0.493981 0.486632 0.023148 0.019097
9 0.435417 0.485938 0.022685 0.018403
9 0.379398 0.483507 0.022685 0.018403
10 0.639352 0.502431 0.021296 0.017361
10 0.527778 0.499653 0.019444 0.015278
15 0.668287 0.412153 0.048611 0.037500
10 0.049074 0.066667 0.060185 0.067361
10 0.128704 0.124479 0.062037 0.062153
10 0.047917 0.332986 0.058796 0.030556
10 0.112731 0.354687 0.052315 0.028125
10 0.262037 0.406250 0.040741 0.020139
10 0.325694 0.401042 0.024537 0.022222
10 0.036806 0.400694 0.024537 0.020833
15 0.147917 0.211285 0.212500 0.060069
15 0.208565 0.241840 0.169907 0.053125
15 0.246296 0.265972 0.162037 0.047222
12 0.024537 0.192361 0.048148 0.084722
12 0.102315 0.234375 0.050000 0.070833
12 0.225926 0.298264 0.026852 0.068056
12 0.265509 0.316667 0.046759 0.061111
12 0.307639 0.341667 0.025463 0.060417
11 0.215741 0.415278 0.027778 0.050694
11 0.100000 0.450000 0.027778 0.043056
