15 0.545139 0.060417 0.262500 0.120139
15 0.334028 0.151736 0.257870 0.136806
15 0.147917 0.234028 0.248611 0.127778
12 0.806481 0.199132 0.088889 0.133681
11 0.362731 0.405556 0.067130 0.228472
11 0.299074 0.426389 0.060185 0.215278
11 0.239815 0.437153 0.057407 0.202778
11 0.119444 0.480903 0.053704 0.192361
11 0.067593 0.493229 0.050926 0.182986
11 0.023611 0.507986 0.046296 0.178472
11 0.384259 0.545486 0.078704 0.151389
10 0.767361 0.350174 0.093981 0.071181
10 0.493750 0.232813 0.066204 0.045486
10 0.355556 0.257812 0.082407 0.072569
10 0.133796 0.347222 0.071296 0.058333
10 0.140972 0.603125 0.023611 0.021528
10 0.184028 0.595313 0.023611 0.023264
10 0.229398 0.586111 0.024537 0.022222
10 0.342361 0.575000 0.018981 0.016667
10 0.422454 0.548438 0.026389 0.021181
10 0.596759 0.509722 0.030556 0.029861
10 0.802315 0.519792 0.023148 0.021528
10 0.906481 0.537674 0.020370 0.019792
10 0.943056 0.543576 0.020370 0.020486
10 0.979398 0.550868 0.023611 0.019792
2 0.638657 0.537326 0.060648 0.078819
3 0.625463 0.586285 0.038889 0.081597
9 0.284722 0.613889 0.025000 0.021528
9 0.339352 0.605382 0.024074 0.020486
9 0.237037 0.734028 0.026852 0.018750
9 0.363194 0.707639 0.016204 0.011806
9 0.511343 0.691840 0.022685 0.014931
1 0.903009 0.636285 0.033796 0.058681
1 0.970602 0.629687 0.034722 0.061458
5 0.952546 0.434375 0.094907 0.061111
9 0.920833 0.453819 0.026852 0.022917
9 0.965509 0.445486 0.027315 0.023611
9 0.904167 0.623958 0.025000 0.016667
9 0.907870 0.652257 0.024074 0.017014
9 0.972222 0.618056 0.023148 0.016667
9 0.975694 0.644965 0.023611 0.017708
15 0.838194 0.752083 0.032870 0.029861
6 0.567593 0.712674 0.049074 0.078819
6 0.612963 0.708854 0.049074 0.081597
6 0.659954 0.706424 0.051389 0.078819
14 0.281481 0.846354 0.276852 0.197569
14 0.446296 0.809896 0.103704 0.115625
8 0.955093 0.501215 0.025000 0.012153
8 0.977546 0.505729 0.022685 0.010764
8 0.982176 0.391146 0.028241 0.021875
8 0.919213 0.405035 0.030093 0.019097
8 0.818056 0.426563 0.031481 0.019097
8 0.588426 0.473785 0.026852 0.013542
10 0.562269 0.475000 0.018056 0.014583
10 0.416435 0.508333 0.016204 0.011806
9 0.168056 0.647396 0.024074 0.017014
9 0.211111 0.640799 0.022222 0.017708
