13 0.286574 0.574132 0.250000 0.157292
13 0.605787 0.616667 0.184722 0.118056
13 0.806944 0.644965 0.139815 0.103125
1 0.037269 0.207986 0.073611 0.159028
1 0.274306 0.294271 0.079167 0.137153
1 0.380787 0.332465 0.068981 0.123264
1 0.474306 0.364410 0.067130 0.114931
1 0.606713 0.412153 0.057870 0.102778
1 0.671991 0.433333 0.055093 0.097222
1 0.727315 0.452951 0.052778 0.092014
1 0.814352 0.482812 0.045370 0.085764
1 0.858796 0.498785 0.044444 0.084375
1 0.897685 0.510417 0.046296 0.078472
9 0.029167 0.181250 0.057407 0.047222
9 0.027778 0.250694 0.054630 0.044444
9 0.265509 0.268056 0.052315 0.042361
9 0.262963 0.329340 0.055556 0.038542
9 0.372917 0.309201 0.046759 0.036458
9 0.370370 0.363715 0.044444 0.037153
9 0.467361 0.342187 0.044907 0.034375
9 0.463889 0.393750 0.046296 0.034028
9 0.598611 0.391667 0.039815 0.027778
9 0.598380 0.437153 0.038426 0.029167
9 0.663194 0.413715 0.036574 0.026736
9 0.662963 0.457639 0.036111 0.027778
9 0.720833 0.435243 0.035185 0.026042
9 0.718287 0.475868 0.036574 0.026042
9 0.807176 0.465625 0.030093 0.023611
9 0.807870 0.503646 0.029630 0.024653
9 0.850694 0.480556 0.027315 0.021528
9 0.850000 0.517014 0.028704 0.022222
9 0.889583 0.494271 0.028241 0.021875
9 0.889120 0.529687 0.028241 0.023958
9 0.801157 0.548264 0.027315 0.020139
9 0.759722 0.538021 0.030556 0.021181
9 0.617361 0.505382 0.031019 0.022569
9 0.559954 0.490278 0.031944 0.024306
9 0.357176 0.435243 0.042130 0.028819
15 0.122917 0.594965 0.069907 0.051042
12 0.508333 0.636806 0.034259 0.050694
10 0.530093 0.611979 0.027778 0.028125
10 0.265509 0.219097 0.045833 0.046528
10 0.359491 0.200174 0.045833 0.049653
10 0.634722 0.144444 0.049074 0.057639
10 0.764120 0.119618 0.053241 0.062153
10 0.908565 0.091840 0.051389 0.066319
10 0.961806 0.260590 0.036574 0.048958
10 0.849074 0.275694 0.035185 0.043056
10 0.614352 0.348264 0.036111 0.038194
10 0.601852 0.310069 0.033333 0.039583
10 0.986343 0.360417 0.027315 0.036111
8 0.559259 0.051215 0.075000 0.033681
