1 0.855093 0.651042 0.086111 0.183333
1 0.623148 0.656944 0.076852 0.175694
1 0.240278 0.668403 0.088889 0.174306
1 0.043750 0.681597 0.086574 0.174306
5 0.256019 0.040625 0.416667 0.080556
5 0.390741 0.151215 0.478704 0.135069
5 0.446528 0.265278 0.434722 0.106944
9 0.142593 0.050000 0.083333 0.065972
9 0.290741 0.040451 0.081481 0.055903
9 0.412037 0.029687 0.080556 0.058681
9 0.235648 0.185764 0.078704 0.052083
9 0.468750 0.167361 0.079167 0.053472
9 0.308796 0.297049 0.064815 0.043403
9 0.517824 0.281076 0.065278 0.045486
9 0.851389 0.624132 0.068519 0.051042
9 0.857639 0.699132 0.070833 0.054514
9 0.624074 0.629687 0.066667 0.051042
9 0.622222 0.705382 0.064815 0.057986
9 0.250000 0.642882 0.062963 0.050347
9 0.236806 0.716667 0.067130 0.050000
9 0.049769 0.650694 0.063426 0.049306
9 0.032870 0.724132 0.064815 0.051042
9 0.150694 0.811632 0.061574 0.047569
9 0.343287 0.807639 0.057870 0.047222
8 0.106250 0.260764 0.064352 0.073611
8 0.079630 0.838194 0.025000 0.013194
8 0.016435 0.838889 0.028241 0.015278
