8 0.591319 0.624537 0.043056 0.094444
8 0.786458 0.626389 0.029861 0.056481
5 0.419444 0.126620 0.305556 0.233796
5 0.332639 0.338889 0.306250 0.212037
5 0.260937 0.540972 0.306597 0.181019
1 0.657813 0.940509 0.112153 0.118981
1 0.757292 0.934722 0.111806 0.130556
1 0.890278 0.927315 0.115972 0.145370
1 0.952257 0.920370 0.095486 0.159259
9 0.200868 0.526157 0.057292 0.077315
9 0.275347 0.325000 0.059722 0.082407
9 0.355382 0.099074 0.062153 0.087037
9 0.527083 0.977083 0.054167 0.045833
9 0.638542 0.969213 0.052083 0.061574
9 0.732118 0.954861 0.048264 0.068056
9 0.866146 0.925694 0.042014 0.057870
9 0.929514 0.914120 0.039583 0.056019
9 0.918229 0.977546 0.045486 0.044907
9 0.975347 0.969444 0.042361 0.058333
9 0.983160 0.900231 0.033681 0.055093
10 0.911806 0.628704 0.036111 0.047222
10 0.975347 0.514352 0.036111 0.047222
10 0.834722 0.306944 0.045833 0.052778
10 0.754687 0.459028 0.037847 0.054167
10 0.681250 0.603935 0.036111 0.053241
10 0.774653 0.891204 0.029861 0.038889
