1 0.280729 0.246065 0.042708 0.144907
1 0.875347 0.373611 0.040972 0.103704
6 0.464062 0.217593 0.102431 0.314815
6 0.352604 0.188657 0.109375 0.329167
6 0.567187 0.239815 0.100347 0.293519
10 0.947396 0.173380 0.021181 0.041204
13 0.327951 0.523843 0.128819 0.159722
13 0.601910 0.545370 0.120486 0.140741
13 0.813021 0.554630 0.087847 0.121296
16 0.977951 0.349537 0.034375 0.062037
11 0.557986 0.633796 0.014583 0.067593
1 0.826562 0.367824 0.040625 0.108796
1 0.784722 0.356713 0.036111 0.111574
0 0.640972 0.227083 0.100000 0.215278
1 0.626389 0.323843 0.039583 0.125463
1 0.013542 0.184259 0.026389 0.167593
10 0.811458 0.224306 0.019444 0.033796
9 0.956597 0.024074 0.038194 0.047222
9 0.666667 0.178935 0.045139 0.068981
9 0.667535 0.284491 0.044792 0.064352
9 0.871875 0.357639 0.027083 0.034722
9 0.823785 0.347222 0.023958 0.030556
9 0.823090 0.393519 0.023958 0.030556
9 0.778299 0.383333 0.021875 0.029630
9 0.778472 0.336574 0.022222 0.030556
9 0.622569 0.353241 0.023611 0.032407
9 0.680556 0.365741 0.023611 0.032407
9 0.279687 0.284028 0.030903 0.039352
