6 0.442130 0.502951 0.095370 0.146181
6 0.352083 0.505556 0.092130 0.141667
6 0.263194 0.503993 0.099537 0.135069
2 0.509491 0.218403 0.109722 0.144444
2 0.349769 0.233160 0.114352 0.135069
2 0.200231 0.243924 0.121759 0.132292
3 0.442824 0.302083 0.069907 0.148611
3 0.293519 0.315972 0.071296 0.136111
3 0.151157 0.322917 0.078241 0.134028
1 0.061806 0.481250 0.043056 0.067361
1 0.197454 0.480729 0.042130 0.074653
1 0.487963 0.478646 0.037963 0.076042
9 0.533565 0.202604 0.059722 0.040625
9 0.160417 0.356771 0.051389 0.039236
9 0.078704 0.269792 0.032407 0.031250
9 0.066435 0.469271 0.024537 0.018403
9 0.063657 0.499132 0.025463 0.019792
9 0.204861 0.468056 0.025463 0.020139
9 0.199537 0.498090 0.026852 0.019792
9 0.195833 0.524132 0.026852 0.019792
9 0.493519 0.464410 0.027778 0.023264
9 0.489352 0.498264 0.027778 0.021528
10 0.836806 0.129340 0.052315 0.063542
10 0.403241 0.384028 0.028704 0.029167
10 0.211343 0.405903 0.026389 0.027778
10 0.168056 0.393229 0.023148 0.026736
8 0.902778 0.166146 0.032407 0.037153
8 0.717824 0.185764 0.033796 0.038889
14 0.834722 0.677257 0.330556 0.554514
