3 0.167824 0.135243 0.070833 0.116319
3 0.255093 0.173785 0.065741 0.103819
3 0.325463 0.202257 0.059259 0.094792
3 0.420370 0.243403 0.055556 0.083333
3 0.465509 0.264410 0.049537 0.076736
3 0.503704 0.278299 0.044444 0.067708
1 0.558102 0.291319 0.035648 0.061111
1 0.584028 0.301910 0.031944 0.055903
1 0.606481 0.312326 0.028704 0.053125
2 0.223148 0.097917 0.100000 0.098611
2 0.300000 0.136111 0.089815 0.089583
2 0.367361 0.168750 0.083796 0.081944
1 0.269444 0.330208 0.028704 0.047917
7 0.374769 0.354514 0.029167 0.038889
9 0.152083 0.165278 0.039352 0.031250
9 0.196065 0.080729 0.037500 0.032292
9 0.171296 0.122569 0.037037 0.030556
9 0.240278 0.198437 0.034259 0.028819
9 0.276157 0.122569 0.033796 0.028472
9 0.313194 0.226389 0.031019 0.023611
9 0.382407 0.238542 0.023148 0.019444
9 0.341435 0.153993 0.030093 0.021875
9 0.432407 0.201563 0.026852 0.020486
9 0.414815 0.147917 0.020370 0.014583
9 0.431481 0.156944 0.021296 0.014583
9 0.406944 0.263889 0.025926 0.021528
9 0.454167 0.281076 0.023148 0.020486
9 0.474537 0.221181 0.023148 0.018750
9 0.509722 0.240451 0.022222 0.017708
9 0.491898 0.294792 0.021759 0.018750
9 0.496296 0.267708 0.019444 0.018750
9 0.553472 0.278299 0.019907 0.015625
9 0.551852 0.305208 0.019444 0.015972
9 0.579167 0.289583 0.017593 0.015278
9 0.578241 0.315104 0.017593 0.015625
9 0.602778 0.300174 0.017593 0.014931
9 0.601157 0.324479 0.016204 0.013542
9 0.643750 0.306944 0.015278 0.013194
9 0.660880 0.314931 0.014352 0.013194
9 0.632870 0.347396 0.015741 0.012847
9 0.700463 0.334549 0.012963 0.011458
9 0.691204 0.368924 0.013889 0.010764
9 0.367130 0.345486 0.012037 0.011111
10 0.395602 0.332813 0.012500 0.007292
10 0.372917 0.327604 0.011574 0.008681
10 0.447222 0.346528 0.010185 0.007639
10 0.456019 0.031250 0.029630 0.021528
10 0.556481 0.019965 0.030556 0.020486
10 0.665509 0.010764 0.031944 0.020833
10 0.752546 0.133160 0.024537 0.016319
10 0.669676 0.139236 0.024537 0.015972
10 0.591435 0.145833 0.021759 0.015278
10 0.673380 0.213368 0.018056 0.011458
10 0.804167 0.204861 0.018519 0.013889
10 0.736343 0.208507 0.017130 0.014236
10 0.839120 0.254340 0.016204 0.011458
10 0.863889 0.289062 0.012963 0.009375
10 0.728241 0.258681 0.014815 0.011111
10 0.815046 0.289931 0.013426 0.008333
10 0.768056 0.290625 0.013889 0.009722
10 0.796991 0.314757 0.011574 0.008681
10 0.881713 0.313715 0.011574 0.007986
10 0.819907 0.333681 0.010185 0.006944
10 0.839352 0.314757 0.011111 0.007986
16 0.683333 0.385069 0.014815 0.015278
13 0.188889 0.344097 0.174074 0.121528
13 0.408796 0.383507 0.109259 0.086458
13 0.536343 0.407465 0.077315 0.064236
13 0.616898 0.420486 0.061574 0.054167
14 0.413889 0.447917 0.054630 0.057639
6 0.273843 0.399826 0.022685 0.041319
