13 0.286224 0.404844 0.197016 0.243368
13 0.464857 0.505911 0.107915 0.131200
13 0.559797 0.547290 0.052552 0.111880
13 0.606510 0.574250 0.046929 0.085640
1 0.422686 0.148789 0.041739 0.156863
1 0.491674 0.252595 0.041739 0.156863
1 0.541306 0.335784 0.032872 0.117359
1 0.573097 0.380190 0.032872 0.117359
1 0.346778 0.075548 0.069853 0.150519
15 0.937608 0.524510 0.033521 0.057670
15 0.923767 0.522780 0.033521 0.057670
15 0.966587 0.485294 0.033521 0.057670
15 0.983240 0.469723 0.033521 0.057670
15 0.896951 0.550750 0.027033 0.041522
14 0.290766 0.672578 0.107483 0.153114
14 0.358348 0.643454 0.057093 0.090254
3 0.194529 0.435554 0.041739 0.088524
10 0.171713 0.369521 0.027682 0.047578
