13 0.532176 0.595139 0.184722 0.107639
13 0.175000 0.598611 0.154630 0.090278
1 0.882176 0.361979 0.043981 0.108681
1 0.637037 0.386458 0.039815 0.098611
1 0.518750 0.400000 0.040278 0.093056
1 0.412037 0.410243 0.041667 0.087847
1 0.246528 0.425521 0.048611 0.080208
1 0.164120 0.434028 0.047685 0.077778
1 0.087731 0.442188 0.049537 0.075347
9 0.880556 0.347569 0.039815 0.029861
9 0.882870 0.395486 0.040741 0.029167
9 0.638194 0.373611 0.034722 0.026389
9 0.635417 0.417014 0.035648 0.027083
9 0.522454 0.386285 0.031019 0.024653
9 0.518750 0.427951 0.032870 0.024653
9 0.416898 0.397396 0.030093 0.023264
9 0.413194 0.436979 0.031019 0.023958
9 0.255093 0.413889 0.028704 0.021528
9 0.250000 0.450521 0.028704 0.021875
9 0.173843 0.422569 0.027315 0.020833
9 0.167824 0.458160 0.027315 0.020486
9 0.098611 0.430208 0.025926 0.019444
9 0.091435 0.463715 0.026389 0.019792
9 0.177083 0.499479 0.026389 0.019097
9 0.251620 0.495312 0.025463 0.019097
9 0.487731 0.480556 0.027315 0.021528
9 0.588657 0.473611 0.029167 0.021528
9 0.699306 0.466319 0.031944 0.023611
9 0.931944 0.453125 0.036111 0.025694
15 0.669907 0.609028 0.030556 0.043056
15 0.431944 0.608681 0.027778 0.038194
15 0.080324 0.610243 0.029167 0.029514
10 0.728241 0.621007 0.021296 0.014931
10 0.681944 0.068576 0.047222 0.036458
10 0.724537 0.144792 0.040741 0.029167
10 0.140972 0.109201 0.040278 0.029514
8 0.877315 0.033333 0.031481 0.034028
8 0.583796 0.108333 0.025926 0.025694
8 0.496065 0.127257 0.026389 0.027431
8 0.357176 0.159896 0.024537 0.021875
8 0.284259 0.177083 0.025926 0.022222
10 0.032407 0.406597 0.020370 0.013194
10 0.176620 0.361111 0.022685 0.013194
8 0.157176 0.508507 0.009722 0.005903
8 0.194213 0.451215 0.010648 0.006597
