15 0.176620 0.080729 0.271759 0.160764
15 0.492361 0.291146 0.241204 0.103819
15 0.580787 0.344792 0.225463 0.092361
12 0.159028 0.177778 0.089352 0.152083
12 0.364120 0.285417 0.080093 0.129167
12 0.621065 0.403472 0.046759 0.102778
12 0.693519 0.441319 0.070370 0.090972
12 0.773611 0.485417 0.039815 0.084722
10 0.357639 0.073264 0.082870 0.081944
10 0.291667 0.461632 0.067593 0.055208
10 0.435880 0.505903 0.056944 0.049306
10 0.332407 0.481076 0.053704 0.041319
10 0.531019 0.540625 0.043519 0.032639
10 0.722222 0.594792 0.044444 0.032639
10 0.472685 0.648090 0.024074 0.022569
10 0.828009 0.605556 0.029167 0.026389
10 0.493519 0.748611 0.025926 0.020139
10 0.814120 0.732986 0.030093 0.021528
10 0.757176 0.734201 0.026389 0.022569
11 0.027546 0.463889 0.054167 0.266667
11 0.335417 0.667014 0.044907 0.077083
10 0.987500 0.724132 0.025000 0.024653
1 0.930787 0.718056 0.039352 0.066667
9 0.929398 0.708854 0.032870 0.025347
