15 0.059549 0.230787 0.118403 0.211574
15 0.251042 0.298843 0.179861 0.190278
15 0.383160 0.331481 0.101736 0.162037
15 0.480903 0.378472 0.141667 0.133796
15 0.560417 0.400000 0.082639 0.128704
15 0.640278 0.429630 0.113194 0.106481
15 0.673785 0.443750 0.123958 0.104167
10 0.018403 0.274074 0.036111 0.085185
10 0.318924 0.365741 0.054514 0.062037
12 0.637500 0.493056 0.032639 0.125000
12 0.666493 0.497685 0.030208 0.124074
12 0.692535 0.505324 0.029514 0.118981
12 0.768056 0.528935 0.026389 0.106944
12 0.790625 0.532870 0.023611 0.104630
12 0.810764 0.539120 0.024306 0.099537
