14 0.930093 0.829340 0.139815 0.267708
14 0.624074 0.888194 0.414815 0.223611
6 0.212963 0.636285 0.235185 0.221875
6 0.337731 0.652951 0.183796 0.207986
6 0.428935 0.661632 0.167130 0.190625
1 0.212731 0.264931 0.154167 0.210417
1 0.373611 0.331424 0.138889 0.185069
1 0.500926 0.379167 0.125926 0.165972
7 0.671528 0.457813 0.108796 0.149653
7 0.746991 0.488368 0.099537 0.137847
7 0.809259 0.510069 0.100000 0.131944
0 0.919213 0.540278 0.129167 0.107639
1 0.153241 0.892882 0.050926 0.052431
1 0.087963 0.905035 0.054630 0.053125
9 0.090972 0.899479 0.036574 0.027431
9 0.154630 0.887847 0.036111 0.027778
9 0.060880 0.455382 0.069907 0.053819
9 0.228704 0.495139 0.062963 0.047222
9 0.174537 0.243056 0.074074 0.058333
9 0.187037 0.328125 0.075000 0.059722
9 0.337500 0.309896 0.062037 0.050347
9 0.354630 0.385069 0.069444 0.052778
9 0.468519 0.361458 0.059259 0.047222
9 0.485417 0.430556 0.058796 0.047917
9 0.641667 0.429167 0.048148 0.040972
9 0.654861 0.487674 0.052315 0.037847
9 0.715509 0.456771 0.048611 0.037847
9 0.734028 0.514062 0.044907 0.038542
9 0.796759 0.536806 0.041667 0.036806
9 0.874074 0.523090 0.039815 0.030903
9 0.892824 0.568229 0.041204 0.030208
9 0.920139 0.540104 0.039352 0.028819
9 0.958565 0.556076 0.035648 0.028819
9 0.755093 0.668576 0.040741 0.032986
9 0.770370 0.719965 0.045370 0.034375
10 0.063426 0.137847 0.086111 0.094444
10 0.540046 0.355208 0.053241 0.057639
10 0.621528 0.391319 0.055093 0.052083
10 0.839815 0.485243 0.040741 0.037153
1 0.751852 0.700000 0.078704 0.115278
