1 0.130787 0.665104 0.047685 0.106597
1 0.267130 0.657986 0.040741 0.104167
1 0.638426 0.640625 0.046296 0.106250
1 0.776157 0.634028 0.048611 0.105556
1 0.915741 0.628125 0.050926 0.107639
9 0.912269 0.610243 0.042130 0.032292
9 0.918750 0.656424 0.042130 0.031597
9 0.772454 0.615451 0.038426 0.030903
9 0.778704 0.661979 0.041667 0.032986
9 0.635417 0.621007 0.040278 0.032986
9 0.638657 0.668750 0.042130 0.031250
9 0.267824 0.639410 0.038426 0.032292
9 0.267361 0.687674 0.038426 0.029514
9 0.193519 0.738021 0.037963 0.028125
9 0.131713 0.647049 0.041204 0.030903
9 0.130787 0.694444 0.040278 0.031250
9 0.068981 0.420833 0.041667 0.034028
9 0.135648 0.125000 0.092593 0.067361
2 0.108102 0.136458 0.141204 0.214583
9 0.075231 0.223438 0.098611 0.073264
10 0.592130 0.067708 0.078704 0.081250
10 0.870370 0.052951 0.076852 0.079514
10 0.500231 0.375694 0.041204 0.034028
10 0.505787 0.420486 0.040278 0.033333
13 0.278241 0.877083 0.208333 0.125000
15 0.459259 0.868576 0.038889 0.057986
15 0.669676 0.859722 0.037500 0.056944
