13 0.229861 0.484028 0.221759 0.134028
13 0.487269 0.525000 0.127315 0.088194
13 0.614583 0.544792 0.089352 0.066667
1 0.208796 0.213889 0.068519 0.125694
1 0.310417 0.265799 0.060648 0.111458
1 0.389583 0.305729 0.054167 0.100347
1 0.490509 0.357986 0.044907 0.082639
1 0.533796 0.379514 0.038889 0.077083
1 0.571296 0.398611 0.037037 0.069444
1 0.624306 0.424826 0.033796 0.062847
9 0.198148 0.192535 0.042593 0.035764
9 0.197222 0.249653 0.044444 0.036111
9 0.300231 0.246007 0.036574 0.030903
9 0.299306 0.295486 0.037500 0.031250
9 0.381250 0.287326 0.034722 0.027431
9 0.380556 0.332118 0.035185 0.027431
9 0.484722 0.341667 0.030556 0.022222
9 0.484259 0.379688 0.031481 0.021875
9 0.529398 0.365104 0.027315 0.019792
9 0.528472 0.400521 0.026389 0.020486
9 0.565741 0.384722 0.025000 0.018750
9 0.565972 0.416493 0.026389 0.018403
9 0.617361 0.412326 0.020833 0.015625
9 0.618750 0.440625 0.021759 0.015972
9 0.643287 0.452257 0.018056 0.014931
9 0.642361 0.425000 0.018981 0.015278
9 0.665278 0.461285 0.017593 0.013542
9 0.664583 0.436632 0.017130 0.014236
9 0.089120 0.310764 0.043981 0.031944
9 0.196528 0.345833 0.037500 0.028472
9 0.281481 0.374306 0.032407 0.025694
9 0.442593 0.429167 0.024074 0.019444
9 0.482870 0.443056 0.021296 0.017361
9 0.600000 0.477431 0.016667 0.013194
16 0.753241 0.437847 0.030556 0.030556
16 0.821296 0.434375 0.026852 0.030556
16 0.895139 0.429167 0.029167 0.034028
10 0.757407 0.083681 0.036111 0.023611
10 0.628472 0.112153 0.034722 0.020833
10 0.513889 0.138021 0.032407 0.021181
10 0.459722 0.301389 0.020370 0.014583
10 0.483102 0.319097 0.026389 0.018056
10 0.651620 0.272743 0.022685 0.016319
10 0.738657 0.260764 0.025463 0.017361
10 0.832176 0.247049 0.027315 0.017014
10 0.871991 0.329514 0.019907 0.012500
10 0.797685 0.338021 0.019444 0.012847
10 0.727778 0.346007 0.019444 0.013542
8 0.435185 0.080382 0.027778 0.020486
8 0.475694 0.120486 0.024537 0.020139
10 0.482176 0.079861 0.024537 0.019444
12 0.419676 0.551736 0.016204 0.036806
15 0.081713 0.520139 0.055093 0.037500
