13 0.714583 0.620139 0.157870 0.104167
11 0.979398 0.674479 0.016204 0.070486
10 0.988889 0.619271 0.022222 0.028125
12 0.956713 0.645833 0.026389 0.050000
12 0.634954 0.621354 0.025463 0.042014
15 0.691667 0.618056 0.034259 0.041667
15 0.598380 0.612847 0.035648 0.040278
15 0.414583 0.597222 0.031944 0.045833
1 0.841667 0.463194 0.036111 0.086111
1 0.731944 0.455035 0.037037 0.085764
1 0.623843 0.450521 0.035648 0.084375
1 0.435185 0.441146 0.040741 0.087153
1 0.328935 0.432639 0.039352 0.086111
9 0.843287 0.446701 0.031944 0.026736
9 0.840972 0.485243 0.031944 0.026042
9 0.732639 0.441493 0.033796 0.024653
9 0.730787 0.479340 0.031944 0.026736
9 0.625694 0.434549 0.031019 0.026042
9 0.622454 0.473264 0.032870 0.025000
9 0.437731 0.425000 0.031944 0.026389
9 0.432407 0.461979 0.034259 0.027431
9 0.329861 0.419444 0.033796 0.024306
9 0.325926 0.457639 0.033333 0.025694
10 0.403472 0.077431 0.054167 0.061806
10 0.210648 0.068576 0.060185 0.061458
10 0.025000 0.059375 0.049074 0.062500
10 0.730093 0.386806 0.034259 0.033333
10 0.748148 0.127431 0.030556 0.024306
8 0.835417 0.144444 0.033796 0.034722
8 0.640278 0.133854 0.035185 0.035069
8 0.463426 0.130903 0.030556 0.040278
8 0.367824 0.125347 0.029167 0.035417
8 0.275000 0.118576 0.036111 0.038542
8 0.103472 0.110764 0.033796 0.039583
14 0.169907 0.628993 0.338889 0.525347
