13 0.324769 0.477431 0.264352 0.195833
13 0.559491 0.551389 0.167130 0.138194
1 0.369676 0.091319 0.117130 0.181944
1 0.447222 0.153299 0.107407 0.180903
1 0.510880 0.205556 0.096759 0.166667
1 0.600463 0.281076 0.085185 0.138542
1 0.726620 0.385590 0.061574 0.104514
1 0.641898 0.314063 0.077315 0.127431
1 0.676389 0.344097 0.075926 0.118750
9 0.349769 0.037674 0.065278 0.055903
9 0.346991 0.128646 0.062500 0.054514
9 0.225694 0.257986 0.058796 0.047222
9 0.216898 0.168229 0.055093 0.044097
9 0.301620 0.219792 0.051389 0.042361
9 0.309491 0.301042 0.054167 0.042361
9 0.430093 0.193576 0.057407 0.049653
9 0.430093 0.112674 0.059259 0.048264
9 0.501157 0.243750 0.055093 0.044444
9 0.499769 0.171007 0.048611 0.044097
9 0.591898 0.251389 0.044907 0.037500
9 0.591435 0.314757 0.048611 0.036458
9 0.632870 0.286979 0.042593 0.035069
9 0.632639 0.345486 0.041204 0.034028
9 0.667130 0.319271 0.039815 0.032292
9 0.668287 0.372917 0.039352 0.031250
9 0.717593 0.363542 0.034259 0.028472
9 0.718981 0.411111 0.037037 0.027778
9 0.793981 0.430035 0.030556 0.023264
9 0.682176 0.493924 0.027315 0.021875
16 0.985880 0.528646 0.028241 0.033681
9 0.787963 0.091319 0.042593 0.031250
9 0.937963 0.080035 0.042593 0.032986
9 0.815972 0.137153 0.031019 0.025694
10 0.810185 0.213715 0.025000 0.017014
10 0.905324 0.331076 0.028241 0.021875
10 0.936574 0.386458 0.023148 0.015278
10 0.960880 0.427951 0.019907 0.013542
8 0.674537 0.090625 0.037037 0.022917
8 0.696296 0.121354 0.032407 0.021875
15 0.277315 0.603993 0.039815 0.035764
15 0.318287 0.612847 0.031019 0.025694
15 0.194676 0.597569 0.031944 0.032639
12 0.257176 0.613715 0.024537 0.040625
12 0.233102 0.610764 0.025463 0.041667
11 0.556019 0.665625 0.011111 0.063889
11 0.541204 0.664062 0.011111 0.062153
