1 0.690972 0.437963 0.043056 0.127778
1 0.757986 0.422685 0.039583 0.128704
5 0.682118 0.263657 0.106597 0.115278
6 0.806771 0.704630 0.031597 0.103704
8 0.012153 0.492824 0.015278 0.020833
8 0.057465 0.500463 0.016319 0.017593
9 0.704167 0.260880 0.021528 0.037500
9 0.751563 0.283796 0.023958 0.037037
9 0.795660 0.305093 0.021875 0.032407
10 0.547222 0.362500 0.018750 0.039815
10 0.105729 0.381250 0.018403 0.037500
10 0.053993 0.368287 0.019792 0.039352
10 0.718229 0.521065 0.017708 0.027315
10 0.199653 0.335648 0.020833 0.037963
10 0.376215 0.390509 0.018403 0.033796
10 0.261979 0.256019 0.023958 0.045370
10 0.379340 0.298843 0.021875 0.043056
10 0.252951 0.353935 0.020486 0.034722
10 0.545660 0.225926 0.026042 0.043519
10 0.485069 0.198611 0.026389 0.046296
10 0.034028 0.417824 0.015972 0.031019
10 0.502604 0.344213 0.019792 0.041204
13 0.715799 0.671759 0.132292 0.143519
13 0.153993 0.689352 0.059375 0.081481
13 0.512500 0.676389 0.102083 0.118519
13 0.245312 0.685648 0.075347 0.090741
13 0.362674 0.681481 0.090625 0.105556
15 0.947569 0.311574 0.104861 0.230556
15 0.624306 0.424074 0.110417 0.176852
14 0.703472 0.810880 0.070139 0.150463
15 0.468056 0.454398 0.106944 0.143056
15 0.111632 0.544444 0.073958 0.100926
15 0.055556 0.558565 0.066667 0.086574
8 0.218056 0.225694 0.039583 0.033796
8 0.245312 0.211806 0.044792 0.031944
8 0.272222 0.197454 0.044444 0.031944
8 0.325694 0.167824 0.043750 0.029167
8 0.355729 0.151620 0.044792 0.031944
8 0.389062 0.128009 0.044097 0.031944
8 0.455903 0.088426 0.047222 0.032407
8 0.498090 0.063889 0.047569 0.032407
8 0.545486 0.037269 0.049306 0.036574
12 0.553472 0.026389 0.024306 0.051852
12 0.521701 0.034954 0.026042 0.067130
12 0.478993 0.062500 0.026736 0.062963
12 0.393403 0.116898 0.021528 0.058796
12 0.364757 0.134491 0.022569 0.056019
12 0.343229 0.147917 0.023264 0.053241
12 0.009722 0.672917 0.015278 0.057870
12 0.026389 0.665741 0.015972 0.046296
1 0.815451 0.568287 0.030903 0.089352
1 0.771354 0.569676 0.030903 0.089352
1 0.701562 0.577546 0.026736 0.078241
1 0.661111 0.584259 0.027083 0.074074
2 0.370486 0.477778 0.055556 0.080556
2 0.333160 0.486111 0.055903 0.075926
2 0.302083 0.496065 0.052778 0.073611
3 0.361632 0.527778 0.034375 0.090741
3 0.325521 0.533333 0.032292 0.089815
3 0.294271 0.543519 0.031597 0.089815
5 0.940972 0.164120 0.118056 0.127315
10 0.081076 0.428704 0.017014 0.031481
10 0.191319 0.454630 0.015972 0.031481
10 0.232292 0.464352 0.013889 0.031481
10 0.157465 0.394676 0.017708 0.033796
10 0.141667 0.320833 0.020833 0.039815
10 0.323090 0.274769 0.023264 0.045833
10 0.419271 0.167593 0.028819 0.052778
10 0.652431 0.037963 0.037500 0.062963
10 0.721875 0.070139 0.032639 0.064352
10 0.786285 0.111111 0.035069 0.058333
10 0.790278 0.505787 0.018056 0.033796
10 0.888194 0.491667 0.015972 0.032407
10 0.679514 0.523843 0.015972 0.026389
10 0.640451 0.530787 0.010764 0.026389
9 0.926910 0.180556 0.030903 0.051852
9 0.972222 0.164583 0.028472 0.050463
9 0.770312 0.315046 0.021181 0.034722
9 0.726736 0.294213 0.022222 0.033796
9 0.678819 0.271065 0.021528 0.037500
9 0.649653 0.278472 0.022222 0.032870
9 0.817535 0.420139 0.028819 0.035648
9 0.759896 0.455093 0.031597 0.039815
9 0.760938 0.397685 0.031597 0.039815
9 0.691493 0.468519 0.029514 0.037963
9 0.691667 0.413657 0.032639 0.040278
9 0.632465 0.428704 0.030208 0.040741
9 0.545486 0.425694 0.031944 0.034722
9 0.384896 0.466898 0.020486 0.027315
9 0.365451 0.550694 0.020486 0.027315
9 0.330035 0.556250 0.020486 0.027315
9 0.297049 0.561343 0.020486 0.027315
9 0.244271 0.572917 0.019097 0.023611
9 0.218576 0.576620 0.019097 0.023611
9 0.192882 0.580324 0.019097 0.023611
9 0.154340 0.586343 0.017708 0.022685
9 0.133507 0.589120 0.017708 0.022685
9 0.774306 0.555556 0.020139 0.025926
9 0.773611 0.589815 0.020139 0.025926
9 0.819618 0.586343 0.021875 0.026389
9 0.819618 0.550694 0.021875 0.026389
9 0.701215 0.563657 0.019792 0.023611
9 0.700868 0.596528 0.019792 0.023611
9 0.663889 0.600000 0.018750 0.023148
9 0.663542 0.567593 0.018750 0.023148
10 0.521875 0.459954 0.049306 0.094907
10 0.065278 0.565509 0.028472 0.051389
