13 0.224769 0.476389 0.148611 0.108333
13 0.364352 0.493750 0.112037 0.083333
13 0.465046 0.506076 0.092130 0.072569
1 0.068287 0.202951 0.080093 0.128819
1 0.137269 0.229167 0.071759 0.116667
1 0.230787 0.269792 0.061574 0.104167
1 0.277315 0.289062 0.062037 0.098958
1 0.317130 0.305382 0.057407 0.095486
1 0.380787 0.329340 0.055093 0.083681
1 0.410185 0.341146 0.050926 0.078819
1 0.438657 0.352604 0.046759 0.075347
1 0.482176 0.369444 0.043981 0.070139
1 0.550926 0.397569 0.038889 0.060417
1 0.605324 0.419792 0.032870 0.054167
5 0.415509 0.096701 0.076389 0.076736
5 0.525463 0.089583 0.065741 0.073611
5 0.514815 0.185417 0.055556 0.055556
5 0.606944 0.179167 0.047222 0.054861
9 0.396296 0.096528 0.034259 0.023611
9 0.415509 0.113021 0.032870 0.023264
9 0.509491 0.087674 0.033796 0.024653
9 0.526852 0.103472 0.028704 0.022222
9 0.630324 0.078125 0.031944 0.025000
9 0.641204 0.094792 0.030556 0.022222
9 0.596991 0.174826 0.026389 0.020486
9 0.606250 0.185243 0.027315 0.020486
9 0.501620 0.181944 0.025463 0.019444
9 0.515046 0.192188 0.022685 0.019097
9 0.525926 0.201042 0.022222 0.019444
9 0.694444 0.168056 0.028704 0.019444
9 0.056481 0.176042 0.046296 0.036111
9 0.059259 0.235937 0.046296 0.035764
9 0.125231 0.205035 0.043981 0.032986
9 0.128704 0.258854 0.043519 0.032986
9 0.223148 0.246875 0.037037 0.029167
9 0.225000 0.296007 0.036111 0.028125
9 0.267824 0.268056 0.037500 0.027083
9 0.271991 0.312847 0.033796 0.026389
9 0.310185 0.284722 0.033333 0.025000
9 0.313194 0.328125 0.032870 0.025000
9 0.373611 0.311285 0.028704 0.022569
9 0.376852 0.350347 0.027778 0.022222
9 0.406019 0.360764 0.026852 0.020833
9 0.404167 0.323958 0.025926 0.021528
9 0.431250 0.337153 0.029167 0.021528
9 0.434259 0.371528 0.025926 0.020833
9 0.475694 0.354167 0.024537 0.019444
9 0.478241 0.386458 0.024074 0.020833
9 0.548380 0.411806 0.021759 0.017361
9 0.546065 0.384375 0.021759 0.016667
9 0.600694 0.407813 0.020833 0.015625
9 0.602778 0.432292 0.021296 0.014583
9 0.533102 0.448090 0.018056 0.014236
9 0.471296 0.431076 0.019444 0.016319
9 0.438889 0.421181 0.023148 0.016667
9 0.205093 0.358333 0.034259 0.023611
9 0.159491 0.345660 0.032870 0.027431
10 0.266204 0.014931 0.038889 0.027778
10 0.568287 0.203472 0.018056 0.013889
10 0.584259 0.260590 0.022222 0.016319
10 0.664120 0.255208 0.021759 0.015278
10 0.746065 0.250868 0.020833 0.016319
10 0.704167 0.294444 0.020370 0.013889
10 0.634028 0.300000 0.018981 0.013889
10 0.674537 0.331076 0.017593 0.011458
10 0.737500 0.327778 0.019444 0.012500
10 0.706944 0.355729 0.014815 0.010764
10 0.763194 0.352431 0.016204 0.010417
10 0.821065 0.348958 0.015278 0.011111
10 0.463426 0.310764 0.018519 0.012500
10 0.578704 0.379688 0.017593 0.011458
10 0.569444 0.363194 0.014815 0.009722
16 0.730324 0.433854 0.026389 0.026736
16 0.781481 0.432639 0.020370 0.025694
16 0.837037 0.429340 0.022222 0.026736
11 0.375926 0.554340 0.010185 0.039931
8 0.362269 0.065972 0.031944 0.021528
