13 0.805093 0.568056 0.235185 0.142361
13 0.485648 0.579861 0.157407 0.109028
13 0.291898 0.587500 0.128241 0.088194
13 0.145602 0.591667 0.105093 0.070833
13 0.048148 0.596181 0.092593 0.061806
1 0.867130 0.301215 0.077778 0.129514
1 0.755556 0.329514 0.066667 0.118750
1 0.655324 0.349479 0.063426 0.111458
1 0.510185 0.382292 0.059259 0.097917
1 0.443750 0.395833 0.056944 0.093056
1 0.385880 0.410069 0.059722 0.088194
1 0.298843 0.427778 0.049537 0.079167
1 0.253704 0.440104 0.044444 0.078125
1 0.212731 0.446354 0.043056 0.072569
1 0.152315 0.459201 0.041667 0.069097
1 0.119213 0.465625 0.041204 0.063889
1 0.091667 0.470660 0.041667 0.062153
1 0.046296 0.481597 0.035185 0.059028
5 0.084259 0.162153 0.098148 0.093056
5 0.187731 0.187674 0.086574 0.087153
5 0.293981 0.205729 0.090741 0.079514
5 0.279398 0.049132 0.132870 0.097569
5 0.409722 0.065799 0.124074 0.105208
5 0.530324 0.096007 0.120833 0.111458
9 0.878009 0.277257 0.050463 0.039931
9 0.875926 0.337326 0.050926 0.036458
9 0.763194 0.305382 0.044907 0.035069
9 0.759491 0.359549 0.043056 0.032986
9 0.663657 0.330729 0.040278 0.032986
9 0.660880 0.379861 0.039352 0.030556
9 0.519907 0.364236 0.033333 0.026389
9 0.515741 0.408854 0.036111 0.028125
9 0.454167 0.379514 0.033333 0.027778
9 0.449769 0.420312 0.033796 0.027431
9 0.396065 0.391146 0.031019 0.027431
9 0.389815 0.432465 0.033333 0.025347
9 0.306250 0.413368 0.029167 0.024653
9 0.302778 0.449132 0.026852 0.021875
9 0.262731 0.422917 0.029167 0.021528
9 0.259259 0.458507 0.030556 0.023264
9 0.223148 0.431771 0.026852 0.020486
9 0.218981 0.465278 0.026852 0.020833
9 0.160185 0.446528 0.024074 0.019444
9 0.156019 0.475868 0.026852 0.018403
9 0.052315 0.470313 0.023148 0.017708
9 0.047454 0.496007 0.022685 0.016319
9 0.125231 0.482639 0.025463 0.019444
9 0.128935 0.453819 0.025463 0.018750
9 0.099769 0.459375 0.024537 0.016667
9 0.096296 0.488368 0.026852 0.018403
9 0.894213 0.404340 0.048611 0.034375
9 0.791667 0.420312 0.041667 0.032986
9 0.313889 0.489410 0.030556 0.021181
9 0.316204 0.026215 0.044444 0.042014
9 0.446759 0.063889 0.044444 0.037500
9 0.568056 0.097049 0.042593 0.037153
9 0.315046 0.209375 0.034722 0.027083
9 0.263194 0.232813 0.029167 0.027431
9 0.210880 0.190451 0.034722 0.028125
9 0.189120 0.203646 0.033796 0.022569
9 0.163889 0.215104 0.031481 0.026736
9 0.099537 0.167882 0.036111 0.028819
9 0.079398 0.182292 0.036574 0.024306
9 0.056713 0.194965 0.035648 0.028125
10 0.775231 0.201910 0.035648 0.030208
10 0.864352 0.224132 0.037037 0.031597
10 0.946296 0.245312 0.037963 0.028819
10 0.515278 0.282118 0.026852 0.026736
10 0.479861 0.359896 0.024537 0.021181
10 0.050000 0.289236 0.026852 0.020833
10 0.140278 0.301215 0.027778 0.024653
10 0.031713 0.349306 0.024537 0.018750
10 0.212269 0.376215 0.019907 0.017708
10 0.069907 0.438715 0.022222 0.020486
10 0.278472 0.385764 0.023611 0.018750
10 0.571065 0.599653 0.019907 0.019444
8 0.342824 0.157118 0.045833 0.026736
