14 0.087731 0.532813 0.172685 0.248958
9 0.351157 0.025174 0.068981 0.049653
9 0.319676 0.083160 0.064352 0.048264
9 0.449769 0.182812 0.051389 0.041319
9 0.450000 0.110069 0.036111 0.032639
9 0.276157 0.167882 0.053241 0.039236
9 0.259491 0.139583 0.047685 0.036111
9 0.142130 0.410938 0.022222 0.016319
10 0.847917 0.402431 0.023611 0.016667
10 0.889815 0.392882 0.025000 0.016319
10 0.935648 0.382292 0.025000 0.016667
12 0.990509 0.423785 0.018981 0.046181
12 0.942824 0.433333 0.028241 0.042361
12 0.855556 0.449826 0.023148 0.039931
10 0.882870 0.506250 0.025000 0.016667
10 0.988426 0.483681 0.022222 0.015278
11 0.929861 0.535069 0.031019 0.067361
11 0.989815 0.536806 0.015741 0.062500
8 0.667130 0.406250 0.018519 0.009722
8 0.793519 0.413368 0.019444 0.008681
8 0.730787 0.410243 0.018056 0.008681
