6 0.222685 0.615451 0.224074 0.289931
6 0.416667 0.607292 0.212963 0.299306
6 0.636111 0.597743 0.230556 0.313542
1 0.738657 0.107465 0.170833 0.214236
1 0.409028 0.136285 0.181019 0.250347
1 0.141898 0.185590 0.196759 0.235069
9 0.769444 0.062500 0.098148 0.080556
9 0.752315 0.166319 0.112963 0.086806
9 0.452315 0.125694 0.092593 0.078472
9 0.427315 0.223090 0.100000 0.075347
9 0.189352 0.173958 0.091667 0.069444
9 0.163194 0.262674 0.093056 0.071181
10 0.309722 0.099653 0.077778 0.083333
10 0.551389 0.053646 0.089815 0.083681
9 0.931944 0.359028 0.104630 0.072222
9 0.619676 0.393750 0.095833 0.069444
9 0.365741 0.419618 0.077778 0.061458
12 0.113194 0.771528 0.039352 0.063889
12 0.879398 0.783507 0.039352 0.079514
15 0.749769 0.712674 0.098611 0.091319
15 0.909491 0.712153 0.093056 0.100694
11 0.888426 0.925347 0.038889 0.072917
11 0.755324 0.971354 0.030093 0.053819
11 0.821296 0.976736 0.035185 0.046528
11 0.787037 0.974479 0.033333 0.051042
8 0.357639 0.624306 0.061574 0.018750
