14 0.349250 0.430500 0.140000 0.253667
15 0.250250 0.225333 0.019500 0.027333
16 0.219125 0.249667 0.013250 0.032000
16 0.202875 0.249667 0.013250 0.032000
16 0.174625 0.250667 0.013250 0.032000
16 0.156375 0.252000 0.013250 0.032000
16 0.130375 0.254333 0.013250 0.032000
16 0.110875 0.257333 0.013250 0.032000
10 0.202000 0.220500 0.014000 0.027000
10 0.161250 0.223167 0.014000 0.027000
10 0.137000 0.222500 0.014000 0.027000
10 0.111000 0.223167 0.014000 0.027000
10 0.072875 0.175333 0.014250 0.043333
16 0.075750 0.253500 0.019000 0.035000
16 0.027750 0.254833 0.019000 0.035000
14 0.330000 0.283333 0.072000 0.134667
13 0.850500 0.318833 0.087500 0.105667
13 0.740250 0.276667 0.065000 0.088000
13 0.667375 0.248667 0.050250 0.073333
13 0.614250 0.229167 0.038500 0.062333
13 0.572875 0.215833 0.032750 0.057000
13 0.539000 0.203333 0.029500 0.050000
13 0.513750 0.195833 0.025500 0.047000
1 0.976750 0.171000 0.032500 0.112667
1 0.880750 0.171500 0.031000 0.109667
1 0.843625 0.157833 0.031750 0.105000
1 0.807625 0.161333 0.028750 0.087333
1 0.755750 0.155000 0.025500 0.078667
1 0.728875 0.151000 0.023750 0.072667
1 0.706000 0.148833 0.021000 0.066333
1 0.671125 0.148500 0.020250 0.057667
1 0.652250 0.145000 0.017000 0.055333
1 0.636250 0.142667 0.017000 0.055333
1 0.611625 0.143167 0.013750 0.048333
1 0.597875 0.143167 0.013750 0.048333
1 0.586875 0.144833 0.013750 0.048333
1 0.571875 0.141833 0.013750 0.048333
1 0.561875 0.145000 0.013750 0.044000
1 0.550625 0.138000 0.013750 0.044000
1 0.539375 0.137000 0.013750 0.044000
1 0.532625 0.136833 0.012250 0.036333
