13 0.807500 0.340000 0.075000 0.114000
13 0.702625 0.303167 0.061250 0.082333
13 0.959375 0.412000 0.081250 0.126667
13 0.635875 0.274500 0.049250 0.061667
13 0.581875 0.252667 0.036250 0.048000
13 0.541250 0.240333 0.029000 0.044667
13 0.511875 0.227167 0.024750 0.039000
13 0.487375 0.217833 0.019750 0.035000
1 0.978625 0.224667 0.029750 0.106000
1 0.921625 0.222667 0.031250 0.102667
1 0.837500 0.208167 0.024500 0.090333
1 0.797875 0.201667 0.021750 0.081333
1 0.769125 0.197333 0.023250 0.075333
1 0.714125 0.189167 0.017250 0.073667
1 0.692625 0.184000 0.018250 0.066667
1 0.668125 0.180333 0.015250 0.058000
9 0.985875 0.203500 0.023250 0.028333
9 0.979875 0.249833 0.023250 0.028333
9 0.926375 0.243167 0.023250 0.028333
9 0.929125 0.196500 0.023250 0.028333
9 0.838750 0.229167 0.020000 0.027667
9 0.843375 0.188167 0.020250 0.027667
9 0.802125 0.221000 0.019750 0.024000
9 0.805500 0.183000 0.018500 0.022000
9 0.771750 0.179667 0.018500 0.022000
9 0.769500 0.216000 0.018500 0.022000
9 0.719250 0.208667 0.018500 0.022000
9 0.720750 0.175333 0.018500 0.022000
9 0.696750 0.172000 0.018500 0.022000
9 0.695875 0.200667 0.017250 0.021333
9 0.672875 0.198333 0.015750 0.016667
9 0.673250 0.170167 0.014000 0.017000
9 0.640000 0.168167 0.014000 0.017000
9 0.638000 0.193833 0.014000 0.017000
1 0.635625 0.176667 0.015250 0.058000
1 0.616875 0.177667 0.015250 0.058000
9 0.619500 0.164167 0.014000 0.017000
9 0.618000 0.189167 0.014000 0.017000
15 0.741625 0.234333 0.015250 0.020667
15 0.710375 0.227667 0.015250 0.020667
15 0.689125 0.222333 0.015250 0.020667
15 0.657000 0.213000 0.013000 0.020000
15 0.643125 0.209667 0.015250 0.020667
15 0.623125 0.205833 0.011250 0.019000
10 0.866375 0.010333 0.020250 0.020000
10 0.805250 0.008333 0.018500 0.016000
10 0.742000 0.006167 0.016000 0.011667
10 0.678125 0.031833 0.014250 0.021000
10 0.646750 0.038000 0.012500 0.015333
10 0.630250 0.031000 0.012500 0.015333
10 0.596125 0.038333 0.010250 0.015333
10 0.565125 0.035667 0.010250 0.015333
10 0.556625 0.037667 0.010250 0.015333
10 0.547625 0.037000 0.010250 0.015333
10 0.534125 0.053667 0.010250 0.015333
10 0.497000 0.055000 0.008500 0.013333
10 0.504000 0.054000 0.008500 0.013333
10 0.511750 0.050333 0.008500 0.013333
10 0.413500 0.111833 0.013000 0.022333
10 0.401000 0.113167 0.013000 0.022333
10 0.425250 0.112500 0.011000 0.019000
10 0.372000 0.116500 0.011000 0.019000
10 0.380750 0.116833 0.011000 0.019000
14 0.331125 0.452833 0.125250 0.237000
14 0.302750 0.299833 0.066500 0.117000
1 0.174125 0.238667 0.007750 0.023333
1 0.133125 0.241333 0.007750 0.023333
1 0.108625 0.241667 0.007750 0.023333
9 0.174750 0.236667 0.009500 0.013333
9 0.133500 0.238000 0.009500 0.013333
9 0.109625 0.239500 0.009750 0.015000
1 0.085125 0.243000 0.009250 0.028000
9 0.085375 0.239833 0.009750 0.015000
10 0.049250 0.175667 0.008000 0.015333
10 0.058000 0.175667 0.008000 0.015333
10 0.053500 0.175667 0.008000 0.015333
15 0.197500 0.174667 0.015000 0.019333
12 0.019500 0.204500 0.014500 0.046333
12 0.031750 0.196000 0.016500 0.037333
10 0.033250 0.230333 0.011000 0.016000
