13 0.817875 0.774000 0.125250 0.160667
13 0.604000 0.715667 0.079500 0.096667
13 0.456000 0.674667 0.060000 0.076000
13 0.357625 0.641500 0.046750 0.070333
13 0.285000 0.627500 0.042000 0.063667
13 0.226000 0.607333 0.038500 0.056000
13 0.183875 0.593667 0.028250 0.047333
13 0.148125 0.585667 0.026750 0.044667
16 0.860250 0.579000 0.073000 0.136000
16 0.917250 0.562667 0.062500 0.121333
16 0.955625 0.557333 0.061250 0.110000
1 0.796875 0.577000 0.029250 0.125333
1 0.727125 0.574167 0.028250 0.119667
1 0.623625 0.561833 0.028750 0.110333
1 0.575125 0.550667 0.027750 0.090000
1 0.531125 0.549000 0.025750 0.080667
1 0.465750 0.542833 0.023500 0.073000
1 0.433250 0.541667 0.022000 0.066667
1 0.402875 0.538000 0.021250 0.062667
1 0.358625 0.535500 0.020750 0.059000
1 0.335500 0.534667 0.018500 0.053333
1 0.311000 0.530333 0.018500 0.053333
1 0.277625 0.526500 0.017250 0.050333
1 0.250375 0.523333 0.017750 0.043333
10 0.851875 0.273667 0.039750 0.065333
10 0.908000 0.292833 0.038000 0.057000
10 0.948500 0.303167 0.036000 0.051667
10 0.646625 0.351333 0.033250 0.056000
10 0.598875 0.341833 0.027750 0.049667
10 0.543125 0.334167 0.026750 0.045000
10 0.467500 0.385167 0.021500 0.035667
10 0.419500 0.377500 0.021500 0.035667
10 0.363500 0.372833 0.021500 0.035667
10 0.565875 0.398500 0.016250 0.029667
10 0.310250 0.395667 0.017000 0.028000
10 0.264750 0.395667 0.017000 0.028000
8 0.627875 0.181833 0.035750 0.028333
8 0.584375 0.201500 0.035750 0.028333
8 0.483125 0.243500 0.035750 0.029667
8 0.453375 0.252833 0.035750 0.029667
8 0.379500 0.279333 0.031500 0.025333
8 0.356375 0.289000 0.027250 0.024667
12 0.350875 0.257167 0.015250 0.021667
12 0.365875 0.249833 0.015250 0.021667
12 0.390125 0.241500 0.015250 0.021667
12 0.449625 0.216167 0.015250 0.021667
12 0.476125 0.204500 0.015250 0.021667
12 0.497875 0.193333 0.018250 0.022667
8 0.675125 0.165167 0.035750 0.028333
