10 0.883500 0.237500 0.039000 0.050333
10 0.937000 0.264000 0.036000 0.035333
10 0.979125 0.284667 0.032750 0.033333
10 0.557750 0.319333 0.030000 0.034000
10 0.613875 0.331833 0.023250 0.029667
10 0.662250 0.343500 0.022500 0.030333
10 0.376625 0.360667 0.019750 0.029333
10 0.430625 0.370167 0.020250 0.025000
10 0.478125 0.377500 0.019250 0.025000
8 0.362875 0.284500 0.020750 0.019667
8 0.385500 0.275000 0.018000 0.022667
8 0.455625 0.246333 0.019750 0.021333
8 0.487750 0.234333 0.018000 0.025333
8 0.589375 0.191833 0.022250 0.023667
8 0.637625 0.171000 0.030250 0.020667
8 0.685625 0.152833 0.024250 0.032333
10 0.271875 0.386000 0.016250 0.023333
10 0.319250 0.392000 0.018000 0.018667
16 0.891125 0.553833 0.090750 0.137667
16 0.954250 0.549167 0.062000 0.125000
11 0.960625 0.745667 0.012250 0.053333
11 0.911750 0.734667 0.014500 0.050667
12 0.932875 0.730167 0.026250 0.076333
12 0.849250 0.645167 0.021000 0.047000
12 0.785625 0.627667 0.014750 0.044667
15 0.767500 0.629167 0.029000 0.044333
15 0.825875 0.639167 0.027750 0.047667
15 0.563125 0.599000 0.023750 0.039333
15 0.355625 0.573000 0.021750 0.028667
13 0.841375 0.764667 0.128250 0.150667
13 0.606875 0.708500 0.093750 0.120333
13 0.461000 0.665833 0.073000 0.091000
13 0.359875 0.639000 0.059750 0.073333
13 0.286750 0.620667 0.049500 0.060000
13 0.229250 0.606500 0.038500 0.050333
13 0.182875 0.594333 0.036250 0.044667
13 0.148125 0.586167 0.027750 0.039000
13 0.119125 0.578000 0.022250 0.036667
1 0.824125 0.564167 0.031250 0.122333
1 0.748625 0.558500 0.036250 0.117667
1 0.640750 0.557833 0.033500 0.107000
1 0.589000 0.547167 0.027500 0.094333
1 0.545375 0.542500 0.033750 0.089000
1 0.477750 0.537667 0.030500 0.088667
1 0.444375 0.538333 0.027250 0.080000
1 0.414000 0.535333 0.027000 0.085333
1 0.369375 0.528000 0.030750 0.074667
1 0.343375 0.528667 0.026750 0.068667
1 0.323750 0.527833 0.028500 0.064333
1 0.286375 0.529000 0.025250 0.061333
1 0.268250 0.524667 0.019500 0.056667
1 0.253250 0.524500 0.021500 0.052333
1 0.230000 0.521500 0.022500 0.050333
1 0.215750 0.522167 0.016500 0.048333
1 0.202875 0.520667 0.018250 0.048000
1 0.183500 0.518500 0.020500 0.048333
1 0.171625 0.520667 0.014750 0.046000
1 0.162625 0.517833 0.016750 0.046333
1 0.146750 0.515333 0.013000 0.044000
1 0.137500 0.516500 0.013000 0.046333
1 0.129375 0.519500 0.012750 0.047667
1 0.119250 0.517167 0.013000 0.043000
1 0.109750 0.519500 0.013500 0.041667
1 0.090625 0.542167 0.026750 0.081000
9 0.825375 0.595167 0.026250 0.033667
9 0.825250 0.539000 0.026000 0.030667
9 0.751000 0.585833 0.026000 0.025000
9 0.750375 0.536167 0.025250 0.029667
9 0.479500 0.558500 0.014500 0.021667
9 0.479875 0.524500 0.013250 0.021000
9 0.546125 0.527500 0.021750 0.024333
9 0.546125 0.564167 0.017750 0.026333
9 0.591500 0.569333 0.020500 0.023333
9 0.589875 0.529167 0.019250 0.021667
9 0.641375 0.574667 0.021750 0.026667
9 0.642125 0.532333 0.017250 0.031333
