11 0.053875 0.237333 0.018750 0.034667
11 0.017750 0.250833 0.010000 0.029667
12 0.048625 0.175333 0.015250 0.044667
12 0.007500 0.173500 0.014500 0.047667
12 0.076375 0.168167 0.013750 0.039667
12 0.059125 0.164167 0.017750 0.033667
14 0.332625 0.273667 0.067250 0.114667
14 0.351625 0.416333 0.123750 0.237333
10 0.436750 0.062833 0.017000 0.025667
10 0.425375 0.066333 0.015250 0.022000
10 0.404750 0.074833 0.014000 0.021000
10 0.006625 0.129333 0.012750 0.020667
13 0.851250 0.302333 0.082000 0.098667
13 0.740875 0.262167 0.061250 0.075667
13 0.667250 0.237333 0.047000 0.063333
13 0.613500 0.219000 0.034500 0.056000
13 0.572875 0.206667 0.030250 0.046000
13 0.541875 0.197500 0.024750 0.041000
13 0.516375 0.189667 0.021250 0.032000
9 0.979750 0.183167 0.022000 0.029000
9 0.986125 0.134500 0.022750 0.030333
9 0.894375 0.130333 0.016250 0.024667
9 0.888625 0.173500 0.020750 0.022333
9 0.849000 0.170000 0.017500 0.025333
9 0.852500 0.129167 0.021000 0.026333
9 0.815875 0.127667 0.019750 0.020667
9 0.810500 0.166000 0.019000 0.024667
9 0.761375 0.127167 0.015250 0.023667
9 0.757375 0.161500 0.016250 0.020333
1 0.977500 0.158500 0.045000 0.112333
1 0.887375 0.152000 0.038750 0.104667
1 0.846500 0.148333 0.039500 0.091333
1 0.812125 0.146833 0.039250 0.089667
1 0.759125 0.143667 0.035750 0.082667
1 0.731625 0.140833 0.030250 0.073000
1 0.710625 0.141500 0.028250 0.066333
1 0.674125 0.139333 0.028750 0.064667
1 0.638375 0.138333 0.016750 0.066667
1 0.655750 0.137333 0.022500 0.068000
1 0.615000 0.133667 0.019500 0.058667
1 0.602125 0.132167 0.017250 0.056333
1 0.591500 0.132167 0.016500 0.052333
1 0.573125 0.128833 0.015750 0.046333
15 0.225375 0.149000 0.019250 0.028000
