14 0.389557 0.847808 0.074007 0.162810
16 0.906810 0.873400 0.037003 0.059352
16 0.933712 0.829567 0.030874 0.048462
16 0.954597 0.794718 0.027242 0.044106
11 0.144268 0.700926 0.005675 0.032943
11 0.148695 0.699020 0.004540 0.030221
11 0.153008 0.697250 0.004540 0.029404
10 0.153575 0.673700 0.008400 0.011163
10 0.172077 0.698748 0.014983 0.013341
11 0.199773 0.699292 0.009535 0.032943
12 0.184222 0.669888 0.009308 0.025320
15 0.180363 0.632181 0.032917 0.023414
15 0.190919 0.622516 0.031782 0.022053
15 0.201703 0.614756 0.030647 0.020147
12 0.208400 0.651375 0.011805 0.017697
12 0.218275 0.642390 0.008854 0.013885
14 0.379001 0.659134 0.038365 0.065342
1 0.476277 0.722434 0.018615 0.058535
9 0.474347 0.711135 0.012486 0.015246
9 0.474347 0.733733 0.012486 0.012524
13 0.769126 0.789137 0.059024 0.075960
13 0.682293 0.737000 0.044722 0.056629
13 0.620658 0.698475 0.034506 0.046011
13 0.579455 0.669344 0.028831 0.036210
10 0.901022 0.698475 0.020885 0.033488
10 0.993190 0.626055 0.011351 0.021508
10 0.854711 0.608086 0.010897 0.019330
10 0.727809 0.649877 0.017707 0.026137
10 0.751986 0.589573 0.012486 0.016608
10 0.629171 0.615029 0.011124 0.019058
10 0.569921 0.591887 0.012032 0.014157
10 0.678547 0.575960 0.008173 0.014974
10 0.626107 0.563300 0.007264 0.011435
12 0.526561 0.486659 0.006583 0.009529
12 0.530760 0.485707 0.004994 0.009257
12 0.537003 0.485434 0.005675 0.009801
12 0.549943 0.485843 0.004767 0.011163
12 0.554938 0.485843 0.005675 0.011163
12 0.562656 0.485298 0.006583 0.010618
12 0.621793 0.481895 0.009081 0.016335
12 0.630533 0.481895 0.008400 0.016880
12 0.643814 0.480670 0.010443 0.017697
12 0.680250 0.481078 0.007946 0.019058
12 0.697843 0.480534 0.012713 0.020147
12 0.710216 0.477947 0.011124 0.021508
10 0.769807 0.502450 0.011805 0.018786
10 0.453802 0.675742 0.014075 0.018513
1 0.929058 0.770760 0.019296 0.066431
1 0.883995 0.758100 0.017707 0.062347
1 0.846765 0.741628 0.019523 0.069153
1 0.784336 0.724068 0.015891 0.053635
1 0.755278 0.711271 0.019523 0.052001
1 0.729171 0.698748 0.016345 0.049279
1 0.689330 0.681187 0.013394 0.044106
1 0.670261 0.671386 0.013394 0.041383
1 0.625766 0.649469 0.012032 0.029676
9 0.626107 0.655459 0.010443 0.010074
9 0.626447 0.640076 0.008400 0.009257
9 0.671737 0.679009 0.009535 0.010890
9 0.672077 0.661448 0.008854 0.009529
9 0.653802 0.653689 0.009989 0.009257
9 0.690352 0.688810 0.009989 0.010346
9 0.690465 0.670841 0.009762 0.010346
9 0.730647 0.688266 0.011124 0.011435
9 0.730760 0.707324 0.009989 0.010346
9 0.755392 0.698067 0.011578 0.011979
9 0.755846 0.719984 0.012486 0.014430
9 0.784790 0.710319 0.013167 0.015246
9 0.784563 0.732916 0.013621 0.016335
