15 0.123532 0.547523 0.013098 0.018206
15 0.111902 0.512450 0.009259 0.017135
16 0.105352 0.558099 0.008808 0.018474
16 0.096093 0.558099 0.008808 0.018474
16 0.082317 0.557564 0.008808 0.018474
16 0.073284 0.558099 0.008808 0.018474
16 0.058830 0.558367 0.008808 0.018474
16 0.049345 0.558635 0.008808 0.018474
16 0.032633 0.558099 0.008808 0.018474
10 0.021680 0.523829 0.006323 0.023829
10 0.036134 0.520348 0.005420 0.022222
15 0.028455 0.519545 0.008582 0.017403
14 0.164860 0.578313 0.040650 0.065328
14 0.173668 0.655689 0.078591 0.149933
13 0.700203 0.632129 0.070235 0.076037
13 0.570574 0.610977 0.058943 0.073360
13 0.477642 0.589826 0.050136 0.056760
13 0.415537 0.575770 0.041554 0.049531
13 0.371274 0.561044 0.034327 0.044177
13 0.340560 0.553949 0.027100 0.034806
16 0.727529 0.528648 0.044490 0.069344
16 0.750903 0.525167 0.034779 0.056493
1 0.691057 0.531058 0.020777 0.078983
1 0.651310 0.525033 0.018970 0.072825
1 0.589657 0.524230 0.018970 0.067470
1 0.554426 0.520616 0.018067 0.059170
1 0.527778 0.517805 0.016712 0.053548
1 0.485434 0.513387 0.016938 0.048996
1 0.464657 0.512985 0.017389 0.046586
1 0.446703 0.515127 0.015357 0.042303
1 0.417909 0.509371 0.016486 0.039893
10 0.725610 0.361178 0.026649 0.051941
10 0.752371 0.371084 0.023713 0.049799
10 0.604562 0.404284 0.019874 0.036412
10 0.572719 0.392771 0.019874 0.036412
10 0.535569 0.385944 0.021906 0.041499
10 0.424119 0.413119 0.015357 0.035341
10 0.456414 0.415797 0.015357 0.035341
10 0.489612 0.421151 0.015357 0.035341
8 0.417118 0.373360 0.023035 0.024364
8 0.435411 0.368541 0.023035 0.024364
8 0.477078 0.352477 0.022809 0.020080
8 0.495822 0.343909 0.022809 0.020080
8 0.559056 0.324096 0.022809 0.020080
8 0.589995 0.311513 0.022809 0.020080
8 0.620257 0.306693 0.022809 0.020080
10 0.550587 0.434003 0.011292 0.019813
10 0.571816 0.437216 0.011292 0.019813
10 0.591915 0.441499 0.011292 0.019813
1 0.402552 0.508835 0.013776 0.033467
1 0.390131 0.507631 0.010614 0.030522
1 0.378162 0.506560 0.010614 0.030522
1 0.368451 0.507363 0.010614 0.030522
1 0.360095 0.508434 0.010614 0.030522
1 0.349932 0.507898 0.010614 0.030522
1 0.335930 0.506827 0.010614 0.030522
