10 0.013985 0.447917 0.013339 0.022222
10 0.044105 0.455556 0.010757 0.018056
10 0.063038 0.457639 0.010757 0.015278
12 0.089716 0.492014 0.008176 0.028472
14 0.261833 0.607639 0.067556 0.131944
11 0.697504 0.582639 0.005164 0.038889
12 0.660499 0.565972 0.008606 0.027778
12 0.641997 0.562153 0.008606 0.028472
12 0.642857 0.536458 0.006885 0.018750
12 0.618546 0.531597 0.004733 0.017361
15 0.630809 0.534028 0.012909 0.022222
15 0.608864 0.531250 0.012909 0.019444
15 0.554217 0.525347 0.012048 0.017361
16 0.598537 0.442708 0.029260 0.053472
16 0.628442 0.449653 0.022806 0.042361
16 0.647590 0.451042 0.022375 0.038194
13 0.613382 0.572569 0.051205 0.070139
13 0.533133 0.557639 0.037866 0.050000
13 0.484294 0.549306 0.029690 0.041667
13 0.448580 0.539583 0.025387 0.037500
13 0.423408 0.535764 0.017212 0.031250
13 0.403830 0.530903 0.015921 0.025694
8 0.564114 0.295486 0.012048 0.014583
8 0.549053 0.306944 0.015491 0.011111
8 0.532057 0.318056 0.014200 0.012500
8 0.496558 0.340278 0.011188 0.011111
8 0.485370 0.347569 0.009466 0.010417
8 0.459768 0.365972 0.009897 0.008333
8 0.453313 0.371875 0.009036 0.007639
10 0.536360 0.307292 0.008176 0.011806
10 0.597031 0.301042 0.015060 0.031250
10 0.625000 0.316319 0.014200 0.024306
10 0.648666 0.329514 0.012478 0.021528
10 0.500645 0.356597 0.009897 0.021528
10 0.524096 0.365972 0.009466 0.019444
10 0.547978 0.372917 0.015060 0.012500
10 0.591222 0.392361 0.006885 0.015278
10 0.606713 0.397917 0.007745 0.013889
10 0.621343 0.402778 0.008606 0.015278
1 0.579174 0.475347 0.014630 0.054861
1 0.543029 0.478472 0.012048 0.044444
1 0.525818 0.480903 0.013769 0.039583
1 0.510112 0.480556 0.011618 0.041667
1 0.489028 0.481944 0.013339 0.038889
1 0.476334 0.484375 0.011188 0.038194
1 0.465361 0.485764 0.009036 0.035417
9 0.466222 0.477083 0.006454 0.009722
9 0.466652 0.492014 0.006454 0.013194
9 0.476549 0.492361 0.008176 0.013889
9 0.477194 0.476042 0.006885 0.010417
9 0.488597 0.475000 0.008176 0.011111
9 0.489243 0.491667 0.008606 0.012500
9 0.511403 0.490972 0.009036 0.013889
9 0.511403 0.472222 0.009036 0.012500
9 0.525602 0.471181 0.008176 0.013194
9 0.525387 0.490625 0.008606 0.013194
9 0.542599 0.489931 0.007745 0.011806
9 0.543244 0.470486 0.009036 0.014583
9 0.581110 0.487153 0.010757 0.017361
9 0.580465 0.464931 0.011188 0.018750
