1 0.108594 0.306250 0.101562 0.360417
1 0.339844 0.355208 0.104688 0.322917
3 0.683984 0.465625 0.078906 0.331250
3 0.589844 0.948958 0.037500 0.097917
3 0.879297 0.518229 0.082031 0.307292
10 0.721094 0.898438 0.025000 0.051042
10 0.567969 0.875000 0.025000 0.052083
10 0.380078 0.846875 0.024219 0.052083
9 0.112109 0.245312 0.074219 0.094792
9 0.096484 0.371354 0.074219 0.094792
9 0.327734 0.418229 0.074219 0.094792
9 0.338672 0.300521 0.074219 0.094792
9 0.681641 0.558854 0.074219 0.094792
2 0.775000 0.346875 0.125000 0.218750
2 0.951172 0.401042 0.097656 0.191667
