15 0.078906 0.305729 0.057813 0.059375
15 0.157812 0.309375 0.042188 0.056250
15 0.231641 0.310937 0.046094 0.055208
15 0.380078 0.313021 0.050781 0.061458
15 0.446875 0.316667 0.045312 0.054167
15 0.507031 0.320312 0.048438 0.057292
16 0.700781 0.428646 0.015625 0.023958
16 0.683203 0.430208 0.016406 0.022917
16 0.666016 0.432292 0.016406 0.025000
13 0.592969 0.523438 0.045312 0.048958
11 0.076563 0.491667 0.014063 0.075000
11 0.093750 0.492708 0.014063 0.075000
11 0.111719 0.494271 0.014063 0.078125
11 0.157812 0.498958 0.012500 0.075000
11 0.175391 0.500000 0.013281 0.079167
11 0.191797 0.499479 0.013281 0.078125
11 0.236328 0.498437 0.013281 0.078125
11 0.251563 0.500521 0.014063 0.078125
11 0.267969 0.500000 0.014063 0.081250
11 0.392578 0.467708 0.011719 0.097917
11 0.408594 0.468229 0.012500 0.101042
11 0.424609 0.469271 0.010156 0.101042
11 0.458594 0.469792 0.010937 0.100000
11 0.474219 0.470833 0.010937 0.100000
11 0.489453 0.470833 0.011719 0.100000
11 0.522656 0.468750 0.012500 0.097917
11 0.537891 0.469271 0.013281 0.098958
11 0.553125 0.471875 0.010937 0.095833
11 0.437891 0.479167 0.019531 0.081250
12 0.020703 0.194271 0.010156 0.021875
12 0.228906 0.214062 0.014063 0.021875
12 0.249219 0.214583 0.012500 0.018750
12 0.282422 0.217708 0.011719 0.016667
12 0.351172 0.226562 0.013281 0.021875
12 0.378125 0.227604 0.009375 0.017708
12 0.398828 0.228646 0.011719 0.019792
14 0.509375 0.554167 0.098437 0.139583
