1 0.522656 0.679167 0.078125 0.185417
1 0.417187 0.721875 0.078125 0.185417
1 0.326562 0.754167 0.078125 0.185417
1 0.185156 0.820833 0.056250 0.147917
1 0.113672 0.856250 0.063281 0.120833
1 0.048828 0.873958 0.063281 0.120833
9 0.521484 0.718750 0.066406 0.081250
9 0.525781 0.633854 0.062500 0.067708
9 0.414844 0.761979 0.062500 0.067708
9 0.424219 0.679688 0.056250 0.061458
9 0.321094 0.799479 0.056250 0.061458
9 0.335547 0.723958 0.052344 0.056250
9 0.183203 0.856250 0.052344 0.056250
9 0.190234 0.785417 0.042969 0.054167
9 0.108203 0.883333 0.042969 0.054167
9 0.049219 0.910937 0.040625 0.044792
9 0.054688 0.845313 0.040625 0.044792
9 0.120313 0.820312 0.040625 0.044792
1 0.753125 0.585417 0.073438 0.183333
1 0.909375 0.512500 0.073438 0.183333
9 0.755078 0.530729 0.060156 0.069792
9 0.755859 0.628646 0.060156 0.069792
9 0.913672 0.562500 0.060156 0.072917
9 0.910547 0.461458 0.060156 0.072917
8 0.817578 0.026042 0.028906 0.029167
8 0.647266 0.139583 0.028906 0.029167
8 0.485156 0.255729 0.025000 0.026042
10 0.235937 0.433333 0.031250 0.037500
10 0.139844 0.360417 0.031250 0.037500
8 0.912891 0.847396 0.016406 0.021875
8 0.823438 0.825000 0.007812 0.016667
8 0.864453 0.866146 0.016406 0.021875
8 0.830859 0.819271 0.010156 0.015625
