1 0.488281 0.477083 0.057813 0.191667
1 0.301563 0.404167 0.062500 0.191667
1 0.167578 0.353646 0.064844 0.226042
1 0.033203 0.300000 0.061719 0.231250
1 0.832031 0.614583 0.051562 0.156250
1 0.574609 0.515625 0.053906 0.160417
1 0.771875 0.581250 0.048438 0.181250
1 0.650781 0.543750 0.046875 0.164583
1 0.962109 0.675521 0.044531 0.165625
1 0.873828 0.635938 0.047656 0.144792
9 0.569531 0.484375 0.043750 0.072917
9 0.571484 0.558854 0.041406 0.059375
9 0.021875 0.361979 0.042188 0.096875
9 0.292969 0.459375 0.045312 0.079167
9 0.161719 0.416146 0.059375 0.076042
9 0.292187 0.374479 0.046875 0.071875
9 0.023828 0.255729 0.046094 0.094792
9 0.824219 0.592187 0.037500 0.040625
13 0.810547 0.879167 0.163281 0.158333
13 0.114062 0.763021 0.226562 0.244792
13 0.535156 0.842187 0.207813 0.217708
13 0.962891 0.894271 0.074219 0.153125
10 0.960547 0.391667 0.027344 0.037500
10 0.955859 0.146875 0.035156 0.041667
10 0.757422 0.252083 0.028906 0.037500
10 0.773047 0.470313 0.024219 0.026042
10 0.708203 0.497396 0.021094 0.028125
10 0.562891 0.361979 0.025781 0.028125
9 0.236719 0.556250 0.045312 0.054167
9 0.111719 0.523438 0.042188 0.053125
9 0.414453 0.613021 0.030469 0.036458
9 0.500391 0.639583 0.030469 0.039583
9 0.577344 0.660417 0.026562 0.039583
9 0.756250 0.714583 0.025000 0.039583
9 0.807422 0.729167 0.025781 0.033333
9 0.936719 0.759896 0.021875 0.028125
9 0.976562 0.769792 0.020313 0.027083
9 0.167969 0.321875 0.046875 0.064583
9 0.483594 0.451042 0.042188 0.054167
9 0.482422 0.528646 0.036719 0.055208
9 0.648047 0.518229 0.036719 0.048958
9 0.649609 0.587500 0.036719 0.050000
9 0.770703 0.567708 0.033594 0.039583
9 0.772656 0.630208 0.035937 0.043750
9 0.830078 0.654167 0.030469 0.041667
9 0.878906 0.613542 0.031250 0.041667
9 0.881641 0.671354 0.030469 0.046875
9 0.962109 0.645833 0.028906 0.035417
9 0.967578 0.704167 0.025781 0.035417
15 0.431250 0.907813 0.029687 0.044792
8 0.707422 0.126042 0.036719 0.041667
8 0.759375 0.162500 0.031250 0.041667
10 0.851172 0.192708 0.036719 0.050000
