1 0.379688 0.673958 0.067187 0.266667
1 0.563672 0.684375 0.066406 0.281250
1 0.888281 0.692708 0.079687 0.258333
1 0.185938 0.672917 0.073438 0.266667
8 0.049219 0.134896 0.034375 0.138542
9 0.164453 0.145313 0.063281 0.086458
10 0.630078 0.203646 0.052344 0.078125
10 0.794531 0.218750 0.050000 0.079167
10 0.848437 0.038542 0.060937 0.075000
10 0.869922 0.953125 0.055469 0.081250
10 0.889453 0.776563 0.052344 0.069792
10 0.873828 0.684896 0.050781 0.067708
10 0.562109 0.663542 0.049219 0.072917
10 0.564063 0.756250 0.056250 0.077083
10 0.377734 0.741146 0.057031 0.073958
10 0.380078 0.642188 0.055469 0.069792
10 0.195703 0.623958 0.055469 0.068750
10 0.183594 0.727083 0.056250 0.081250
