11 0.339062 0.106771 0.025000 0.088542
11 0.260156 0.108333 0.021875 0.089583
11 0.366406 0.110937 0.015625 0.084375
11 0.275000 0.106771 0.021875 0.088542
11 0.401562 0.108333 0.018750 0.091667
11 0.347656 0.115625 0.012500 0.089583
11 0.327344 0.113021 0.010937 0.086458
11 0.569141 0.135937 0.017969 0.065625
11 0.585938 0.138542 0.015625 0.070833
11 0.603125 0.139063 0.015625 0.069792
11 0.643750 0.139063 0.014063 0.059375
11 0.659766 0.141146 0.013281 0.063542
11 0.719922 0.132812 0.013281 0.067708
11 0.736328 0.133854 0.016406 0.069792
11 0.752344 0.134375 0.015625 0.070833
10 0.539062 0.063021 0.018750 0.028125
10 0.208594 0.071875 0.021875 0.025000
