1 0.810156 0.074479 0.034375 0.146875
1 0.641797 0.077604 0.038281 0.151042
1 0.466797 0.082292 0.036719 0.152083
1 0.905469 0.072917 0.034375 0.143750
13 0.905078 0.325000 0.141406 0.145833
15 0.460938 0.365625 0.032813 0.064583
15 0.370703 0.363542 0.027344 0.054167
15 0.690234 0.364063 0.027344 0.069792
10 0.644141 0.374479 0.019531 0.042708
15 0.173828 0.367708 0.038281 0.060417
9 0.508203 0.173437 0.025781 0.038542
9 0.465625 0.112500 0.028125 0.041667
9 0.468359 0.056250 0.025781 0.039583
9 0.555859 0.053646 0.030469 0.044792
9 0.557031 0.108854 0.032813 0.046875
9 0.642188 0.105729 0.029687 0.040625
9 0.644922 0.048438 0.025781 0.036458
9 0.675000 0.166667 0.028125 0.039583
9 0.811719 0.095312 0.031250 0.042708
9 0.812109 0.036979 0.028906 0.040625
9 0.907813 0.030729 0.028125 0.044792
9 0.907031 0.092188 0.029687 0.036458
1 0.556250 0.081250 0.040625 0.147917
