13 0.419141 0.815625 0.296094 0.345833
13 0.885547 0.861458 0.225781 0.254167
12 0.574219 0.956771 0.035937 0.078125
15 0.130078 0.905208 0.039844 0.120833
9 0.285938 0.322917 0.060937 0.089583
9 0.280859 0.212500 0.057031 0.079167
9 0.443750 0.269792 0.064062 0.075000
9 0.451172 0.383854 0.067969 0.084375
9 0.594141 0.421354 0.064844 0.073958
9 0.589453 0.319792 0.063281 0.075000
9 0.799609 0.488542 0.050781 0.083333
9 0.792578 0.395313 0.052344 0.073958
9 0.891797 0.428646 0.050781 0.073958
9 0.901953 0.510938 0.052344 0.065625
1 0.902344 0.463542 0.096875 0.210417
1 0.803906 0.428125 0.096875 0.231250
1 0.598437 0.355208 0.109375 0.250000
1 0.454688 0.313021 0.098437 0.280208
1 0.291406 0.256250 0.089063 0.270833
