1 0.746094 0.084375 0.070312 0.166667
1 0.649609 0.109375 0.071094 0.145833
1 0.932813 0.403125 0.032813 0.116667
9 0.852344 0.050521 0.046875 0.082292
10 0.448828 0.150521 0.039844 0.082292
10 0.564063 0.076042 0.043750 0.068750
10 0.504297 0.119271 0.041406 0.069792
14 0.642578 0.619792 0.386719 0.556250
14 0.908984 0.568229 0.182031 0.296875
15 0.078125 0.106771 0.057813 0.076042
1 0.581641 0.339583 0.064844 0.162500
10 0.951562 0.317188 0.018750 0.036458
10 0.893359 0.271354 0.021094 0.030208
9 0.585156 0.384375 0.048438 0.050000
9 0.588672 0.318229 0.044531 0.053125
9 0.658984 0.155208 0.046094 0.056250
9 0.661719 0.084375 0.045312 0.054167
9 0.748047 0.105729 0.052344 0.059375
9 0.751953 0.026042 0.049219 0.050000
9 0.934375 0.380208 0.023438 0.031250
9 0.933203 0.424479 0.028906 0.032292
1 0.869531 0.410938 0.037500 0.103125
9 0.872266 0.396875 0.024219 0.031250
9 0.869922 0.442188 0.022656 0.030208
9 0.482031 0.256250 0.031250 0.031250
9 0.538672 0.225000 0.032031 0.039583
