15 0.609375 0.215625 0.078125 0.093750
15 0.704688 0.229687 0.079687 0.096875
15 0.798828 0.233854 0.078906 0.096875
15 0.150000 0.154688 0.057813 0.084375
15 0.278125 0.168750 0.056250 0.085417
15 0.392578 0.186979 0.075781 0.082292
14 0.724219 0.610417 0.115625 0.170833
16 0.923047 0.469792 0.027344 0.043750
16 0.897266 0.476042 0.022656 0.035417
16 0.874609 0.449479 0.019531 0.126042
16 0.852344 0.447396 0.020313 0.126042
16 0.827734 0.445312 0.021094 0.123958
16 0.782813 0.443229 0.017188 0.119792
16 0.761719 0.443229 0.020313 0.126042
16 0.735547 0.438542 0.014844 0.133333
16 0.685547 0.433854 0.017969 0.132292
16 0.663672 0.433854 0.019531 0.140625
16 0.638281 0.434896 0.020313 0.140625
6 0.535156 0.534896 0.025000 0.090625
6 0.502344 0.529167 0.028125 0.097917
6 0.026172 0.518750 0.033594 0.104167
6 0.108203 0.529167 0.030469 0.083333
11 0.132031 0.448437 0.026562 0.096875
11 0.162500 0.451562 0.026562 0.101042
11 0.192188 0.453125 0.025000 0.100000
11 0.270313 0.463542 0.025000 0.093750
11 0.296875 0.461458 0.028125 0.093750
11 0.325391 0.460417 0.024219 0.097917
11 0.395313 0.461979 0.023438 0.092708
11 0.420703 0.463542 0.028906 0.097917
11 0.444531 0.461458 0.026562 0.093750
2 0.017969 0.346354 0.034375 0.098958
3 0.124219 0.401562 0.021875 0.109375
3 0.508203 0.426563 0.022656 0.088542
2 0.523047 0.390104 0.033594 0.071875
12 0.539844 0.318229 0.025000 0.071875
12 0.636719 0.321354 0.023438 0.061458
12 0.811719 0.334375 0.025000 0.058333
10 0.908984 0.369792 0.014844 0.033333
12 0.074219 0.156771 0.014063 0.023958
8 0.033203 0.187500 0.014844 0.027083
8 0.500781 0.248438 0.021875 0.023958
12 0.332813 0.190104 0.014063 0.023958
12 0.483203 0.214583 0.016406 0.018750
12 0.514453 0.217708 0.013281 0.022917
12 0.541016 0.220312 0.014844 0.021875
9 0.115625 0.279167 0.018750 0.022917
9 0.312500 0.295312 0.015625 0.021875
9 0.334766 0.298958 0.016406 0.020833
5 0.342969 0.288021 0.082812 0.059375
5 0.148047 0.265625 0.102344 0.050000
13 0.218750 0.585417 0.053125 0.068750
13 0.366406 0.591667 0.053125 0.064583
13 0.651563 0.594792 0.050000 0.064583
13 0.792969 0.592187 0.037500 0.057292
9 0.214844 0.480729 0.018750 0.023958
9 0.215625 0.448437 0.015625 0.023958
9 0.378516 0.460938 0.016406 0.019792
9 0.377734 0.492708 0.016406 0.025000
9 0.033203 0.443750 0.016406 0.025000
1 0.216406 0.460417 0.021875 0.072917
1 0.376172 0.472917 0.021094 0.070833
