1 0.609375 0.582812 0.015625 0.059375
3 0.426563 0.504687 0.031250 0.101042
3 0.485938 0.508854 0.028125 0.098958
6 0.427734 0.626563 0.033594 0.109375
6 0.464844 0.631771 0.031250 0.105208
8 0.533984 0.338542 0.011719 0.016667
11 0.911719 0.535937 0.031250 0.098958
11 0.948438 0.539583 0.031250 0.091667
11 0.932422 0.536979 0.030469 0.092708
11 0.857031 0.519271 0.031250 0.109375
11 0.797656 0.521875 0.032813 0.120833
12 0.569922 0.309375 0.011719 0.018750
12 0.542969 0.305729 0.010937 0.015625
13 0.604688 0.693750 0.076563 0.068750
15 0.932422 0.259896 0.080469 0.076042
15 0.741406 0.232813 0.076563 0.082292
15 0.853516 0.245833 0.088281 0.091667
15 0.092969 0.281250 0.132812 0.235417
6 0.391016 0.627604 0.033594 0.109375
1 0.575000 0.581771 0.017188 0.059375
1 0.649219 0.579688 0.015625 0.059375
6 0.785937 0.642188 0.028125 0.088542
6 0.817187 0.644271 0.028125 0.088542
6 0.842187 0.643229 0.028125 0.088542
11 0.827344 0.519271 0.031250 0.109375
10 0.796094 0.355729 0.037500 0.046875
10 0.896094 0.365104 0.037500 0.046875
