13 0.247656 0.502083 0.192188 0.231250
13 0.558984 0.536979 0.116406 0.182292
15 0.930859 0.133854 0.138281 0.153125
9 0.159766 0.200000 0.047656 0.056250
9 0.266016 0.235417 0.046094 0.054167
9 0.303906 0.095312 0.046875 0.055208
9 0.584375 0.209896 0.035937 0.042708
9 0.635156 0.236458 0.032813 0.047917
9 0.620703 0.341667 0.035156 0.043750
9 0.561328 0.325521 0.035156 0.044792
2 0.602734 0.227083 0.074219 0.133333
3 0.619531 0.308333 0.050000 0.164583
3 0.567187 0.289062 0.051562 0.167708
3 0.279297 0.184375 0.055469 0.225000
3 0.174219 0.153125 0.073438 0.222917
2 0.234375 0.086458 0.087500 0.170833
2 0.325781 0.110937 0.068750 0.182292
