6 0.049609 0.829167 0.097656 0.266667
10 0.444141 0.280208 0.055469 0.100000
10 0.601172 0.288542 0.049219 0.091667
10 0.764844 0.276042 0.057813 0.097917
2 0.162891 0.353646 0.105469 0.265625
3 0.075391 0.474479 0.099219 0.267708
10 0.821484 0.463021 0.036719 0.048958
9 0.184766 0.854688 0.027344 0.036458
9 0.196094 0.795312 0.028125 0.036458
9 0.364453 0.863542 0.033594 0.041667
9 0.369531 0.806771 0.026562 0.038542
9 0.882812 0.828125 0.026562 0.037500
9 0.883203 0.888542 0.027344 0.041667
1 0.984375 0.857812 0.026562 0.151042
1 0.882422 0.853125 0.036719 0.137500
1 0.187891 0.823958 0.046094 0.137500
1 0.367188 0.827083 0.042188 0.143750
