8 0.647656 0.322917 0.012500 0.016667
8 0.601953 0.321875 0.008594 0.014583
14 0.405469 0.526563 0.243750 0.430208
8 0.557422 0.323437 0.010156 0.013542
10 0.557031 0.296875 0.009375 0.012500
10 0.601172 0.294792 0.008594 0.014583
10 0.644531 0.293229 0.009375 0.013542
10 0.645312 0.307292 0.009375 0.010417
10 0.601172 0.308333 0.008594 0.010417
10 0.557813 0.308854 0.009375 0.011458
10 0.612500 0.219792 0.015625 0.020833
10 0.558594 0.221875 0.017188 0.018750
10 0.612891 0.238542 0.014844 0.016667
10 0.559375 0.240625 0.018750 0.016667
10 0.663672 0.215104 0.014844 0.021875
10 0.666016 0.235937 0.013281 0.017708
1 0.302344 0.163542 0.053125 0.218750
9 0.281250 0.131250 0.043750 0.062500
9 0.282031 0.211979 0.046875 0.063542
