14 0.262109 0.754167 0.171094 0.235417
14 0.383984 0.705208 0.083594 0.135417
6 0.837500 0.493750 0.051562 0.162500
6 0.885156 0.495312 0.051562 0.132292
6 0.933594 0.483333 0.050000 0.137500
6 0.432812 0.588542 0.029687 0.108333
6 0.457813 0.581771 0.032813 0.109375
6 0.485547 0.575521 0.032031 0.109375
13 0.619531 0.638542 0.071875 0.072917
13 0.957812 0.594792 0.067187 0.087500
13 0.506641 0.659375 0.047656 0.064583
11 0.073047 0.386458 0.027344 0.204167
11 0.053516 0.396354 0.028906 0.188542
11 0.035156 0.402604 0.023438 0.192708
11 0.162500 0.456250 0.037500 0.133333
12 0.317578 0.159375 0.044531 0.129167
15 0.213281 0.048438 0.150000 0.094792
15 0.100391 0.083854 0.083594 0.109375
15 0.032813 0.154688 0.064062 0.096875
10 0.094141 0.244271 0.053906 0.067708
10 0.017578 0.304688 0.033594 0.057292
10 0.279297 0.308333 0.047656 0.064583
10 0.411719 0.379167 0.020313 0.031250
10 0.450000 0.361979 0.020313 0.044792
10 0.490625 0.342708 0.020313 0.043750
10 0.791406 0.224479 0.029687 0.040625
10 0.864453 0.186458 0.027344 0.052083
10 0.944922 0.158333 0.025781 0.054167
9 0.767969 0.385417 0.023438 0.043750
9 0.837500 0.354687 0.026562 0.048958
9 0.922656 0.334375 0.032813 0.047917
9 0.710938 0.270313 0.021875 0.032292
9 0.269141 0.483854 0.013281 0.026042
9 0.266797 0.521354 0.016406 0.028125
9 0.297656 0.508854 0.020313 0.028125
9 0.296875 0.476042 0.021875 0.027083
9 0.330469 0.461979 0.021875 0.026042
9 0.328516 0.500000 0.021094 0.027083
9 0.382422 0.503125 0.017969 0.029167
9 0.421484 0.491146 0.021094 0.028125
9 0.464062 0.477083 0.020313 0.029167
1 0.296484 0.490104 0.033594 0.096875
1 0.327344 0.482812 0.031250 0.092708
3 0.370703 0.480729 0.025781 0.101042
3 0.406250 0.466667 0.026562 0.108333
3 0.450391 0.456771 0.028906 0.109375
2 0.461328 0.411979 0.049219 0.086458
2 0.422656 0.429688 0.043750 0.086458
2 0.383594 0.439583 0.039062 0.085417
2 0.931250 0.229167 0.082812 0.125000
2 0.853125 0.268750 0.071875 0.127083
2 0.776563 0.289062 0.064062 0.115625
3 0.750000 0.363021 0.037500 0.151042
3 0.821484 0.330729 0.041406 0.148958
3 0.903906 0.308333 0.051562 0.166667
8 0.617969 0.246875 0.023438 0.022917
8 0.799219 0.165625 0.025000 0.031250
8 0.715625 0.202604 0.020313 0.023958
8 0.507422 0.292187 0.017969 0.019792
8 0.529297 0.279687 0.016406 0.017708
12 0.584766 0.226042 0.013281 0.016667
12 0.637891 0.200000 0.014844 0.020833
12 0.716016 0.161979 0.014844 0.019792
12 0.782031 0.135417 0.015625 0.020833
1 0.968359 0.427083 0.036719 0.089583
1 0.695703 0.494792 0.027344 0.068750
1 0.632812 0.510938 0.029687 0.067708
1 0.594922 0.519271 0.028906 0.071875
1 0.563672 0.526563 0.022656 0.071875
9 0.564453 0.511979 0.021094 0.030208
9 0.563281 0.544271 0.021875 0.030208
9 0.597656 0.505729 0.017188 0.026042
9 0.698828 0.479687 0.019531 0.028125
9 0.698438 0.513542 0.018750 0.027083
15 0.661328 0.639583 0.030469 0.043750
16 0.308594 0.566667 0.029687 0.039583
