12 0.018359 0.341146 0.035156 0.134375
12 0.792969 0.273958 0.015625 0.027083
12 0.887500 0.245312 0.020313 0.023958
12 0.830078 0.265104 0.019531 0.026042
8 0.535547 0.405208 0.021094 0.027083
8 0.792969 0.323958 0.025000 0.035417
8 0.848437 0.306771 0.025000 0.036458
8 0.905078 0.286979 0.024219 0.034375
10 0.519922 0.463542 0.025781 0.037500
10 0.589063 0.437500 0.025000 0.045833
10 0.665625 0.414062 0.023438 0.044792
10 0.805859 0.372917 0.032031 0.047917
10 0.898047 0.345833 0.035156 0.054167
10 0.128125 0.576042 0.017188 0.033333
10 0.169922 0.560417 0.021094 0.041667
10 0.216406 0.548438 0.021875 0.044792
6 0.195312 0.790625 0.034375 0.108333
6 0.164062 0.796354 0.034375 0.111458
6 0.137109 0.798438 0.032031 0.117708
16 0.012109 0.760417 0.022656 0.047917
13 0.333203 0.864062 0.067969 0.078125
13 0.213281 0.878125 0.043750 0.077083
14 0.076172 0.919271 0.082031 0.134375
13 0.669922 0.838542 0.066406 0.089583
14 0.874609 0.828646 0.250781 0.342708
9 0.905078 0.620313 0.021094 0.036458
9 0.842969 0.632812 0.025000 0.026042
9 0.783594 0.642188 0.025000 0.028125
9 0.686328 0.656250 0.022656 0.033333
9 0.286719 0.726562 0.020313 0.021875
9 0.287109 0.758333 0.019531 0.025000
9 0.319922 0.719792 0.021094 0.025000
9 0.321484 0.753125 0.021094 0.027083
9 0.356250 0.713021 0.021875 0.028125
9 0.356641 0.748958 0.021094 0.031250
9 0.199219 0.592187 0.023438 0.030208
9 0.486328 0.616667 0.030469 0.041667
9 0.560547 0.601042 0.030469 0.043750
9 0.637891 0.586458 0.033594 0.054167
6 0.550391 0.743229 0.046094 0.136458
6 0.600781 0.739583 0.045312 0.141667
6 0.644531 0.732292 0.050000 0.143750
1 0.286719 0.744271 0.025000 0.078125
1 0.321875 0.742188 0.032813 0.090625
1 0.355859 0.732812 0.030469 0.088542
3 0.472266 0.591667 0.038281 0.143750
3 0.544531 0.571875 0.039062 0.145833
3 0.621094 0.552604 0.039062 0.134375
2 0.645703 0.486979 0.067969 0.121875
2 0.572266 0.509896 0.066406 0.130208
2 0.499609 0.525521 0.060156 0.119792
9 0.444141 0.494271 0.017969 0.038542
9 0.035156 0.698438 0.028125 0.030208
9 0.036719 0.658333 0.026562 0.033333
1 0.034766 0.671875 0.039844 0.102083
1 0.080078 0.678646 0.028906 0.117708
1 0.117969 0.674479 0.032813 0.113542
1 0.163672 0.663021 0.033594 0.119792
2 0.187891 0.618750 0.049219 0.112500
2 0.135547 0.625521 0.050781 0.098958
2 0.091797 0.625000 0.049219 0.093750
8 0.244141 0.496354 0.024219 0.021875
8 0.360938 0.463021 0.023438 0.026042
12 0.519922 0.369271 0.017969 0.023958
12 0.457422 0.389583 0.011719 0.022917
15 0.378516 0.861979 0.025781 0.036458
