8 0.385937 0.221875 0.112500 0.058333
8 0.431250 0.289583 0.112500 0.058333
8 0.471875 0.364063 0.104688 0.051042
8 0.532031 0.471354 0.104688 0.051042
8 0.560156 0.519271 0.104688 0.051042
8 0.590625 0.577604 0.104688 0.051042
8 0.285156 0.056771 0.104688 0.051042
1 0.131250 0.639062 0.093750 0.280208
1 0.035547 0.541146 0.069531 0.267708
1 0.219141 0.699479 0.066406 0.221875
1 0.347266 0.810417 0.064844 0.204167
1 0.405078 0.870833 0.050781 0.187500
1 0.457422 0.917188 0.047656 0.153125
9 0.120703 0.682292 0.082031 0.104167
9 0.031250 0.583854 0.060937 0.092708
9 0.212500 0.758333 0.059375 0.079167
9 0.347656 0.872396 0.054688 0.071875
9 0.404297 0.919792 0.052344 0.066667
9 0.457422 0.965104 0.047656 0.055208
