13 0.151562 0.946875 0.126562 0.106250
13 0.403125 0.956771 0.107813 0.086458
9 0.095703 0.741146 0.033594 0.044792
9 0.099219 0.681771 0.029687 0.048958
9 0.178125 0.699479 0.029687 0.036458
9 0.176563 0.753646 0.026562 0.040625
9 0.251172 0.764583 0.027344 0.039583
9 0.250781 0.716667 0.029687 0.033333
9 0.366406 0.738542 0.031250 0.039583
9 0.364453 0.788021 0.027344 0.040625
9 0.422656 0.797917 0.028125 0.035417
9 0.425391 0.752083 0.032031 0.039583
9 0.565234 0.826042 0.027344 0.035417
9 0.563281 0.781250 0.031250 0.033333
9 0.854688 0.803125 0.043750 0.052083
9 0.841016 0.729167 0.047656 0.050000
9 0.848047 0.879167 0.017969 0.033333
9 0.876563 0.884375 0.021875 0.027083
9 0.901172 0.886979 0.019531 0.028125
9 0.900000 0.853646 0.021875 0.028125
9 0.887891 0.624479 0.038281 0.057292
9 0.942578 0.644792 0.033594 0.047917
9 0.882812 0.556250 0.035937 0.045833
9 0.935547 0.581771 0.038281 0.046875
9 0.981250 0.605208 0.037500 0.043750
1 0.948438 0.608854 0.062500 0.159375
1 0.890234 0.595313 0.078906 0.157292
1 0.851953 0.759896 0.086719 0.186458
1 0.877734 0.869792 0.033594 0.087500
1 0.904687 0.867708 0.026562 0.072917
1 0.564844 0.802604 0.040625 0.111458
1 0.424609 0.772917 0.042969 0.114583
1 0.366797 0.761458 0.041406 0.118750
1 0.174219 0.723958 0.048438 0.137500
1 0.097656 0.710938 0.050000 0.140625
10 0.559766 0.307292 0.041406 0.077083
10 0.644531 0.363021 0.045312 0.063542
10 0.716797 0.402604 0.036719 0.059375
10 0.830078 0.461979 0.036719 0.067708
10 0.883594 0.491146 0.034375 0.061458
10 0.935547 0.521875 0.036719 0.056250
10 0.164062 0.323958 0.040625 0.072917
10 0.158984 0.622917 0.032031 0.064583
10 0.357422 0.663021 0.021094 0.038542
10 0.437500 0.626563 0.026562 0.046875
10 0.344531 0.503646 0.029687 0.044792
10 0.399609 0.476562 0.025781 0.053125
8 0.145313 0.275521 0.029687 0.034375
8 0.075391 0.246354 0.028906 0.030208
8 0.211719 0.305208 0.028125 0.029167
8 0.373437 0.377604 0.026562 0.028125
8 0.322656 0.353646 0.025000 0.026042
