6 0.140234 0.860938 0.157031 0.278125
6 0.275391 0.886979 0.125781 0.226042
3 0.228516 0.336458 0.136719 0.356250
3 0.367188 0.473958 0.117188 0.297917
3 0.478906 0.571354 0.117188 0.284375
7 0.625391 0.745833 0.108594 0.225000
7 0.693750 0.807813 0.092188 0.215625
7 0.746094 0.855729 0.084375 0.196875
2 0.830469 0.911458 0.114062 0.166667
9 0.190234 0.411979 0.074219 0.107292
9 0.205859 0.275000 0.074219 0.120833
9 0.337891 0.540625 0.080469 0.093750
9 0.337891 0.432292 0.074219 0.097917
9 0.445312 0.647396 0.067187 0.088542
9 0.453125 0.542708 0.079687 0.085417
9 0.597266 0.781250 0.064844 0.072917
9 0.597656 0.685937 0.057813 0.076042
10 0.524219 0.556771 0.045312 0.101042
10 0.146094 0.138542 0.084375 0.143750
