8 0.221484 0.248958 0.017969 0.027083
8 0.264844 0.256771 0.017188 0.023958
8 0.335938 0.271354 0.014063 0.023958
8 0.374219 0.279687 0.020313 0.023958
8 0.177344 0.235937 0.015625 0.023958
8 0.092188 0.218750 0.018750 0.025000
8 0.037109 0.204687 0.014844 0.030208
8 0.619922 0.339583 0.016406 0.025000
10 0.218750 0.332813 0.018750 0.051042
10 0.487109 0.384375 0.014844 0.054167
10 0.869922 0.155208 0.058594 0.068750
10 0.798047 0.184896 0.061719 0.067708
10 0.281641 0.347917 0.022656 0.052083
10 0.728125 0.277604 0.035937 0.073958
12 0.220703 0.213542 0.011719 0.025000
12 0.410156 0.259375 0.012500 0.022917
12 0.372656 0.250521 0.012500 0.026042
12 0.193359 0.207813 0.016406 0.026042
12 0.260156 0.220312 0.017188 0.030208
15 0.432422 0.385937 0.044531 0.094792
1 0.508984 0.457292 0.030469 0.077083
9 0.507812 0.439583 0.025000 0.029167
9 0.506250 0.480208 0.018750 0.027083
10 0.371484 0.382812 0.033594 0.048958
10 0.401562 0.368229 0.034375 0.046875
10 0.437500 0.352604 0.040625 0.051042
10 0.683594 0.277604 0.037500 0.051042
8 0.648438 0.344271 0.021875 0.021875
8 0.718750 0.360938 0.020313 0.021875
10 0.733984 0.213542 0.058594 0.066667
1 0.289453 0.532813 0.024219 0.069792
1 0.244141 0.530729 0.027344 0.065625
1 0.196875 0.527083 0.023438 0.075000
9 0.196484 0.540625 0.021094 0.029167
9 0.196094 0.508333 0.018750 0.025000
9 0.243750 0.514062 0.021875 0.026042
9 0.244141 0.545833 0.021094 0.029167
9 0.288281 0.520312 0.023438 0.026042
9 0.289062 0.551562 0.018750 0.030208
10 0.154297 0.327604 0.025781 0.038542
10 0.048047 0.448958 0.019531 0.027083
1 0.055078 0.515104 0.028906 0.071875
1 0.111328 0.522917 0.024219 0.077083
9 0.055859 0.494792 0.022656 0.025000
9 0.055859 0.528646 0.024219 0.030208
9 0.110547 0.501563 0.019531 0.030208
9 0.110937 0.534375 0.018750 0.031250
13 0.046875 0.655208 0.085938 0.085417
10 0.053125 0.204167 0.012500 0.025000
8 0.407813 0.290625 0.014063 0.016667
12 0.348828 0.243750 0.011719 0.022917
10 0.467969 0.397396 0.015625 0.026042
10 0.633984 0.252083 0.030469 0.054167
