10 0.660547 0.122396 0.025781 0.053125
11 0.589844 0.302083 0.029687 0.102083
11 0.505859 0.304688 0.011719 0.092708
11 0.539062 0.309896 0.012500 0.090625
11 0.492969 0.307292 0.014063 0.085417
11 0.438281 0.300521 0.017188 0.094792
12 0.735938 0.230208 0.014063 0.035417
12 0.512109 0.154688 0.033594 0.069792
12 0.801953 0.246875 0.016406 0.022917
12 0.661328 0.194271 0.021094 0.057292
14 0.907422 0.313021 0.185156 0.405208
11 0.452734 0.301563 0.014844 0.094792
11 0.519141 0.305208 0.013281 0.095833
11 0.553125 0.309896 0.012500 0.092708
11 0.563672 0.315625 0.013281 0.085417
10 0.485938 0.245312 0.031250 0.032292
10 0.646484 0.278646 0.035156 0.028125
10 0.683984 0.286458 0.027344 0.029167
12 0.617188 0.184896 0.025000 0.063542
15 0.521875 0.080208 0.096875 0.095833
10 0.564063 0.089583 0.018750 0.033333
10 0.614844 0.109896 0.021875 0.040625
15 0.704297 0.154688 0.083594 0.061458
15 0.727344 0.174479 0.076563 0.046875
12 0.769531 0.235417 0.021875 0.058333
11 0.753906 0.335417 0.018750 0.087500
9 0.817187 0.381771 0.017188 0.028125
