15 0.650781 0.309375 0.042188 0.058333
15 0.676953 0.327083 0.033594 0.047917
15 0.525781 0.221354 0.057813 0.084375
15 0.583594 0.259896 0.045312 0.055208
15 0.417187 0.167708 0.039062 0.077083
15 0.311328 0.110937 0.047656 0.078125
13 0.047656 0.304167 0.093750 0.156250
13 0.214844 0.344792 0.092188 0.122917
13 0.354297 0.376563 0.060156 0.096875
1 0.017188 0.063021 0.032813 0.123958
1 0.062109 0.028646 0.046094 0.055208
3 0.079297 0.089063 0.030469 0.123958
2 0.122656 0.039583 0.051562 0.077083
3 0.137109 0.127083 0.028906 0.097917
2 0.175000 0.074479 0.037500 0.076042
10 0.362891 0.145313 0.039844 0.055208
10 0.012109 0.093229 0.022656 0.038542
10 0.066406 0.115104 0.023438 0.038542
10 0.125000 0.139063 0.023438 0.038542
10 0.150000 0.045833 0.021875 0.027083
10 0.244141 0.015104 0.016406 0.017708
10 0.237891 0.067187 0.022656 0.028125
10 0.552734 0.258333 0.025781 0.031250
12 0.717578 0.361979 0.016406 0.067708
12 0.733203 0.365104 0.016406 0.067708
12 0.782422 0.403125 0.019531 0.056250
12 0.745703 0.369271 0.016406 0.067708
12 0.793359 0.404167 0.019531 0.056250
12 0.802734 0.409375 0.019531 0.056250
10 0.486328 0.083333 0.016406 0.016667
10 0.541016 0.078646 0.014844 0.021875
10 0.595313 0.078125 0.018750 0.020833
3 0.224609 0.146875 0.030469 0.089583
2 0.259766 0.104688 0.028906 0.082292
9 0.212500 0.179688 0.021875 0.026042
9 0.258203 0.200521 0.021094 0.030208
3 0.267188 0.185938 0.021875 0.080208
