1 0.081250 0.513542 0.029687 0.097917
1 0.137109 0.361979 0.038281 0.146875
1 0.466797 0.546875 0.025781 0.093750
1 0.035937 0.355729 0.042188 0.146875
1 0.660156 0.554688 0.032813 0.098958
1 0.010547 0.512500 0.019531 0.116667
1 0.609375 0.548958 0.031250 0.095833
1 0.249609 0.530729 0.028906 0.111458
2 0.412109 0.358333 0.038281 0.102083
2 0.492578 0.356771 0.046094 0.115625
3 0.371094 0.413542 0.037500 0.122917
3 0.281641 0.402604 0.036719 0.128125
3 0.450781 0.426042 0.032813 0.133333
6 0.371875 0.586979 0.050000 0.136458
6 0.911328 0.620833 0.035156 0.110417
6 0.318750 0.583854 0.056250 0.123958
6 0.873047 0.620833 0.032031 0.112500
6 0.428516 0.590104 0.049219 0.132292
8 0.242188 0.200521 0.012500 0.026042
8 0.085156 0.172917 0.014063 0.029167
8 0.574609 0.251563 0.013281 0.019792
8 0.296484 0.207292 0.013281 0.022917
8 0.187109 0.190104 0.011719 0.021875
9 0.665234 0.333854 0.019531 0.028125
9 0.635938 0.334375 0.020313 0.027083
9 0.038672 0.329688 0.032031 0.040625
10 0.160156 0.279687 0.018750 0.046875
10 0.455469 0.303646 0.021875 0.051042
10 0.373047 0.291146 0.019531 0.059375
10 0.290234 0.283854 0.017969 0.053125
10 0.834375 0.352083 0.020313 0.045833
11 0.892188 0.380729 0.046875 0.190625
11 0.939844 0.384375 0.059375 0.195833
12 0.200391 0.144792 0.013281 0.020833
12 0.292578 0.165104 0.011719 0.028125
12 0.072266 0.126042 0.013281 0.027083
12 0.795703 0.253646 0.013281 0.019792
12 0.823828 0.259375 0.016406 0.020833
12 0.760938 0.246875 0.012500 0.020833
12 0.012109 0.117188 0.010156 0.030208
13 0.259375 0.687500 0.082812 0.085417
13 0.642969 0.690104 0.081250 0.090625
13 0.457813 0.695312 0.084375 0.080208
14 0.089453 0.780208 0.177344 0.404167
15 0.145703 0.691146 0.019531 0.034375
1 0.190625 0.525521 0.023438 0.107292
9 0.190234 0.502604 0.017969 0.028125
9 0.187891 0.545312 0.017969 0.028125
9 0.250391 0.551562 0.017969 0.028125
9 0.251172 0.511979 0.017969 0.028125
9 0.077344 0.494792 0.020313 0.029167
9 0.075781 0.532292 0.020313 0.029167
9 0.010156 0.491667 0.018750 0.029167
9 0.010156 0.528125 0.018750 0.029167
9 0.036328 0.391146 0.032031 0.040625
9 0.134766 0.400521 0.032031 0.040625
9 0.137109 0.342187 0.032031 0.040625
2 0.327734 0.342708 0.032031 0.095833
9 0.464453 0.526563 0.019531 0.023958
9 0.464453 0.563021 0.019531 0.023958
9 0.609766 0.538021 0.019531 0.023958
9 0.608984 0.571354 0.019531 0.023958
9 0.655078 0.577604 0.019531 0.023958
9 0.657422 0.538021 0.019531 0.023958
5 0.648828 0.322396 0.055469 0.059375
12 0.621484 0.220312 0.014844 0.023958
12 0.591016 0.218229 0.011719 0.019792
11 0.980859 0.389062 0.038281 0.194792
6 0.953516 0.625000 0.035156 0.110417
13 0.833203 0.702083 0.053906 0.066667
15 0.769141 0.705729 0.017969 0.026042
9 0.607031 0.324479 0.020313 0.028125
9 0.580469 0.346354 0.020313 0.028125
9 0.555469 0.365104 0.020313 0.028125
