14 0.610938 0.753125 0.246875 0.412500
6 0.386719 0.633333 0.051562 0.177083
6 0.346875 0.635417 0.051562 0.177083
6 0.306250 0.639583 0.051562 0.177083
13 0.073047 0.759375 0.077344 0.081250
1 0.101562 0.622396 0.021875 0.076042
1 0.060937 0.628646 0.021875 0.076042
1 0.027344 0.633854 0.021875 0.076042
1 0.166406 0.610938 0.021875 0.076042
1 0.744531 0.546875 0.031250 0.110417
1 0.811719 0.535417 0.031250 0.110417
1 0.878906 0.539583 0.031250 0.110417
3 0.375781 0.463021 0.034375 0.146875
3 0.303125 0.469271 0.034375 0.146875
3 0.227344 0.485938 0.034375 0.146875
2 0.257422 0.413542 0.055469 0.112500
2 0.330859 0.397917 0.055469 0.112500
2 0.401172 0.380208 0.055469 0.112500
10 0.558594 0.297396 0.031250 0.063542
10 0.642188 0.279687 0.031250 0.063542
10 0.732031 0.260937 0.031250 0.063542
8 0.869922 0.177604 0.017969 0.040625
8 0.809766 0.184896 0.017969 0.040625
8 0.751953 0.199479 0.017969 0.040625
8 0.653516 0.226562 0.017969 0.040625
8 0.602344 0.239063 0.028125 0.044792
8 0.548438 0.248438 0.028125 0.044792
12 0.550000 0.206250 0.018750 0.029167
12 0.582812 0.200000 0.017188 0.027083
12 0.638672 0.185417 0.017969 0.029167
12 0.764453 0.153646 0.016406 0.028125
12 0.814453 0.141146 0.017969 0.026042
12 0.858984 0.128646 0.019531 0.030208
8 0.984766 0.148438 0.025781 0.038542
13 0.823828 0.717187 0.111719 0.096875
