12 0.038281 0.574479 0.037500 0.119792
15 0.032422 0.461458 0.063281 0.129167
1 0.396875 0.876563 0.043750 0.088542
1 0.492969 0.865625 0.043750 0.087500
9 0.396484 0.870313 0.028906 0.032292
9 0.494141 0.858333 0.028906 0.037500
9 0.536719 0.857812 0.034375 0.040625
6 0.541797 0.485938 0.125781 0.398958
6 0.650391 0.512500 0.119531 0.397917
6 0.746094 0.556771 0.128125 0.367708
3 0.853516 0.137500 0.128906 0.272917
9 0.829688 0.197917 0.062500 0.091667
9 0.826562 0.078646 0.060937 0.088542
9 0.701953 0.105208 0.077344 0.095833
10 0.933984 0.099479 0.050781 0.101042
