1 0.336719 0.167708 0.057813 0.193750
1 0.363281 0.221354 0.050000 0.209375
1 0.465234 0.378125 0.046094 0.172917
1 0.548047 0.493229 0.036719 0.128125
1 0.401172 0.269792 0.046094 0.175000
8 0.971484 0.405208 0.013281 0.022917
9 0.336328 0.124479 0.046094 0.073958
9 0.335547 0.212500 0.044531 0.070833
9 0.244141 0.072917 0.069531 0.083333
9 0.376953 0.277604 0.038281 0.084375
13 0.323047 0.565625 0.144531 0.218750
13 0.096484 0.409375 0.191406 0.327083
16 0.697266 0.491146 0.025781 0.065625
16 0.631641 0.494271 0.024219 0.065625
16 0.766016 0.489063 0.024219 0.061458
9 0.377734 0.189062 0.042969 0.057292
9 0.415234 0.321354 0.039844 0.055208
9 0.413281 0.247396 0.035937 0.046875
9 0.458594 0.390625 0.035937 0.047917
9 0.462500 0.330208 0.037500 0.041667
9 0.523438 0.497396 0.023438 0.036458
9 0.525000 0.446875 0.023438 0.033333
9 0.553125 0.533854 0.021875 0.032292
9 0.549609 0.485417 0.021094 0.029167
10 0.605859 0.325000 0.021094 0.029167
10 0.676172 0.319792 0.022656 0.033333
10 0.747656 0.314063 0.023438 0.028125
10 0.744922 0.190104 0.028906 0.034375
10 0.657422 0.200000 0.030469 0.031250
10 0.570703 0.207292 0.032031 0.029167
8 0.985547 0.505729 0.013281 0.023958
13 0.445703 0.641146 0.113281 0.182292
13 0.519922 0.671875 0.066406 0.116667
10 0.989453 0.448437 0.010156 0.019792
10 0.990625 0.465625 0.012500 0.014583
1 0.491406 0.386979 0.029687 0.128125
