1 0.530078 0.580729 0.055469 0.186458
1 0.839844 0.472917 0.067187 0.218750
1 0.446094 0.609896 0.057813 0.176042
1 0.626563 0.545833 0.057813 0.233333
1 0.975391 0.426042 0.049219 0.245833
1 0.263672 0.678125 0.053906 0.152083
1 0.207422 0.697917 0.052344 0.147917
1 0.324219 0.659896 0.050000 0.163542
1 0.132422 0.722396 0.050781 0.159375
1 0.096484 0.735417 0.049219 0.145833
1 0.055078 0.751042 0.036719 0.137500
8 0.359766 0.211458 0.016406 0.033333
9 0.090625 0.768750 0.031250 0.039583
9 0.454297 0.582812 0.041406 0.069792
9 0.263281 0.712500 0.035937 0.039583
9 0.214844 0.669271 0.035937 0.044792
9 0.636328 0.514583 0.042969 0.072917
9 0.446875 0.655729 0.040625 0.061458
9 0.842969 0.440104 0.057813 0.069792
9 0.532813 0.628125 0.043750 0.064583
9 0.271094 0.651042 0.034375 0.050000
9 0.842969 0.530208 0.046875 0.081250
9 0.098437 0.715625 0.031250 0.041667
9 0.138281 0.700000 0.031250 0.041667
9 0.129688 0.758333 0.032813 0.039583
9 0.322266 0.696354 0.044531 0.057292
9 0.631641 0.600000 0.055469 0.060417
9 0.985156 0.482292 0.029687 0.070833
9 0.332813 0.626563 0.035937 0.046875
10 0.146484 0.170833 0.046094 0.079167
10 0.141406 0.433854 0.026562 0.051042
10 0.329297 0.521875 0.022656 0.064583
10 0.009375 0.528125 0.017188 0.056250
10 0.145313 0.648958 0.026562 0.052083
13 0.555078 0.913542 0.214844 0.172917
13 0.285547 0.931771 0.157031 0.136458
10 0.544922 0.418229 0.035156 0.055208
13 0.092188 0.945833 0.128125 0.108333
10 0.057031 0.397396 0.028125 0.046875
9 0.058984 0.731771 0.025781 0.034375
9 0.052344 0.776563 0.026562 0.034375
9 0.207813 0.729688 0.035937 0.044792
9 0.533594 0.547917 0.043750 0.064583
