13 0.306641 0.494792 0.242969 0.266667
13 0.825391 0.311979 0.330469 0.294792
10 0.389062 0.236979 0.085938 0.123958
10 0.282031 0.256771 0.085938 0.123958
10 0.716406 0.088021 0.085938 0.123958
10 0.879687 0.062500 0.085938 0.122917
1 0.176563 0.146354 0.084375 0.215625
1 0.037109 0.197396 0.072656 0.194792
1 0.263281 0.092708 0.067187 0.166667
15 0.267188 0.667708 0.050000 0.095833
15 0.404687 0.633333 0.050000 0.095833
15 0.478125 0.620833 0.050000 0.095833
13 0.039062 0.556771 0.076563 0.178125
