1 0.780859 0.666146 0.041406 0.192708
1 0.692578 0.730729 0.041406 0.192708
1 0.608984 0.774479 0.041406 0.192708
1 0.493359 0.857812 0.041406 0.192708
1 0.431641 0.900000 0.030469 0.164583
1 0.385547 0.917708 0.030469 0.164583
1 0.304688 0.952604 0.021875 0.094792
9 0.802344 0.632292 0.035937 0.060417
9 0.807031 0.716667 0.035937 0.060417
9 0.707812 0.772917 0.035937 0.060417
9 0.709375 0.695833 0.035937 0.060417
9 0.625781 0.750000 0.035937 0.060417
9 0.624219 0.826042 0.035937 0.060417
9 0.503125 0.826562 0.032813 0.048958
9 0.504687 0.895312 0.032813 0.048958
9 0.446094 0.866146 0.032813 0.048958
9 0.445312 0.923438 0.032813 0.048958
9 0.394922 0.898438 0.025781 0.038542
9 0.391797 0.958854 0.025781 0.038542
10 0.040234 0.755208 0.022656 0.029167
10 0.113672 0.780208 0.022656 0.029167
10 0.186328 0.808333 0.022656 0.029167
10 0.144141 0.612500 0.022656 0.029167
10 0.315234 0.680208 0.022656 0.029167
10 0.355859 0.867708 0.022656 0.029167
10 0.327734 0.906250 0.022656 0.029167
8 0.392578 0.570312 0.008594 0.026042
8 0.550000 0.406250 0.015625 0.031250
10 0.714063 0.608854 0.029687 0.036458
8 0.709375 0.245312 0.018750 0.028125
8 0.858203 0.097396 0.019531 0.032292
