2 0.639453 0.327604 0.110156 0.321875
2 0.247656 0.460938 0.137500 0.248958
2 0.431250 0.387500 0.121875 0.297917
3 0.548438 0.485938 0.118750 0.380208
3 0.166016 0.588021 0.107031 0.330208
3 0.336328 0.540104 0.114844 0.359375
9 0.967187 0.534896 0.034375 0.096875
9 0.294922 0.428125 0.074219 0.095833
9 0.668359 0.293750 0.069531 0.091667
9 0.576172 0.587500 0.044531 0.110417
9 0.467578 0.363542 0.064844 0.079167
9 0.368750 0.630729 0.046875 0.105208
9 0.187500 0.669792 0.051562 0.091667
10 0.084766 0.489583 0.057031 0.064583
8 0.929688 0.566667 0.029687 0.050000
10 0.919922 0.646875 0.042969 0.037500
5 0.937891 0.522917 0.111719 0.131250
10 0.030859 0.884896 0.022656 0.042708
10 0.242188 0.785417 0.028125 0.050000
10 0.286719 0.835417 0.028125 0.050000
6 0.560937 0.886458 0.126562 0.227083
6 0.429688 0.886458 0.126562 0.227083
6 0.303516 0.904687 0.116406 0.190625
