13 0.219141 0.781771 0.080469 0.090625
13 0.398047 0.793229 0.080469 0.090625
1 0.411719 0.669271 0.020313 0.088542
1 0.367188 0.666146 0.020313 0.088542
1 0.285156 0.654687 0.020313 0.088542
1 0.232031 0.645312 0.020313 0.088542
16 0.560937 0.646354 0.032813 0.065625
16 0.538672 0.645833 0.027344 0.060417
16 0.518359 0.650000 0.027344 0.060417
10 0.548438 0.508333 0.020313 0.043750
10 0.532031 0.514583 0.020313 0.043750
10 0.512500 0.532292 0.020313 0.043750
10 0.473047 0.559375 0.016406 0.031250
10 0.371875 0.479167 0.020313 0.043750
10 0.163281 0.446875 0.020313 0.043750
10 0.131250 0.453125 0.020313 0.043750
10 0.060156 0.444792 0.020313 0.043750
8 0.282422 0.375000 0.016406 0.027083
8 0.187891 0.359375 0.016406 0.027083
8 0.098047 0.347917 0.016406 0.027083
8 0.047266 0.337500 0.016406 0.027083
12 0.095703 0.309375 0.014844 0.025000
12 0.061328 0.303646 0.014844 0.028125
12 0.017578 0.295312 0.016406 0.026042
14 0.060937 0.811979 0.120313 0.290625
