6 0.116016 0.431250 0.053906 0.185417
6 0.080469 0.434896 0.046875 0.155208
6 0.043359 0.445312 0.041406 0.161458
6 0.613672 0.310937 0.077344 0.240625
6 0.689063 0.292187 0.082812 0.255208
6 0.766406 0.276042 0.090625 0.235417
13 0.361719 0.564583 0.098437 0.108333
13 0.232031 0.572917 0.056250 0.104167
13 0.548047 0.541667 0.083594 0.106250
13 0.788672 0.525000 0.088281 0.127083
9 0.085547 0.273438 0.036719 0.044792
9 0.035156 0.296354 0.035937 0.046875
9 0.113281 0.129167 0.040625 0.050000
2 0.082812 0.159375 0.079687 0.125000
2 0.028906 0.180208 0.056250 0.147917
3 0.059766 0.235417 0.042969 0.191667
3 0.024219 0.264062 0.046875 0.161458
3 0.486328 0.093229 0.074219 0.184375
9 0.513281 0.116667 0.060937 0.072917
9 0.623047 0.070312 0.060156 0.084375
9 0.571484 0.325521 0.025781 0.038542
9 0.571094 0.369271 0.025000 0.032292
9 0.521094 0.335938 0.023438 0.040625
9 0.519922 0.379167 0.025781 0.035417
9 0.386719 0.404167 0.029687 0.033333
9 0.384375 0.365625 0.028125 0.033333
9 0.344922 0.374479 0.025781 0.030208
9 0.342578 0.415625 0.025781 0.033333
9 0.302734 0.425521 0.025781 0.034375
9 0.236719 0.436458 0.021875 0.033333
9 0.238281 0.398438 0.023438 0.030208
1 0.235937 0.416146 0.034375 0.094792
1 0.298828 0.404167 0.035156 0.095833
1 0.341016 0.393229 0.032031 0.103125
1 0.384766 0.390104 0.038281 0.107292
1 0.569141 0.346354 0.035156 0.121875
10 0.345703 0.265625 0.016406 0.039583
10 0.385156 0.278646 0.018750 0.038542
10 0.338281 0.154167 0.018750 0.045833
10 0.389453 0.175521 0.019531 0.036458
10 0.286719 0.137500 0.020313 0.045833
8 0.351172 0.068750 0.025781 0.029167
10 0.142578 0.076042 0.038281 0.068750
