11 0.486719 0.081771 0.032813 0.161458
11 0.459375 0.081771 0.032813 0.161458
11 0.431250 0.081771 0.032813 0.161458
11 0.371094 0.098958 0.025000 0.156250
11 0.344141 0.102604 0.027344 0.157292
11 0.320312 0.110937 0.023438 0.151042
11 0.272656 0.123438 0.023438 0.151042
11 0.246875 0.128646 0.023438 0.151042
11 0.227344 0.131771 0.023438 0.151042
6 0.536719 0.275521 0.031250 0.128125
6 0.507812 0.276042 0.026562 0.122917
6 0.485156 0.280208 0.026562 0.122917
13 0.733594 0.332292 0.076563 0.079167
6 0.898828 0.233854 0.038281 0.144792
6 0.944922 0.224479 0.038281 0.144792
6 0.986328 0.219792 0.027344 0.139583
3 0.837109 0.092708 0.028906 0.116667
3 0.906641 0.072396 0.027344 0.111458
3 0.986328 0.059896 0.027344 0.111458
2 0.862109 0.029687 0.046094 0.057292
1 0.721484 0.201042 0.024219 0.079167
1 0.767188 0.195833 0.021875 0.077083
1 0.678125 0.204687 0.018750 0.067708
9 0.722266 0.221354 0.019531 0.038542
9 0.723828 0.181771 0.019531 0.038542
9 0.680859 0.192188 0.019531 0.038542
9 0.680859 0.229687 0.019531 0.038542
9 0.766797 0.177083 0.021094 0.037500
9 0.766016 0.219792 0.021094 0.037500
9 0.846484 0.205208 0.021094 0.037500
9 0.946484 0.145833 0.021094 0.037500
14 0.300391 0.427604 0.171094 0.209375
14 0.403125 0.386979 0.075000 0.146875
11 0.095312 0.229167 0.029687 0.127083
11 0.078125 0.234896 0.023438 0.107292
11 0.063281 0.244271 0.023438 0.107292
11 0.028906 0.248438 0.023438 0.107292
11 0.017578 0.254688 0.021094 0.101042
10 0.092969 0.066667 0.039062 0.058333
10 0.028906 0.088542 0.039062 0.058333
