15 0.625000 0.078646 0.067187 0.128125
15 0.737891 0.064062 0.060156 0.126042
12 0.544531 0.173437 0.026562 0.086458
12 0.776172 0.135417 0.036719 0.097917
12 0.905469 0.116667 0.037500 0.097917
11 0.630469 0.348958 0.018750 0.116667
11 0.653906 0.344271 0.017188 0.128125
11 0.676172 0.346354 0.022656 0.121875
11 0.728516 0.333333 0.041406 0.139583
11 0.755859 0.336458 0.019531 0.129167
11 0.784766 0.339062 0.019531 0.121875
11 0.734375 0.340104 0.020313 0.126042
11 0.840625 0.326562 0.026562 0.128125
11 0.869141 0.326562 0.024219 0.121875
11 0.896484 0.330208 0.022656 0.129167
