14 0.400391 0.748958 0.432031 0.502083
14 0.754687 0.792708 0.214062 0.370833
6 0.937109 0.357292 0.125781 0.352083
16 0.541797 0.521875 0.038281 0.072917
16 0.600391 0.534375 0.035156 0.075000
16 0.660156 0.548958 0.039062 0.068750
1 0.845313 0.568750 0.039062 0.108333
9 0.842969 0.590625 0.029687 0.037500
9 0.845703 0.543229 0.032031 0.038542
9 0.498437 0.263542 0.048438 0.060417
9 0.507422 0.182292 0.042969 0.060417
9 0.567187 0.210938 0.048438 0.065625
9 0.572266 0.122396 0.053906 0.067708
9 0.643750 0.151042 0.062500 0.070833
9 0.654687 0.046875 0.060937 0.070833
9 0.808984 0.070312 0.069531 0.084375
10 0.394922 0.251563 0.032031 0.063542
10 0.432812 0.215104 0.032813 0.061458
10 0.571484 0.066667 0.042969 0.066667
1 0.486328 0.220833 0.086719 0.200000
1 0.557422 0.169271 0.092969 0.215625
1 0.641016 0.110937 0.111719 0.219792
