16 0.035156 0.350521 0.068750 0.142708
9 0.071094 0.664062 0.042188 0.046875
9 0.060156 0.746354 0.048438 0.063542
9 0.178125 0.775000 0.037500 0.047917
9 0.180469 0.696875 0.040625 0.054167
9 0.354687 0.746875 0.039062 0.054167
9 0.355469 0.818229 0.039062 0.053125
9 0.435547 0.777604 0.038281 0.046875
9 0.441406 0.839583 0.035937 0.045833
9 0.513281 0.795833 0.034375 0.045833
9 0.518750 0.856771 0.032813 0.042708
9 0.628516 0.833854 0.028906 0.038542
9 0.636719 0.890104 0.034375 0.040625
9 0.687109 0.850521 0.033594 0.042708
9 0.694922 0.907292 0.035156 0.043750
9 0.741406 0.867188 0.035937 0.038542
9 0.824219 0.894271 0.031250 0.038542
9 0.833203 0.945312 0.032031 0.036458
9 0.871484 0.909375 0.032031 0.039583
9 0.876172 0.956771 0.028906 0.038542
9 0.969922 0.936458 0.032031 0.031250
9 0.978906 0.980729 0.028125 0.032292
1 0.977734 0.952604 0.041406 0.094792
1 0.917188 0.939063 0.043750 0.115625
1 0.878516 0.928125 0.042969 0.131250
1 0.830078 0.917708 0.055469 0.129167
1 0.747266 0.890104 0.057031 0.132292
1 0.694531 0.880208 0.051562 0.137500
1 0.630469 0.862500 0.056250 0.150000
1 0.518359 0.826562 0.061719 0.161458
1 0.441406 0.802083 0.053125 0.166667
1 0.351172 0.780208 0.057031 0.166667
1 0.180469 0.727083 0.064062 0.189583
1 0.066016 0.693750 0.067969 0.187500
10 0.048047 0.564063 0.046094 0.084375
10 0.472656 0.280208 0.039062 0.072917
10 0.402344 0.681250 0.035937 0.068750
10 0.766797 0.456771 0.035156 0.073958
10 0.811719 0.654687 0.026562 0.059375
10 0.959766 0.584896 0.038281 0.055208
9 0.939844 0.698958 0.026562 0.047917
