1 0.420312 0.154167 0.048438 0.160417
1 0.276953 0.217188 0.055469 0.157292
1 0.583984 0.093750 0.060156 0.158333
1 0.343750 0.187500 0.053125 0.168750
1 0.176172 0.267188 0.058594 0.136458
1 0.133984 0.279167 0.057031 0.131250
1 0.082031 0.302083 0.046875 0.135417
9 0.588281 0.051562 0.043750 0.063542
9 0.081250 0.331771 0.034375 0.034375
9 0.129297 0.257812 0.035156 0.038542
9 0.083594 0.274479 0.032813 0.038542
9 0.588281 0.135417 0.042188 0.066667
9 0.124219 0.313021 0.035937 0.036458
9 0.177734 0.232813 0.042969 0.040625
9 0.281250 0.257292 0.040625 0.041667
9 0.348828 0.160417 0.038281 0.043750
9 0.696094 0.093750 0.042188 0.066667
9 0.424609 0.198437 0.044531 0.065625
9 0.016797 0.308333 0.022656 0.041667
9 0.348438 0.230208 0.040625 0.056250
10 0.186328 0.127083 0.022656 0.050000
13 0.153906 0.522917 0.126562 0.160417
13 0.378906 0.501563 0.165625 0.201042
13 0.734766 0.432292 0.217969 0.229167
13 0.026562 0.550000 0.051562 0.110417
9 0.008984 0.360417 0.016406 0.035417
9 0.170703 0.298438 0.036719 0.040625
9 0.280469 0.188542 0.040625 0.041667
10 0.371094 0.024479 0.025000 0.046875
10 0.439844 0.061458 0.025000 0.047917
9 0.422656 0.122917 0.037500 0.045833
1 0.692578 0.073438 0.055469 0.144792
