1 0.653516 0.633333 0.046094 0.195833
1 0.770703 0.653646 0.057031 0.213542
1 0.886719 0.666146 0.062500 0.182292
9 0.650781 0.672396 0.039062 0.059375
9 0.648047 0.601042 0.044531 0.058333
9 0.767188 0.617188 0.045312 0.059375
9 0.768750 0.693750 0.046875 0.050000
9 0.885156 0.714063 0.039062 0.055208
9 0.879687 0.634896 0.043750 0.061458
13 0.752344 0.950000 0.204687 0.100000
16 0.670312 0.318229 0.121875 0.148958
16 0.608984 0.418229 0.097656 0.153125
16 0.571094 0.499479 0.076563 0.134375
10 0.736719 0.529687 0.046875 0.071875
