11 0.066406 0.457813 0.026562 0.090625
11 0.092969 0.462500 0.026562 0.093750
11 0.118359 0.462500 0.022656 0.095833
11 0.171875 0.445312 0.023438 0.088542
11 0.190625 0.480208 0.023438 0.085417
11 0.216406 0.480208 0.023438 0.081250
11 0.240234 0.481771 0.021094 0.084375
11 0.305078 0.489063 0.024219 0.080208
11 0.327344 0.491146 0.023438 0.078125
11 0.348828 0.490625 0.022656 0.081250
11 0.519922 0.475521 0.014844 0.121875
11 0.539062 0.476562 0.017188 0.119792
11 0.557813 0.479687 0.012500 0.119792
11 0.548047 0.534375 0.011719 0.079167
11 0.601562 0.487500 0.012500 0.114583
11 0.621875 0.489583 0.012500 0.112500
11 0.641016 0.493750 0.014844 0.108333
11 0.680078 0.496875 0.013281 0.112500
11 0.698438 0.500000 0.012500 0.114583
11 0.716016 0.500000 0.014844 0.106250
16 0.670312 0.528125 0.015625 0.031250
12 0.423828 0.358854 0.022656 0.071875
12 0.658984 0.398438 0.021094 0.053125
12 0.510156 0.368229 0.021875 0.057292
15 0.494141 0.267188 0.078906 0.090625
15 0.577734 0.291146 0.067969 0.080208
15 0.651563 0.309896 0.070312 0.080208
15 0.295312 0.228125 0.068750 0.079167
15 0.189844 0.206250 0.062500 0.081250
15 0.075391 0.171875 0.052344 0.095833
12 0.237891 0.221875 0.011719 0.022917
12 0.348828 0.249479 0.011719 0.019792
12 0.372656 0.253125 0.010937 0.022917
13 0.197656 0.600000 0.064062 0.068750
13 0.474609 0.619792 0.039844 0.054167
14 0.546875 0.650000 0.117188 0.133333
13 0.035547 0.589583 0.067969 0.075000
15 0.141406 0.588021 0.017188 0.040625
3 0.399219 0.445312 0.032813 0.123958
9 0.481250 0.508854 0.015625 0.019792
9 0.478516 0.532813 0.014844 0.021875
1 0.478125 0.519271 0.025000 0.061458
6 0.374609 0.558333 0.024219 0.079167
