1 0.125781 0.818229 0.096875 0.330208
0 0.244922 0.738021 0.105469 0.240625
9 0.225000 0.682292 0.073438 0.141667
9 0.114844 0.894271 0.084375 0.136458
9 0.393750 0.766146 0.084375 0.136458
9 0.319922 0.947396 0.082031 0.105208
9 0.557422 0.846354 0.083594 0.136458
0 0.421094 0.797396 0.112500 0.236458
10 0.076172 0.585417 0.067969 0.137500
8 0.390625 0.193229 0.095312 0.101042
8 0.264062 0.108854 0.095312 0.101042
8 0.503906 0.271875 0.085938 0.093750
8 0.673438 0.386458 0.085938 0.093750
8 0.848437 0.512500 0.085938 0.093750
8 0.969141 0.613021 0.061719 0.098958
