2 0.572656 0.336979 0.117188 0.305208
2 0.358203 0.350000 0.135156 0.239583
2 0.164062 0.400000 0.135937 0.227083
3 0.253906 0.542708 0.106250 0.331250
3 0.470313 0.509375 0.103125 0.350000
3 0.082031 0.590104 0.112500 0.338542
9 0.894531 0.554688 0.040625 0.076042
5 0.860938 0.536979 0.121875 0.144792
8 0.857031 0.561979 0.028125 0.051042
5 0.881250 0.617708 0.098437 0.116667
9 0.912500 0.636458 0.037500 0.060417
9 0.846094 0.643750 0.037500 0.060417
9 0.092969 0.660417 0.053125 0.079167
9 0.275000 0.632292 0.053125 0.079167
9 0.492969 0.595833 0.053125 0.079167
9 0.596875 0.306771 0.070312 0.103125
9 0.390625 0.361979 0.070312 0.103125
9 0.203125 0.398438 0.070312 0.103125
10 0.116406 0.958854 0.028125 0.057292
10 0.069531 0.922396 0.028125 0.057292
10 0.155469 0.754687 0.028125 0.057292
10 0.206250 0.799479 0.028125 0.057292
