1 0.028125 0.744792 0.054688 0.222917
1 0.089063 0.708854 0.092188 0.215625
2 0.364453 0.416146 0.130469 0.257292
2 0.512109 0.313021 0.150781 0.315625
2 0.248047 0.486979 0.108594 0.305208
3 0.320703 0.583333 0.119531 0.287500
3 0.453516 0.491146 0.119531 0.313542
3 0.203516 0.645833 0.121094 0.302083
6 0.527734 0.866667 0.116406 0.266667
9 0.107813 0.661458 0.067187 0.070833
9 0.226562 0.722917 0.068750 0.093750
9 0.491406 0.560417 0.067187 0.093750
9 0.091406 0.760938 0.067187 0.082292
10 0.180859 0.538021 0.050781 0.096875
9 0.332422 0.652083 0.067969 0.093750
9 0.558594 0.251042 0.067187 0.093750
8 0.966406 0.436458 0.028125 0.047917
10 0.594531 0.226562 0.056250 0.076042
9 0.413281 0.365625 0.054688 0.079167
9 0.293359 0.466146 0.049219 0.065625
9 0.018750 0.807813 0.035937 0.057292
9 0.028906 0.715104 0.043750 0.055208
10 0.042578 0.650521 0.038281 0.063542
10 0.106641 0.608333 0.041406 0.060417
6 0.435937 0.895312 0.098437 0.209375
6 0.346875 0.905729 0.084375 0.188542
9 0.671094 0.576042 0.056250 0.068750
8 0.828906 0.510938 0.025000 0.032292
9 0.964453 0.940625 0.035156 0.050000
1 0.963281 0.941667 0.045312 0.116667
10 0.951562 0.769271 0.026562 0.040625
