8 0.107813 0.051042 0.057813 0.062500
10 0.635938 0.429167 0.040625 0.077083
15 0.118750 0.554688 0.121875 0.305208
10 0.562500 0.465104 0.032813 0.061458
10 0.499219 0.503646 0.032813 0.061458
8 0.407813 0.242188 0.029687 0.040625
8 0.335156 0.195312 0.029687 0.040625
8 0.256250 0.153646 0.029687 0.040625
10 0.303125 0.254688 0.043750 0.055208
15 0.355859 0.696354 0.116406 0.140625
12 0.183203 0.713021 0.063281 0.219792
12 0.354687 0.766146 0.064062 0.201042
10 0.275391 0.638021 0.028906 0.057292
10 0.316797 0.613542 0.024219 0.043750
15 0.707031 0.824479 0.098437 0.148958
15 0.824609 0.864583 0.097656 0.108333
12 0.500781 0.791146 0.057813 0.190625
