3 0.759766 0.415625 0.041406 0.112500
3 0.589063 0.466667 0.039062 0.102083
8 0.246094 0.472917 0.014063 0.022917
8 0.600781 0.051042 0.032813 0.020833
8 0.267969 0.457292 0.015625 0.020833
8 0.474219 0.145313 0.017188 0.019792
8 0.337891 0.481771 0.016406 0.019792
8 0.644141 0.019792 0.027344 0.027083
8 0.507812 0.119792 0.018750 0.020833
8 0.471484 0.135937 0.017969 0.019792
9 0.880078 0.408854 0.032031 0.036458
10 0.426953 0.328125 0.016406 0.037500
10 0.686719 0.171354 0.021875 0.048958
10 0.535937 0.265625 0.017188 0.050000
10 0.626563 0.156771 0.020313 0.051042
10 0.419141 0.239583 0.019531 0.052083
10 0.297266 0.372396 0.016406 0.034375
10 0.324609 0.309375 0.017969 0.043750
10 0.873047 0.231771 0.019531 0.046875
10 0.249219 0.361458 0.015625 0.050000
10 0.375391 0.319271 0.016406 0.040625
10 0.560156 0.138542 0.017188 0.056250
10 0.478125 0.250521 0.017188 0.042708
10 0.260156 0.535417 0.026562 0.050000
13 0.680078 0.609896 0.105469 0.130208
13 0.868359 0.589583 0.116406 0.131250
15 0.943359 0.253646 0.082031 0.159375
13 0.544531 0.630208 0.084375 0.104167
15 0.440625 0.453125 0.053125 0.106250
15 0.372656 0.481250 0.051562 0.091667
15 0.295703 0.515625 0.035156 0.077083
15 0.193359 0.561979 0.041406 0.057292
15 0.167969 0.568750 0.037500 0.052083
15 0.247266 0.530208 0.038281 0.072917
12 0.101172 0.569271 0.017969 0.059375
12 0.111328 0.569271 0.017969 0.059375
12 0.126172 0.560937 0.017969 0.059375
8 0.291406 0.478646 0.014063 0.015625
10 0.255859 0.427083 0.013281 0.016667
10 0.255078 0.441667 0.013281 0.014583
10 0.301563 0.434375 0.009375 0.014583
10 0.301172 0.448437 0.008594 0.011458
10 0.344922 0.438542 0.011719 0.016667
10 0.344922 0.454167 0.011719 0.014583
10 0.374219 0.367708 0.012500 0.018750
10 0.358203 0.373437 0.013281 0.019792
10 0.461328 0.390625 0.013281 0.016667
10 0.412500 0.383854 0.010937 0.015625
3 0.632812 0.469792 0.039062 0.102083
2 0.595703 0.418229 0.049219 0.053125
2 0.640234 0.407813 0.049219 0.053125
2 0.682422 0.394271 0.049219 0.053125
3 0.668750 0.451042 0.039062 0.102083
2 0.770312 0.356250 0.045312 0.075000
2 0.887109 0.311979 0.049219 0.073958
2 0.830078 0.325000 0.061719 0.083333
3 0.873437 0.381771 0.032813 0.113542
3 0.814844 0.403646 0.032813 0.113542
9 0.817578 0.423438 0.025781 0.036458
9 0.763672 0.441146 0.025781 0.036458
9 0.776172 0.389062 0.025781 0.036458
9 0.675391 0.468229 0.025781 0.036458
9 0.636328 0.473438 0.025781 0.036458
9 0.597266 0.489063 0.025781 0.036458
9 0.839453 0.317188 0.025781 0.036458
9 0.903516 0.294271 0.025781 0.036458
10 0.823438 0.215625 0.021875 0.039583
10 0.832031 0.028125 0.029687 0.043750
10 0.900781 0.048958 0.029687 0.043750
