1 0.397266 0.176042 0.061719 0.266667
1 0.566797 0.198958 0.075781 0.245833
1 0.071094 0.148958 0.068750 0.235417
1 0.733203 0.209375 0.075781 0.231250
9 0.563672 0.161979 0.058594 0.076042
9 0.563672 0.265625 0.061719 0.081250
9 0.392969 0.141667 0.050000 0.070833
12 0.374609 0.748958 0.047656 0.127083
13 0.550781 0.644792 0.257812 0.289583
10 0.356250 0.688021 0.035937 0.069792
9 0.087500 0.746354 0.040625 0.105208
12 0.037109 0.766667 0.033594 0.077083
10 0.440234 0.701042 0.025781 0.047917
9 0.726172 0.175000 0.055469 0.070833
9 0.735547 0.276042 0.055469 0.070833
9 0.398438 0.244792 0.050000 0.070833
9 0.066406 0.213542 0.050000 0.070833
9 0.073438 0.104167 0.050000 0.070833
