1 0.195703 0.668750 0.035156 0.133333
1 0.271875 0.666146 0.037500 0.138542
1 0.221875 0.795833 0.032813 0.095833
1 0.167578 0.798438 0.032031 0.094792
6 0.532813 0.850000 0.042188 0.100000
6 0.582812 0.845833 0.046875 0.112500
6 0.630469 0.844792 0.054688 0.108333
8 0.339062 0.492708 0.014063 0.020833
8 0.062500 0.500000 0.018750 0.027083
8 0.247656 0.493750 0.017188 0.027083
8 0.017969 0.506771 0.021875 0.026042
8 0.148438 0.499479 0.015625 0.026042
10 0.008203 0.587500 0.014844 0.052083
10 0.078516 0.587500 0.022656 0.043750
10 0.208203 0.580208 0.024219 0.045833
10 0.190625 0.493229 0.014063 0.023958
11 0.758984 0.648958 0.046094 0.187500
11 0.569922 0.639062 0.047656 0.188542
11 0.953125 0.636458 0.045312 0.181250
11 0.515234 0.641667 0.041406 0.175000
11 0.989844 0.612500 0.018750 0.195833
12 0.345313 0.451562 0.017188 0.021875
13 0.806641 0.930729 0.091406 0.080208
11 0.464062 0.647396 0.040625 0.186458
11 0.706641 0.648438 0.041406 0.176042
11 0.810937 0.646354 0.048438 0.192708
8 0.579297 0.481771 0.014844 0.030208
8 0.630078 0.473958 0.014844 0.025000
3 0.639062 0.680208 0.028125 0.114583
2 0.673828 0.604688 0.025781 0.090625
1 0.116797 0.803125 0.027344 0.100000
9 0.167578 0.778646 0.019531 0.026042
9 0.167187 0.817187 0.020313 0.030208
9 0.221484 0.776563 0.017969 0.026042
9 0.220312 0.814583 0.020313 0.027083
9 0.117969 0.786458 0.025000 0.031250
9 0.117969 0.837500 0.025000 0.035417
1 0.019531 0.802604 0.020313 0.067708
9 0.020313 0.782813 0.017188 0.023958
9 0.020703 0.819792 0.016406 0.025000
10 0.283594 0.579167 0.023438 0.045833
8 0.436328 0.482812 0.014844 0.028125
1 0.318359 0.796354 0.017969 0.080208
9 0.317578 0.775000 0.017969 0.027083
9 0.318750 0.811979 0.017188 0.028125
14 0.239063 0.934375 0.254688 0.131250
15 0.976172 0.921354 0.017969 0.046875
10 0.943359 0.930729 0.010156 0.019792
9 0.340625 0.840104 0.014063 0.023958
9 0.396094 0.838021 0.014063 0.021875
9 0.449609 0.837500 0.013281 0.018750
15 0.458984 0.935417 0.021094 0.037500
1 0.351953 0.663542 0.027344 0.116667
9 0.351953 0.690625 0.022656 0.029167
9 0.355078 0.639583 0.024219 0.033333
10 0.362109 0.573958 0.021094 0.035417
10 0.238281 0.585417 0.021875 0.031250
8 0.199219 0.490625 0.014063 0.025000
10 0.036328 0.615104 0.014844 0.023958
10 0.058203 0.627083 0.017969 0.033333
10 0.511328 0.353646 0.052344 0.059375
10 0.733203 0.341667 0.049219 0.062500
10 0.969531 0.330729 0.051562 0.067708
15 0.524219 0.164062 0.082812 0.138542
15 0.917969 0.143229 0.079687 0.153125
15 0.714453 0.154688 0.060156 0.136458
