13 0.877344 0.388542 0.215625 0.258333
13 0.594141 0.469792 0.147656 0.197917
13 0.412500 0.525000 0.114062 0.145833
15 0.843750 0.566146 0.056250 0.078125
12 0.903125 0.625521 0.023438 0.078125
12 0.829297 0.636979 0.019531 0.055208
15 0.976953 0.540625 0.046094 0.070833
15 0.124609 0.251042 0.046094 0.070833
15 0.197656 0.271875 0.040625 0.060417
15 0.270703 0.291667 0.041406 0.068750
9 0.751953 0.114583 0.050781 0.066667
9 0.839063 0.058854 0.056250 0.071875
9 0.624609 0.188542 0.041406 0.056250
9 0.630078 0.122917 0.044531 0.060417
9 0.561719 0.226042 0.042188 0.062500
9 0.570312 0.162500 0.046875 0.058333
9 0.513672 0.258854 0.046094 0.051042
9 0.518359 0.196875 0.044531 0.054167
9 0.439844 0.304688 0.039062 0.042708
9 0.442188 0.253646 0.032813 0.048958
9 0.400391 0.330208 0.030469 0.045833
9 0.404687 0.277604 0.032813 0.044792
9 0.368750 0.351562 0.028125 0.044792
9 0.369922 0.301042 0.028906 0.039583
1 0.367188 0.320312 0.040625 0.117708
1 0.398828 0.297917 0.039844 0.118750
1 0.438281 0.269271 0.051562 0.134375
1 0.515625 0.220312 0.053125 0.144792
1 0.565234 0.185417 0.053906 0.152083
1 0.623437 0.148438 0.062500 0.176042
1 0.746484 0.081771 0.071094 0.161458
