9 0.025000 0.391667 0.040625 0.104167
9 0.183984 0.482292 0.046094 0.100000
10 0.891406 0.900000 0.043750 0.081250
5 0.319141 0.180208 0.166406 0.202083
9 0.261719 0.164062 0.059375 0.105208
9 0.356250 0.220312 0.059375 0.105208
9 0.260547 0.369271 0.050781 0.088542
5 0.228125 0.310937 0.151562 0.163542
10 0.098047 0.267188 0.053906 0.065625
10 0.028516 0.385937 0.053906 0.065625
10 0.179297 0.113021 0.053906 0.065625
8 0.886719 0.815104 0.045312 0.053125
8 0.828906 0.779687 0.048438 0.044792
8 0.582812 0.625521 0.040625 0.059375
8 0.503906 0.580729 0.029687 0.042708
8 0.350000 0.489063 0.045312 0.067708
