3 0.580859 0.303125 0.035156 0.104167
3 0.661328 0.275521 0.035156 0.101042
6 0.661328 0.415625 0.035156 0.089583
6 0.427344 0.469271 0.026562 0.086458
6 0.415625 0.469792 0.034375 0.081250
6 0.642969 0.417187 0.040625 0.080208
6 0.444141 0.470313 0.027344 0.086458
10 0.048047 0.299479 0.033594 0.028125
10 0.796484 0.102083 0.019531 0.054167
13 0.876172 0.501563 0.067969 0.082292
13 0.556641 0.539062 0.053906 0.063542
16 0.355859 0.442188 0.017969 0.030208
10 0.853125 0.070833 0.028125 0.043750
9 0.918359 0.039583 0.028906 0.041667
9 0.708984 0.148958 0.021094 0.035417
9 0.666016 0.170313 0.021094 0.036458
15 0.105859 0.420312 0.024219 0.030208
10 0.278516 0.369271 0.011719 0.023958
10 0.292969 0.364063 0.010937 0.019792
12 0.091016 0.205208 0.032031 0.066667
15 0.062891 0.099479 0.124219 0.105208
10 0.116016 0.141146 0.021094 0.042708
11 0.044922 0.394792 0.033594 0.129167
1 0.887109 0.352604 0.028906 0.082292
1 0.849219 0.361979 0.025000 0.071875
1 0.961328 0.333854 0.024219 0.080208
10 0.917578 0.260937 0.013281 0.026042
10 0.917188 0.153646 0.017188 0.028125
10 0.882812 0.256771 0.017188 0.026042
14 0.762891 0.503646 0.196094 0.321875
14 0.294531 0.601562 0.129688 0.165625
