3 0.111719 0.383333 0.089063 0.322917
3 0.326562 0.425000 0.089063 0.322917
3 0.507031 0.490625 0.089063 0.322917
6 0.144531 0.882812 0.126562 0.232292
6 0.288281 0.888021 0.118750 0.223958
6 0.424609 0.891146 0.125781 0.217708
7 0.784375 0.577604 0.104688 0.253125
7 0.927344 0.604688 0.104688 0.253125
10 0.678125 0.475521 0.065625 0.105208
10 0.807031 0.505729 0.065625 0.105208
10 0.925000 0.540104 0.065625 0.105208
10 0.435937 0.395313 0.065625 0.105208
10 0.260156 0.360938 0.065625 0.105208
10 0.485938 0.483854 0.065625 0.105208
10 0.776563 0.643229 0.065625 0.105208
10 0.760156 0.548438 0.065625 0.105208
10 0.917578 0.695312 0.085156 0.144792
