13 0.235156 0.881250 0.145313 0.137500
13 0.408594 0.917188 0.101562 0.115625
13 0.537891 0.937500 0.086719 0.097917
13 0.630469 0.950521 0.059375 0.098958
9 0.030078 0.494792 0.042969 0.052083
9 0.019141 0.558333 0.032031 0.052083
9 0.101172 0.589583 0.035156 0.035417
9 0.104297 0.529167 0.032031 0.043750
9 0.219531 0.585417 0.031250 0.039583
9 0.218359 0.640625 0.030469 0.035417
9 0.275781 0.666146 0.026562 0.044792
9 0.276953 0.611458 0.025781 0.041667
9 0.328125 0.636979 0.028125 0.034375
9 0.326172 0.691146 0.028906 0.038542
9 0.404687 0.722917 0.023438 0.029167
9 0.406641 0.676562 0.027344 0.030208
9 0.444531 0.694792 0.028125 0.035417
9 0.443359 0.739583 0.024219 0.037500
9 0.532422 0.734896 0.024219 0.030208
9 0.536328 0.778125 0.019531 0.031250
9 0.559375 0.749479 0.021875 0.026042
9 0.562500 0.788542 0.023438 0.025000
9 0.626953 0.783854 0.019531 0.026042
9 0.628125 0.819792 0.018750 0.029167
1 0.630859 0.802083 0.030469 0.091667
1 0.565625 0.767708 0.025000 0.104167
1 0.536719 0.758333 0.035937 0.112500
1 0.485156 0.739583 0.032813 0.112500
1 0.444141 0.720313 0.035156 0.117708
1 0.407813 0.700521 0.040625 0.126042
1 0.328906 0.666146 0.048438 0.136458
1 0.279687 0.637500 0.048438 0.139583
1 0.221875 0.609375 0.053125 0.141667
1 0.106250 0.550521 0.050000 0.144792
1 0.028125 0.522917 0.053125 0.160417
10 0.204297 0.496875 0.024219 0.041667
10 0.263281 0.480729 0.023438 0.044792
10 0.419531 0.442188 0.021875 0.046875
10 0.408984 0.572917 0.025781 0.045833
10 0.564844 0.413542 0.023438 0.045833
10 0.490234 0.429688 0.025781 0.040625
9 0.534766 0.514062 0.022656 0.051042
9 0.592969 0.504687 0.021875 0.038542
10 0.734375 0.050000 0.043750 0.079167
10 0.781250 0.135417 0.034375 0.075000
10 0.819531 0.220833 0.039062 0.068750
10 0.400391 0.248958 0.032031 0.066667
10 0.314844 0.273438 0.029687 0.061458
10 0.234375 0.301042 0.031250 0.054167
