6 0.072266 0.709896 0.050781 0.151042
3 0.110156 0.518750 0.040625 0.162500
7 0.343359 0.544271 0.044531 0.134375
7 0.424609 0.545833 0.041406 0.112500
0 0.553125 0.566146 0.031250 0.117708
0 0.632031 0.575521 0.045312 0.128125
10 0.339453 0.447396 0.025781 0.051042
10 0.417187 0.458854 0.029687 0.044792
10 0.544141 0.478125 0.019531 0.039583
10 0.613281 0.483854 0.021875 0.046875
10 0.681250 0.498437 0.025000 0.042708
13 0.496875 0.651042 0.209375 0.225000
14 0.337500 0.840104 0.150000 0.228125
9 0.081250 0.284375 0.053125 0.072917
9 0.165234 0.111458 0.049219 0.068750
9 0.353906 0.325521 0.050000 0.067708
9 0.420703 0.165104 0.049219 0.069792
9 0.495312 0.346875 0.048438 0.068750
9 0.631641 0.364583 0.053906 0.070833
9 0.685937 0.208854 0.053125 0.061458
9 0.558203 0.188542 0.047656 0.068750
2 0.698047 0.229167 0.085156 0.189583
2 0.565625 0.203646 0.076563 0.192708
2 0.423828 0.173958 0.074219 0.220833
2 0.158203 0.130208 0.075781 0.216667
3 0.087891 0.213542 0.069531 0.243750
3 0.361328 0.264062 0.071094 0.244792
3 0.502734 0.279687 0.078906 0.253125
3 0.637500 0.307812 0.064062 0.248958
3 0.976172 0.381771 0.047656 0.211458
9 0.972656 0.421875 0.043750 0.060417
