1 0.473438 0.312500 0.034375 0.106250
6 0.247266 0.136979 0.094531 0.271875
6 0.048047 0.114062 0.094531 0.226042
10 0.579688 0.143229 0.018750 0.034375
13 0.272656 0.443229 0.103125 0.136458
16 0.602344 0.301563 0.021875 0.051042
14 0.751172 0.441146 0.321094 0.538542
9 0.472266 0.289583 0.017969 0.022917
9 0.473828 0.331250 0.017969 0.022917
9 0.433984 0.322917 0.017969 0.022917
9 0.432031 0.277083 0.017188 0.025000
1 0.435937 0.301563 0.025000 0.105208
6 0.151562 0.126042 0.096875 0.250000
13 0.040234 0.426563 0.078906 0.148958
13 0.457813 0.471354 0.092188 0.098958
10 0.459375 0.179688 0.018750 0.034375
