7 0.432422 0.303125 0.038281 0.160417
3 0.942187 0.080729 0.065625 0.159375
1 0.107422 0.248958 0.038281 0.172917
1 0.198437 0.261979 0.035937 0.142708
6 0.183594 0.481771 0.054688 0.203125
6 0.123047 0.483854 0.057031 0.178125
0 0.751953 0.355729 0.025781 0.101042
10 0.412500 0.204167 0.025000 0.058333
10 0.720313 0.272396 0.020313 0.053125
10 0.554297 0.236458 0.024219 0.054167
10 0.097656 0.138542 0.020313 0.062500
10 0.484766 0.220312 0.021094 0.055208
10 0.188672 0.157292 0.024219 0.056250
13 0.935547 0.435937 0.113281 0.317708
13 0.564453 0.356771 0.252344 0.219792
14 0.488672 0.721354 0.238281 0.334375
9 0.430469 0.334375 0.025000 0.041667
9 0.430469 0.283333 0.025000 0.041667
0 0.701172 0.343750 0.049219 0.102083
9 0.744531 0.382292 0.026562 0.031250
9 0.746875 0.336458 0.026562 0.031250
9 0.689063 0.376042 0.026562 0.031250
9 0.685156 0.327083 0.026562 0.031250
9 0.935937 0.104688 0.043750 0.065625
9 0.733203 0.036458 0.053906 0.060417
