16 0.153516 0.652083 0.066406 0.112500
16 0.032422 0.614583 0.063281 0.112500
13 0.730859 0.823958 0.360156 0.352083
9 0.307031 0.731771 0.043750 0.051042
9 0.356250 0.679688 0.050000 0.061458
9 0.408594 0.617708 0.056250 0.064583
9 0.414062 0.520833 0.053125 0.060417
9 0.437109 0.800521 0.053906 0.055208
9 0.533203 0.461979 0.064844 0.078125
9 0.537500 0.353125 0.060937 0.075000
9 0.630469 0.339583 0.073438 0.087500
9 0.635156 0.224479 0.071875 0.086458
9 0.766797 0.171875 0.092969 0.100000
9 0.852344 0.453646 0.078125 0.092708
9 0.727734 0.563021 0.061719 0.078125
9 0.763672 0.050521 0.092969 0.098958
1 0.755469 0.131250 0.139063 0.260417
1 0.626172 0.278125 0.122656 0.304167
1 0.527344 0.403125 0.118750 0.285417
1 0.394141 0.564063 0.092969 0.244792
1 0.346094 0.629167 0.075000 0.216667
1 0.294531 0.692187 0.076563 0.205208
