1 0.603906 0.541146 0.028125 0.101042
1 0.178906 0.509375 0.026562 0.108333
1 0.238672 0.513542 0.025781 0.100000
1 0.033203 0.337500 0.039844 0.145833
1 0.650391 0.541667 0.027344 0.100000
1 0.136719 0.350000 0.040625 0.154167
1 0.069531 0.503646 0.032813 0.111458
2 0.314844 0.328646 0.034375 0.117708
2 0.486328 0.353125 0.033594 0.122917
3 0.448828 0.410938 0.036719 0.119792
3 0.279297 0.384896 0.036719 0.117708
3 0.369531 0.404167 0.034375 0.127083
6 0.909766 0.609896 0.035156 0.119792
6 0.867969 0.608854 0.029687 0.115625
6 0.313672 0.569792 0.049219 0.131250
6 0.369141 0.571354 0.042969 0.148958
6 0.417187 0.572396 0.042188 0.134375
6 0.946094 0.614062 0.026562 0.115625
8 0.184766 0.172396 0.011719 0.023958
8 0.237109 0.186458 0.014844 0.025000
8 0.078906 0.161458 0.012500 0.029167
8 0.572656 0.240104 0.014063 0.019792
8 0.016797 0.148958 0.013281 0.025000
8 0.293359 0.195833 0.014844 0.022917
9 0.628906 0.314583 0.020313 0.029167
9 0.660156 0.313021 0.017188 0.026042
9 0.035156 0.314583 0.034375 0.041667
9 0.238672 0.534896 0.019531 0.023958
9 0.603125 0.560417 0.018750 0.020833
10 0.157422 0.264583 0.017969 0.050000
10 0.370312 0.277083 0.018750 0.052083
10 0.450781 0.292187 0.020313 0.051042
10 0.128125 0.251563 0.018750 0.046875
10 0.889453 0.055208 0.066406 0.075000
10 0.833203 0.346354 0.027344 0.048958
11 0.933984 0.375000 0.044531 0.204167
11 0.885547 0.371354 0.049219 0.188542
11 0.977344 0.378125 0.045312 0.200000
12 0.196484 0.135937 0.013281 0.026042
12 0.290234 0.148438 0.013281 0.023958
12 0.069531 0.111979 0.012500 0.030208
12 0.758984 0.231771 0.011719 0.021875
12 0.617188 0.210417 0.012500 0.020833
12 0.791016 0.241146 0.011719 0.021875
12 0.009375 0.101042 0.009375 0.033333
12 0.819531 0.244792 0.014063 0.020833
13 0.453906 0.684375 0.082812 0.075000
13 0.246094 0.675000 0.068750 0.068750
13 0.638672 0.684375 0.078906 0.081250
14 0.090234 0.765625 0.178906 0.400000
15 0.146484 0.667188 0.021094 0.053125
15 0.759766 0.692708 0.016406 0.041667
13 0.824609 0.689583 0.058594 0.072917
12 0.589844 0.205208 0.012500 0.020833
5 0.648047 0.303646 0.057031 0.057292
9 0.601953 0.315104 0.019531 0.023958
9 0.577734 0.333854 0.019531 0.023958
9 0.551953 0.351562 0.019531 0.023958
