14 0.789062 0.685417 0.298438 0.543750
6 0.128125 0.385937 0.103125 0.236458
6 0.226953 0.411979 0.103906 0.223958
6 0.311719 0.430729 0.092188 0.217708
10 0.702734 0.176042 0.033594 0.066667
10 0.624219 0.129167 0.035937 0.072917
10 0.537891 0.079687 0.044531 0.078125
3 0.253125 0.104167 0.046875 0.206250
3 0.385156 0.141146 0.057813 0.228125
2 0.443359 0.092188 0.088281 0.146875
1 0.616016 0.626563 0.036719 0.096875
1 0.527734 0.606250 0.030469 0.104167
1 0.015234 0.483333 0.028906 0.133333
12 0.521875 0.837500 0.023438 0.060417
