1 0.991406 0.368229 0.015625 0.057292
1 0.948438 0.368750 0.017188 0.050000
6 0.512109 0.408854 0.032031 0.086458
6 0.070312 0.403646 0.031250 0.107292
6 0.105078 0.407813 0.028906 0.105208
6 0.549219 0.410938 0.029687 0.088542
8 0.695703 0.117708 0.008594 0.018750
8 0.816016 0.118229 0.010156 0.023958
8 0.853906 0.119271 0.009375 0.019792
8 0.767578 0.117708 0.008594 0.018750
8 0.689844 0.117708 0.007812 0.018750
10 0.783594 0.208333 0.015625 0.039583
10 0.956250 0.207292 0.014063 0.033333
11 0.298828 0.258854 0.022656 0.188542
11 0.583203 0.255729 0.022656 0.157292
11 0.328906 0.258333 0.023438 0.166667
11 0.619141 0.256250 0.024219 0.156250
11 0.362109 0.260937 0.021094 0.182292
11 0.019922 0.315104 0.030469 0.107292
11 0.608984 0.256250 0.019531 0.172917
11 0.451562 0.302604 0.023438 0.180208
11 0.487891 0.260417 0.021094 0.170833
11 0.069141 0.315104 0.028906 0.111458
11 0.554297 0.259375 0.024219 0.164583
11 0.455859 0.264062 0.021094 0.178125
11 0.429297 0.282813 0.021094 0.215625
14 0.757031 0.500521 0.151562 0.259375
10 0.729297 0.204687 0.017969 0.038542
10 0.673047 0.207292 0.014844 0.031250
9 0.785937 0.355729 0.012500 0.017708
9 0.785937 0.383333 0.012500 0.016667
1 0.785156 0.365104 0.018750 0.059375
9 0.709375 0.355208 0.014063 0.016667
9 0.710156 0.381771 0.012500 0.015625
1 0.709375 0.365104 0.017188 0.055208
1 0.873047 0.366146 0.016406 0.057292
9 0.872656 0.355729 0.014063 0.017708
9 0.873437 0.382812 0.012500 0.015625
9 0.948828 0.357292 0.011719 0.016667
9 0.948438 0.384896 0.012500 0.015625
9 0.991797 0.359375 0.011719 0.016667
9 0.992578 0.386458 0.011719 0.014583
10 0.938672 0.224479 0.011719 0.019792
10 0.921484 0.235937 0.011719 0.019792
10 0.882031 0.264062 0.010937 0.019792
10 0.867969 0.275521 0.010937 0.013542
10 0.855469 0.283333 0.010937 0.016667
15 0.336719 0.032292 0.059375 0.062500
15 0.453906 0.032292 0.059375 0.062500
15 0.571875 0.032292 0.059375 0.062500
8 0.124609 0.110417 0.013281 0.020833
8 0.168359 0.112500 0.010156 0.025000
8 0.210938 0.112500 0.012500 0.018750
12 0.201953 0.079687 0.011719 0.021875
11 0.047656 0.314063 0.029687 0.107292
6 0.030078 0.405729 0.025781 0.103125
13 0.325781 0.483333 0.071875 0.077083
13 0.974219 0.478646 0.051562 0.078125
12 0.937500 0.499479 0.015625 0.026042
12 0.689844 0.086458 0.012500 0.022917
