8 0.773828 0.101562 0.030469 0.036458
10 0.517188 0.464062 0.087500 0.159375
15 0.678125 0.332813 0.156250 0.411458
15 0.098828 0.620833 0.130469 0.214583
15 0.244922 0.785937 0.053906 0.167708
15 0.376953 0.488021 0.164844 0.315625
8 0.900781 0.105729 0.029687 0.040625
8 0.831250 0.151562 0.026562 0.032292
8 0.769922 0.183854 0.028906 0.032292
8 0.774609 0.286458 0.030469 0.043750
8 0.830859 0.342187 0.032031 0.030208
8 0.901172 0.311979 0.033594 0.038542
8 0.765234 0.365625 0.027344 0.033333
15 0.177734 0.811979 0.053906 0.167708
8 0.820703 0.316667 0.024219 0.033333
