2 0.087891 0.202083 0.153906 0.268750
8 0.329297 0.403646 0.028906 0.057292
1 0.086328 0.881250 0.055469 0.154167
1 0.290625 0.879687 0.039062 0.165625
1 0.477344 0.882812 0.045312 0.169792
1 0.581250 0.880729 0.043750 0.169792
1 0.679297 0.883854 0.052344 0.165625
1 0.871875 0.883854 0.057813 0.165625
1 0.972656 0.883333 0.053125 0.170833
5 0.814844 0.398438 0.264062 0.184375
9 0.361328 0.413021 0.038281 0.057292
9 0.417578 0.410938 0.038281 0.044792
9 0.753516 0.405729 0.038281 0.053125
9 0.810937 0.410938 0.039062 0.053125
9 0.880859 0.409375 0.038281 0.050000
8 0.960938 0.407292 0.037500 0.050000
