11 0.607031 0.612500 0.045312 0.200000
11 0.659375 0.610417 0.045312 0.200000
11 0.703125 0.615625 0.045312 0.200000
11 0.477344 0.608333 0.045312 0.200000
11 0.425781 0.607292 0.045312 0.200000
11 0.379688 0.605208 0.045312 0.200000
11 0.237500 0.600000 0.045312 0.200000
11 0.189062 0.597917 0.045312 0.200000
11 0.135156 0.604167 0.045312 0.200000
6 0.309375 0.807292 0.043750 0.166667
6 0.260156 0.805208 0.043750 0.166667
6 0.210156 0.805208 0.043750 0.166667
6 0.804688 0.802083 0.043750 0.166667
6 0.850781 0.792708 0.043750 0.166667
6 0.903906 0.803125 0.043750 0.166667
3 0.848047 0.654687 0.032031 0.119792
3 0.891016 0.652604 0.032031 0.119792
3 0.816016 0.653646 0.032031 0.119792
