0 0.499219 0.143750 0.073438 0.129167
1 0.350000 0.326562 0.060937 0.165625
6 0.112500 0.154167 0.107813 0.306250
9 0.468359 0.127083 0.030469 0.031250
14 0.478906 0.508333 0.162500 0.366667
16 0.854297 0.280729 0.047656 0.086458
16 0.926172 0.275521 0.041406 0.084375
6 0.037500 0.139063 0.073438 0.276042
16 0.989453 0.268229 0.021094 0.067708
9 0.466797 0.190625 0.032031 0.039583
9 0.494922 0.166667 0.032031 0.039583
9 0.494922 0.234375 0.032031 0.039583
0 0.519531 0.176042 0.073438 0.129167
0 0.542969 0.201042 0.073438 0.129167
7 0.444922 0.069792 0.061719 0.122917
10 0.446875 0.080729 0.028125 0.038542
9 0.348438 0.289583 0.037500 0.043750
9 0.350000 0.357292 0.037500 0.043750
14 0.206250 0.654167 0.257812 0.504167
10 0.854688 0.106250 0.025000 0.029167
10 0.929688 0.095312 0.025000 0.034375
9 0.260547 0.079687 0.036719 0.048958
9 0.305078 0.134375 0.038281 0.047917
