15 0.134766 0.191146 0.160156 0.148958
14 0.903516 0.864062 0.192969 0.271875
14 0.030078 0.907292 0.058594 0.164583
6 0.190625 0.798438 0.053125 0.128125
6 0.669531 0.785417 0.043750 0.137500
6 0.622266 0.785937 0.041406 0.134375
6 0.576172 0.789583 0.041406 0.129167
3 0.511328 0.628646 0.030469 0.140625
3 0.582031 0.626042 0.035937 0.139583
3 0.661328 0.611979 0.038281 0.153125
2 0.697266 0.553125 0.050781 0.116667
2 0.612891 0.568750 0.046094 0.102083
2 0.541016 0.569271 0.046094 0.107292
10 0.843359 0.470833 0.027344 0.054167
10 0.932031 0.459375 0.029687 0.056250
10 0.215234 0.509896 0.042969 0.076042
10 0.107031 0.335938 0.043750 0.051042
10 0.017969 0.403125 0.034375 0.062500
10 0.228516 0.292187 0.036719 0.061458
12 0.247266 0.368750 0.047656 0.118750
12 0.857812 0.352604 0.018750 0.026042
12 0.802734 0.363021 0.019531 0.028125
12 0.766406 0.368229 0.012500 0.023958
12 0.342578 0.450000 0.014844 0.020833
12 0.309375 0.458333 0.017188 0.018750
12 0.424609 0.434375 0.016406 0.018750
11 0.012500 0.652083 0.023438 0.137500
3 0.076953 0.672917 0.030469 0.112500
2 0.205469 0.618750 0.042188 0.104167
2 0.095703 0.630729 0.049219 0.096875
13 0.291797 0.883854 0.052344 0.080208
13 0.433203 0.882292 0.075781 0.077083
15 0.541797 0.877604 0.017969 0.046875
15 0.329688 0.880729 0.018750 0.040625
9 0.306250 0.767188 0.020313 0.023958
9 0.379297 0.764062 0.016406 0.023958
9 0.421875 0.762500 0.021875 0.025000
9 0.465234 0.759896 0.019531 0.023958
9 0.467578 0.726042 0.019531 0.029167
9 0.422656 0.729688 0.021875 0.023958
9 0.378906 0.732292 0.017188 0.025000
9 0.311719 0.734896 0.023438 0.023958
9 0.233594 0.770833 0.017188 0.022917
9 0.234375 0.740625 0.020313 0.022917
1 0.232422 0.755729 0.025781 0.073958
1 0.308594 0.752083 0.025000 0.079167
1 0.380469 0.748958 0.023438 0.072917
1 0.422656 0.746875 0.025000 0.077083
1 0.464453 0.743229 0.025781 0.086458
1 0.745313 0.725000 0.025000 0.089583
1 0.803125 0.725521 0.029687 0.096875
9 0.863281 0.703125 0.026562 0.033333
9 0.804297 0.745313 0.022656 0.032292
9 0.803906 0.706771 0.021875 0.032292
9 0.744922 0.709375 0.021094 0.029167
9 0.746094 0.750000 0.021875 0.027083
8 0.762500 0.415104 0.025000 0.038542
8 0.815234 0.403646 0.019531 0.034375
8 0.869531 0.394271 0.026562 0.036458
8 0.970703 0.376563 0.022656 0.034375
8 0.463281 0.464062 0.020313 0.026042
8 0.353906 0.481250 0.020313 0.022917
9 0.664453 0.500521 0.021094 0.040625
9 0.402734 0.538542 0.019531 0.033333
9 0.455469 0.530729 0.018750 0.034375
10 0.289453 0.653646 0.016406 0.032292
10 0.315234 0.666146 0.016406 0.028125
10 0.397656 0.627604 0.014063 0.030208
10 0.422656 0.638542 0.015625 0.029167
10 0.447266 0.651042 0.017969 0.029167
