14 0.574609 0.467708 0.180469 0.220833
6 0.783594 0.345833 0.029687 0.102083
11 0.362891 0.281250 0.027344 0.089583
11 0.380078 0.278646 0.022656 0.088542
11 0.398047 0.276042 0.022656 0.089583
11 0.449219 0.277604 0.021875 0.088542
11 0.468750 0.272396 0.025000 0.086458
11 0.490234 0.268229 0.024219 0.092708
11 0.547266 0.262500 0.028906 0.100000
11 0.572266 0.256771 0.028906 0.098958
11 0.596875 0.256771 0.025000 0.105208
11 0.821875 0.173437 0.031250 0.192708
11 0.857422 0.173437 0.024219 0.196875
11 0.891406 0.161458 0.021875 0.181250
11 0.976953 0.155208 0.027344 0.195833
3 0.731641 0.222917 0.022656 0.118750
3 0.787500 0.222917 0.026562 0.122917
2 0.753516 0.181250 0.041406 0.093750
9 0.661719 0.201563 0.020313 0.030208
9 0.657813 0.239583 0.021875 0.027083
1 0.657422 0.218229 0.032031 0.096875
10 0.485156 0.106250 0.034375 0.047917
10 0.591406 0.081250 0.032813 0.052083
10 0.872656 0.047917 0.040625 0.060417
10 0.394531 0.123438 0.035937 0.044792
9 0.018750 0.304688 0.029687 0.036458
9 0.145313 0.321875 0.028125 0.029167
9 0.189453 0.331771 0.025781 0.030208
9 0.230078 0.336979 0.028906 0.034375
9 0.297656 0.347396 0.021875 0.030208
1 0.018750 0.314583 0.035937 0.087500
1 0.146875 0.331771 0.042188 0.084375
1 0.189453 0.338021 0.036719 0.078125
1 0.228516 0.346354 0.036719 0.082292
1 0.294141 0.357292 0.041406 0.079167
13 0.974609 0.411979 0.050781 0.082292
15 0.305469 0.228125 0.028125 0.047917
15 0.282422 0.233333 0.025781 0.043750
