3 0.722266 0.696875 0.035156 0.114583
6 0.839453 0.839063 0.053906 0.121875
6 0.791016 0.841667 0.047656 0.122917
6 0.300391 0.888021 0.039844 0.094792
6 0.336719 0.881250 0.029687 0.100000
6 0.889453 0.823438 0.050781 0.169792
8 0.889844 0.465625 0.014063 0.025000
8 0.941016 0.455208 0.014844 0.025000
9 0.783984 0.555729 0.021094 0.032292
10 0.428516 0.456771 0.050781 0.078125
11 0.102344 0.664062 0.026562 0.173958
11 0.204687 0.643750 0.026562 0.212500
11 0.398047 0.592187 0.030469 0.215625
11 0.437891 0.592708 0.032031 0.210417
11 0.239063 0.635938 0.031250 0.211458
11 0.279297 0.619792 0.032031 0.183333
12 0.926562 0.416667 0.010937 0.029167
12 0.613672 0.411979 0.036719 0.111458
12 0.052344 0.590104 0.035937 0.090625
13 0.744531 0.946875 0.082812 0.077083
15 0.337109 0.304688 0.103906 0.163542
15 0.487500 0.259896 0.107813 0.188542
15 0.217578 0.338021 0.100781 0.184375
11 0.360938 0.602604 0.035937 0.207292
11 0.137891 0.659375 0.035156 0.183333
11 0.073828 0.685417 0.025781 0.170833
2 0.917578 0.608854 0.039844 0.080208
3 0.885547 0.680208 0.033594 0.095833
3 0.797656 0.694271 0.032813 0.098958
2 0.830859 0.619271 0.038281 0.076042
2 0.747266 0.629687 0.039844 0.076042
10 0.278125 0.498437 0.048438 0.063542
13 0.961328 0.931771 0.071094 0.094792
