1 0.121094 0.326042 0.015625 0.093750
1 0.794922 0.309375 0.021094 0.087500
6 0.521484 0.361979 0.038281 0.117708
6 0.463281 0.361458 0.037500 0.127083
10 0.916016 0.052604 0.022656 0.057292
11 0.301172 0.104688 0.036719 0.142708
13 0.292578 0.469271 0.082031 0.088542
14 0.881250 0.471354 0.237500 0.353125
10 0.832031 0.053646 0.023438 0.048958
2 0.532031 0.111979 0.028125 0.109375
2 0.441016 0.109375 0.028906 0.102083
2 0.405859 0.191146 0.027344 0.096875
9 0.126562 0.308333 0.018750 0.025000
9 0.125781 0.344792 0.018750 0.025000
10 0.092578 0.082812 0.017969 0.026042
10 0.131641 0.080729 0.022656 0.023958
10 0.161328 0.077604 0.022656 0.030208
10 0.178906 0.104688 0.020313 0.026042
9 0.796484 0.293229 0.016406 0.023958
9 0.795703 0.329688 0.017969 0.026042
1 0.959375 0.315104 0.018750 0.073958
9 0.959766 0.293750 0.016406 0.022917
9 0.960156 0.331771 0.017188 0.030208
10 0.512500 0.068229 0.023438 0.028125
6 0.571094 0.363021 0.042188 0.121875
15 0.648828 0.474479 0.021094 0.042708
15 0.204687 0.478646 0.018750 0.044792
15 0.135156 0.480208 0.018750 0.043750
10 0.167969 0.490104 0.015625 0.026042
13 0.081641 0.482292 0.080469 0.087500
1 0.229297 0.320312 0.011719 0.082292
9 0.230469 0.305729 0.017188 0.021875
9 0.231250 0.342187 0.015625 0.021875
1 0.289062 0.320833 0.007812 0.081250
9 0.291406 0.303646 0.015625 0.021875
9 0.291406 0.339583 0.014063 0.025000
10 0.647656 0.078125 0.020313 0.045833
10 0.750391 0.051042 0.017969 0.047917
5 0.113281 0.060937 0.054688 0.059375
8 0.146484 0.008333 0.016406 0.014583
8 0.091406 0.008333 0.018750 0.014583
8 0.036719 0.010417 0.017188 0.018750
10 0.423438 0.063021 0.021875 0.034375
