1 0.606641 0.719271 0.028906 0.115625
1 0.908594 0.738021 0.028125 0.105208
1 0.764062 0.726562 0.034375 0.107292
1 0.103125 0.692187 0.042188 0.113542
1 0.818359 0.728646 0.030469 0.107292
1 0.063281 0.442188 0.042188 0.167708
1 0.027734 0.690625 0.038281 0.114583
1 0.234766 0.701042 0.032031 0.112500
1 0.184375 0.461458 0.043750 0.164583
2 0.404687 0.396875 0.075000 0.212500
3 0.367188 0.510417 0.050000 0.172917
3 0.477344 0.522396 0.046875 0.155208
3 0.579688 0.539062 0.037500 0.136458
5 0.737891 0.458333 0.128906 0.114583
6 0.412500 0.739062 0.071875 0.186458
6 0.475391 0.739583 0.066406 0.183333
6 0.541016 0.745313 0.061719 0.173958
8 0.879687 0.433333 0.035937 0.035417
8 0.228125 0.336979 0.025000 0.053125
8 0.705469 0.404687 0.018750 0.030208
8 0.919531 0.435937 0.034375 0.032292
8 0.045312 0.316146 0.021875 0.053125
8 0.754687 0.411458 0.021875 0.027083
8 0.110937 0.326042 0.023438 0.050000
8 0.836719 0.423958 0.029687 0.022917
9 0.737109 0.459375 0.019531 0.031250
9 0.772266 0.464062 0.021094 0.034375
9 0.705859 0.460938 0.022656 0.034375
13 0.758203 0.891146 0.099219 0.098958
13 0.945703 0.898958 0.074219 0.087500
15 0.627734 0.897396 0.022656 0.051042
2 0.510547 0.419271 0.080469 0.223958
2 0.612891 0.436979 0.069531 0.215625
15 0.882422 0.907292 0.022656 0.047917
10 0.592578 0.910417 0.014844 0.025000
1 0.715234 0.727604 0.032031 0.107292
9 0.908594 0.758854 0.020313 0.034375
9 0.907031 0.718750 0.021875 0.027083
9 0.816797 0.713021 0.021094 0.030208
9 0.817187 0.754167 0.021875 0.029167
9 0.765234 0.711458 0.021094 0.031250
9 0.767188 0.751563 0.021875 0.026042
9 0.712891 0.707812 0.022656 0.030208
9 0.713281 0.748437 0.021875 0.030208
9 0.608594 0.703125 0.021875 0.027083
9 0.608984 0.743750 0.022656 0.029167
9 0.185156 0.503125 0.034375 0.047917
9 0.185938 0.436979 0.029687 0.044792
9 0.066406 0.420833 0.034375 0.050000
9 0.064844 0.492708 0.032813 0.041667
9 0.027734 0.716667 0.022656 0.033333
9 0.030469 0.672396 0.025000 0.030208
9 0.104297 0.719271 0.022656 0.028125
9 0.236328 0.728125 0.027344 0.035417
9 0.235547 0.679167 0.024219 0.031250
