2 0.630859 0.250521 0.146094 0.230208
2 0.485547 0.378646 0.130469 0.232292
2 0.367969 0.475521 0.143750 0.217708
9 0.525781 0.378125 0.070312 0.083333
8 0.176172 0.934896 0.036719 0.046875
8 0.255469 0.961979 0.029687 0.034375
10 0.196875 0.876042 0.018750 0.027083
10 0.199219 0.847917 0.018750 0.027083
10 0.223438 0.833333 0.018750 0.027083
10 0.219531 0.860417 0.018750 0.027083
10 0.278125 0.876042 0.018750 0.027083
10 0.276562 0.902083 0.018750 0.027083
10 0.298438 0.891667 0.018750 0.027083
10 0.300781 0.862500 0.018750 0.027083
3 0.330859 0.662500 0.078906 0.229167
3 0.433984 0.613021 0.092969 0.317708
3 0.572656 0.493750 0.100000 0.335417
9 0.657422 0.237500 0.089844 0.097917
9 0.641797 0.378125 0.089844 0.097917
9 0.594922 0.522917 0.078906 0.102083
9 0.454297 0.626042 0.078906 0.102083
9 0.337109 0.712500 0.069531 0.081250
16 0.660547 0.800000 0.064844 0.100000
16 0.758203 0.841667 0.064844 0.100000
16 0.555859 0.739583 0.064844 0.100000
