1 0.799609 0.358333 0.017969 0.037500
3 0.736719 0.335938 0.012500 0.051042
3 0.700391 0.335938 0.016406 0.061458
8 0.550781 0.148958 0.007812 0.014583
8 0.361328 0.131250 0.010156 0.014583
8 0.294531 0.121875 0.007812 0.014583
8 0.493750 0.143750 0.009375 0.018750
8 0.838281 0.174479 0.009375 0.013542
8 0.912891 0.180729 0.013281 0.013542
8 0.580469 0.152083 0.009375 0.016667
8 0.457813 0.143750 0.007812 0.018750
8 0.783203 0.169792 0.008594 0.014583
8 0.610938 0.152604 0.007812 0.015625
8 0.425000 0.128125 0.007812 0.020833
8 0.236719 0.119792 0.007812 0.018750
8 0.816016 0.172917 0.010156 0.014583
10 0.555078 0.214062 0.019531 0.053125
10 0.641016 0.220312 0.021094 0.048958
12 0.839453 0.146354 0.008594 0.017708
12 0.611328 0.123958 0.007031 0.018750
12 0.579297 0.124479 0.007031 0.015625
12 0.566016 0.119792 0.007031 0.014583
12 0.489844 0.125521 0.007812 0.019792
12 0.430078 0.111458 0.007031 0.020833
12 0.931250 0.154688 0.009375 0.013542
12 0.454688 0.113021 0.006250 0.026042
12 0.914453 0.154167 0.008594 0.014583
12 0.458594 0.123438 0.006250 0.019792
12 0.897656 0.151042 0.006250 0.016667
12 0.555078 0.124479 0.007031 0.015625
12 0.792578 0.144792 0.007031 0.016667
12 0.589063 0.309896 0.012500 0.036458
10 0.598047 0.217188 0.021094 0.048958
6 0.692187 0.414583 0.021875 0.070833
6 0.719531 0.415625 0.021875 0.070833
