1 0.679297 0.477083 0.080469 0.218750
1 0.784766 0.419792 0.083594 0.235417
1 0.587891 0.517708 0.072656 0.193750
1 0.512109 0.778125 0.061719 0.189583
1 0.887109 0.841667 0.036719 0.145833
1 0.732812 0.871354 0.039062 0.134375
3 0.971094 0.358854 0.054688 0.246875
9 0.792969 0.375521 0.060937 0.076042
10 0.454297 0.509375 0.038281 0.085417
10 0.644141 0.388542 0.047656 0.083333
10 0.733594 0.329688 0.051562 0.092708
10 0.839453 0.257292 0.055469 0.097917
10 0.515625 0.477604 0.043750 0.082292
10 0.401562 0.554167 0.039062 0.077083
1 0.782813 0.869271 0.035937 0.128125
10 0.757812 0.789062 0.020313 0.042708
10 0.730859 0.732292 0.017969 0.033333
10 0.776172 0.748958 0.017969 0.031250
10 0.917969 0.672396 0.023438 0.040625
9 0.891797 0.431250 0.047656 0.062500
9 0.792578 0.477604 0.061719 0.071875
9 0.688672 0.445312 0.053906 0.059375
9 0.684766 0.533333 0.052344 0.060417
9 0.600000 0.493750 0.046875 0.058333
9 0.593359 0.578125 0.049219 0.056250
9 0.519922 0.752604 0.042969 0.051042
9 0.515234 0.836458 0.042969 0.058333
9 0.734375 0.848437 0.025000 0.032292
9 0.734766 0.896875 0.025781 0.031250
9 0.782813 0.889583 0.025000 0.037500
9 0.784766 0.838542 0.025781 0.033333
9 0.888672 0.816667 0.030469 0.039583
9 0.887891 0.866667 0.024219 0.037500
