15 0.270703 0.431250 0.050781 0.102083
15 0.486328 0.404167 0.050781 0.102083
15 0.376953 0.417708 0.050781 0.102083
12 0.185938 0.522396 0.032813 0.086458
12 0.410156 0.499479 0.032813 0.086458
12 0.534375 0.499479 0.032813 0.086458
10 0.231641 0.424479 0.027344 0.038542
10 0.344141 0.409896 0.027344 0.038542
10 0.458984 0.396354 0.027344 0.038542
11 0.271094 0.703646 0.018750 0.119792
11 0.292969 0.704688 0.018750 0.119792
11 0.317188 0.700521 0.018750 0.119792
11 0.396875 0.699479 0.018750 0.119792
11 0.373437 0.700521 0.018750 0.119792
11 0.423438 0.699479 0.018750 0.119792
11 0.477344 0.694271 0.018750 0.119792
11 0.503125 0.692187 0.018750 0.119792
11 0.527344 0.698438 0.018750 0.119792
11 0.364453 0.696875 0.030469 0.120833
8 0.056641 0.331250 0.008594 0.022917
8 0.107422 0.380729 0.007031 0.023958
8 0.115234 0.377604 0.007031 0.021875
8 0.123438 0.377604 0.006250 0.021875
8 0.130078 0.373958 0.008594 0.022917
8 0.137500 0.371354 0.007812 0.019792
8 0.144141 0.369271 0.008594 0.023958
8 0.151953 0.422917 0.008594 0.022917
8 0.158594 0.420833 0.007812 0.022917
8 0.165625 0.419271 0.009375 0.021875
8 0.171484 0.415625 0.010156 0.020833
8 0.178906 0.414583 0.009375 0.020833
8 0.186719 0.413021 0.009375 0.019792
12 0.730469 0.474479 0.034375 0.098958
11 0.965625 0.692187 0.018750 0.090625
