13 0.491406 0.897917 0.100000 0.133333
13 0.648438 0.882292 0.100000 0.133333
13 0.889453 0.855208 0.133594 0.156250
12 0.127734 0.749479 0.046094 0.121875
12 0.098047 0.763021 0.046094 0.121875
12 0.080859 0.770312 0.046094 0.121875
15 0.205469 0.752604 0.062500 0.103125
15 0.168750 0.765104 0.053125 0.096875
12 0.303516 0.717187 0.053906 0.123958
12 0.413672 0.692187 0.053906 0.123958
10 0.531641 0.353646 0.035156 0.090625
10 0.609766 0.369271 0.035156 0.090625
10 0.670703 0.394271 0.035156 0.076042
10 0.816016 0.453646 0.035156 0.076042
10 0.873828 0.465104 0.035156 0.076042
10 0.926953 0.482812 0.035156 0.076042
10 0.633984 0.528646 0.035156 0.076042
10 0.494141 0.492188 0.035156 0.076042
10 0.373047 0.463021 0.035156 0.076042
10 0.257422 0.530208 0.035156 0.058333
10 0.315234 0.543750 0.035156 0.058333
10 0.373828 0.555208 0.035156 0.058333
10 0.505859 0.581250 0.035156 0.058333
10 0.678125 0.543750 0.026562 0.058333
1 0.810547 0.644792 0.055469 0.143750
1 0.895703 0.635417 0.055469 0.143750
8 0.617969 0.230208 0.071875 0.056250
8 0.569531 0.269792 0.071875 0.056250
8 0.667969 0.203125 0.071875 0.056250
8 0.755469 0.134375 0.071875 0.056250
8 0.881250 0.042708 0.071875 0.056250
8 0.813281 0.075000 0.071875 0.056250
