6 0.157031 0.673438 0.026562 0.092708
6 0.688281 0.646354 0.032813 0.101042
6 0.187500 0.675521 0.026562 0.101042
8 0.976562 0.282292 0.012500 0.020833
8 0.796484 0.305208 0.011719 0.025000
8 0.842969 0.301563 0.014063 0.023958
8 0.714063 0.310937 0.012500 0.023958
8 0.892969 0.297917 0.010937 0.025000
9 0.698438 0.412500 0.018750 0.035417
11 0.264453 0.534375 0.027344 0.177083
11 0.542969 0.504687 0.026562 0.182292
11 0.233984 0.536979 0.027344 0.153125
11 0.509766 0.510417 0.024219 0.168750
11 0.296875 0.531771 0.029687 0.184375
11 0.399609 0.520833 0.027344 0.164583
11 0.432812 0.517188 0.032813 0.163542
11 0.578906 0.508854 0.026562 0.171875
12 0.850391 0.263542 0.011719 0.025000
12 0.887109 0.260417 0.011719 0.025000
12 0.182031 0.340625 0.009375 0.018750
12 0.704688 0.281771 0.012500 0.021875
12 0.814453 0.270313 0.013281 0.023958
12 0.155859 0.343750 0.008594 0.018750
13 0.338281 0.743750 0.064062 0.052083
14 0.908203 0.727604 0.183594 0.290625
15 0.558984 0.237500 0.071094 0.116667
11 0.370703 0.522917 0.027344 0.164583
3 0.160547 0.571354 0.028906 0.088542
1 0.724219 0.583333 0.020313 0.066667
1 0.813281 0.579167 0.020313 0.066667
1 0.866406 0.573958 0.020313 0.066667
1 0.917188 0.569792 0.020313 0.066667
9 0.917578 0.553646 0.017969 0.021875
9 0.916797 0.588021 0.017969 0.021875
9 0.866797 0.592187 0.017969 0.021875
9 0.865234 0.556771 0.017969 0.021875
9 0.812891 0.560937 0.017969 0.021875
9 0.814453 0.594271 0.017969 0.021875
9 0.725391 0.567187 0.017969 0.021875
9 0.724609 0.600521 0.017969 0.021875
10 0.816016 0.409896 0.022656 0.028125
10 0.883203 0.404687 0.022656 0.028125
10 0.951953 0.399479 0.022656 0.028125
10 0.969922 0.384375 0.019531 0.022917
3 0.691016 0.524479 0.025781 0.084375
2 0.715625 0.466146 0.025000 0.061458
8 0.668750 0.317188 0.014063 0.026042
8 0.153906 0.377083 0.025000 0.022917
8 0.192969 0.372917 0.020313 0.027083
1 0.055469 0.633333 0.020313 0.052083
9 0.055078 0.618750 0.013281 0.018750
9 0.054297 0.645833 0.013281 0.018750
13 0.487891 0.722917 0.050781 0.075000
1 0.326953 0.613021 0.019531 0.053125
9 0.327344 0.598437 0.014063 0.019792
9 0.327344 0.626563 0.014063 0.019792
15 0.303125 0.270833 0.068750 0.097917
15 0.430469 0.255208 0.068750 0.097917
14 0.042188 0.781250 0.082812 0.150000
6 0.646094 0.647396 0.032813 0.101042
