14 0.289453 0.651563 0.214844 0.242708
16 0.033594 0.457292 0.017188 0.039583
16 0.094531 0.464583 0.023438 0.037500
13 0.892188 0.527604 0.085938 0.084375
13 0.690625 0.544792 0.075000 0.085417
13 0.516406 0.566146 0.064062 0.076042
11 0.128516 0.428125 0.030469 0.106250
11 0.157031 0.421354 0.028125 0.111458
11 0.182422 0.418750 0.030469 0.112500
11 0.259375 0.411458 0.032813 0.120833
11 0.288281 0.406250 0.032813 0.116667
11 0.317188 0.401042 0.031250 0.112500
11 0.375000 0.370833 0.028125 0.102083
11 0.402344 0.388542 0.031250 0.112500
11 0.433594 0.381771 0.034375 0.115625
11 0.468359 0.373958 0.036719 0.116667
6 0.610156 0.478646 0.032813 0.111458
6 0.525781 0.487500 0.029687 0.102083
9 0.219922 0.473438 0.021094 0.030208
9 0.341797 0.442708 0.017969 0.022917
9 0.501953 0.418750 0.017969 0.027083
9 0.546875 0.413542 0.015625 0.027083
9 0.630078 0.401042 0.014844 0.027083
9 0.880469 0.367188 0.017188 0.030208
10 0.089453 0.336458 0.019531 0.033333
10 0.186719 0.315625 0.018750 0.037500
10 0.333203 0.292187 0.019531 0.034375
10 0.391016 0.281771 0.019531 0.034375
2 0.619922 0.295312 0.047656 0.084375
2 0.489453 0.316667 0.042969 0.083333
5 0.528906 0.353646 0.028125 0.107292
5 0.600391 0.344271 0.024219 0.115625
15 0.214062 0.080729 0.114062 0.103125
15 0.348828 0.052604 0.121094 0.103125
8 0.219141 0.221875 0.022656 0.018750
8 0.253125 0.216146 0.021875 0.023958
8 0.319531 0.201563 0.015625 0.021875
8 0.633984 0.134896 0.019531 0.030208
8 0.679297 0.125000 0.014844 0.031250
8 0.511719 0.159375 0.015625 0.022917
8 0.469141 0.169271 0.017969 0.026042
12 0.472656 0.134896 0.012500 0.023958
12 0.498828 0.129688 0.014844 0.023958
12 0.538672 0.119271 0.010156 0.023958
12 0.639844 0.095312 0.014063 0.023958
12 0.669531 0.089583 0.014063 0.020833
11 0.771484 0.258854 0.036719 0.211458
11 0.814063 0.247396 0.032813 0.213542
11 0.862109 0.238542 0.030469 0.220833
11 0.966406 0.221875 0.032813 0.225000
14 0.386328 0.605208 0.089844 0.145833
