13 0.658594 0.185417 0.181250 0.204167
13 0.462109 0.264583 0.125781 0.154167
13 0.337500 0.314583 0.092188 0.127083
16 0.042578 0.119271 0.055469 0.078125
16 0.110156 0.121354 0.040625 0.076042
16 0.180859 0.121875 0.044531 0.075000
15 0.758594 0.256771 0.037500 0.071875
1 0.273438 0.131250 0.045312 0.120833
1 0.295312 0.116667 0.040625 0.112500
1 0.322266 0.093229 0.057031 0.140625
1 0.371094 0.064062 0.051562 0.126042
10 0.332031 0.024479 0.031250 0.046875
9 0.408984 0.052083 0.035156 0.043750
9 0.450000 0.020833 0.042188 0.039583
9 0.375781 0.080729 0.032813 0.038542
9 0.372656 0.024479 0.032813 0.040625
9 0.326953 0.124479 0.025781 0.036458
9 0.323437 0.070312 0.029687 0.036458
9 0.276953 0.162500 0.027344 0.035417
9 0.275000 0.116146 0.026562 0.034375
9 0.298828 0.094792 0.027344 0.037500
9 0.299609 0.142708 0.030469 0.037500
