1 0.417187 0.829688 0.053125 0.194792
2 0.167969 0.313542 0.103125 0.316667
3 0.088281 0.432812 0.093750 0.221875
3 0.245312 0.470313 0.070312 0.188542
6 0.129297 0.810937 0.114844 0.278125
6 0.223047 0.815625 0.114844 0.260417
6 0.317578 0.822917 0.089844 0.258333
10 0.617578 0.509896 0.042969 0.090625
10 0.530859 0.466667 0.041406 0.095833
10 0.695703 0.545833 0.042969 0.087500
2 0.293750 0.380208 0.093750 0.304167
2 0.433594 0.429167 0.101562 0.268750
3 0.371094 0.529167 0.079687 0.210417
10 0.870703 0.786979 0.025781 0.042708
10 0.667578 0.890625 0.024219 0.031250
10 0.629687 0.907813 0.023438 0.036458
10 0.591406 0.923958 0.021875 0.027083
10 0.604297 0.784896 0.028906 0.040625
9 0.418359 0.881250 0.044531 0.060417
9 0.416797 0.794792 0.046094 0.064583
9 0.015625 0.863542 0.029687 0.043750
9 0.012891 0.925521 0.024219 0.040625
10 0.233203 0.353125 0.041406 0.052083
10 0.352734 0.404167 0.041406 0.052083
