13 0.493359 0.375521 0.307031 0.348958
14 0.521094 0.697396 0.135937 0.238542
3 0.239453 0.342708 0.053906 0.164583
10 0.218359 0.230729 0.027344 0.063542
10 0.369922 0.257812 0.024219 0.048958
10 0.643359 0.306771 0.024219 0.048958
10 0.704297 0.318229 0.025781 0.040625
9 0.667969 0.374479 0.026562 0.040625
9 0.668359 0.428125 0.027344 0.039583
0 0.681250 0.395313 0.062500 0.113542
9 0.902344 0.069271 0.065625 0.078125
13 0.935937 0.441146 0.128125 0.280208
6 0.193750 0.572396 0.034375 0.176042
6 0.052734 0.567187 0.033594 0.184375
12 0.006641 0.559375 0.011719 0.070833
9 0.261328 0.710417 0.016406 0.020833
9 0.359375 0.689063 0.017188 0.021875
9 0.392969 0.675000 0.017188 0.031250
