1 0.562109 0.108854 0.036719 0.126042
1 0.529687 0.135417 0.032813 0.133333
1 0.506641 0.152604 0.033594 0.134375
1 0.471875 0.184375 0.029687 0.120833
1 0.448047 0.205208 0.032031 0.118750
9 0.529687 0.169792 0.025000 0.037500
9 0.560937 0.142708 0.028125 0.039583
10 0.310937 0.057813 0.017188 0.051042
10 0.276562 0.120313 0.018750 0.038542
10 0.251563 0.051562 0.020313 0.042708
13 0.706250 0.297396 0.128125 0.182292
13 0.913672 0.209375 0.172656 0.260417
13 0.562109 0.336458 0.097656 0.135417
13 0.476953 0.362500 0.078906 0.129167
16 0.219922 0.257812 0.030469 0.055208
16 0.316016 0.253646 0.025781 0.065625
13 0.415625 0.395833 0.054688 0.075000
16 0.266797 0.253125 0.024219 0.050000
10 0.371094 0.058854 0.017188 0.051042
1 0.650781 0.051042 0.051562 0.100000
9 0.653125 0.068229 0.029687 0.040625
9 0.693750 0.038021 0.029687 0.040625
9 0.648438 0.013021 0.029687 0.023958
9 0.607422 0.042708 0.028906 0.039583
9 0.611328 0.089583 0.028906 0.039583
1 0.603516 0.072917 0.041406 0.143750
9 0.531250 0.114583 0.025000 0.037500
9 0.504687 0.136458 0.025000 0.037500
9 0.502344 0.184375 0.025000 0.037500
9 0.500781 0.189583 0.020313 0.031250
9 0.503125 0.136458 0.020313 0.031250
9 0.467187 0.175000 0.020313 0.031250
9 0.467187 0.217708 0.020313 0.031250
9 0.447266 0.192188 0.014844 0.030208
9 0.448828 0.229687 0.014844 0.030208
9 0.429297 0.206250 0.013281 0.022917
9 0.430859 0.244792 0.013281 0.022917
1 0.404297 0.245312 0.024219 0.076042
9 0.407813 0.267708 0.017188 0.025000
9 0.406250 0.232292 0.017188 0.025000
