1 0.796484 0.506771 0.058594 0.198958
1 0.914062 0.392188 0.064062 0.221875
1 0.686719 0.591667 0.051562 0.160417
1 0.733984 0.556771 0.055469 0.153125
1 0.544922 0.709896 0.041406 0.134375
1 0.977344 0.329688 0.035937 0.213542
10 0.465234 0.513021 0.024219 0.057292
13 0.807031 0.825000 0.181250 0.220833
13 0.618750 0.904167 0.123438 0.158333
14 0.120313 0.754167 0.229687 0.489583
16 0.374609 0.691667 0.042969 0.072917
16 0.302734 0.683854 0.046094 0.082292
16 0.449609 0.696875 0.042969 0.072917
1 0.571875 0.697396 0.037500 0.107292
1 0.612891 0.661979 0.047656 0.109375
10 0.394531 0.508333 0.032813 0.052083
10 0.321875 0.497396 0.034375 0.051042
10 0.577734 0.365104 0.030469 0.046875
8 0.636719 0.244271 0.018750 0.034375
9 0.791797 0.476042 0.038281 0.047917
9 0.791406 0.541667 0.043750 0.047917
9 0.734375 0.526563 0.042188 0.046875
9 0.733594 0.585938 0.039062 0.046875
9 0.683594 0.568750 0.037500 0.045833
9 0.685937 0.628125 0.039062 0.050000
9 0.614453 0.631771 0.036719 0.044792
9 0.613672 0.686979 0.036719 0.040625
9 0.573828 0.663021 0.033594 0.038542
9 0.577734 0.714583 0.032031 0.043750
9 0.544141 0.690625 0.035156 0.039583
9 0.545312 0.738021 0.032813 0.042708
9 0.914062 0.369271 0.050000 0.057292
9 0.915625 0.446875 0.051562 0.062500
10 0.493359 0.353646 0.030469 0.046875
10 0.406641 0.333854 0.030469 0.046875
10 0.540234 0.076563 0.035156 0.046875
10 0.648828 0.098437 0.035156 0.046875
10 0.753516 0.123438 0.035156 0.046875
8 0.786719 0.035417 0.025000 0.031250
