1 0.604688 0.105208 0.035937 0.125000
1 0.723047 0.079687 0.033594 0.130208
1 0.662500 0.093229 0.034375 0.130208
1 0.843359 0.058854 0.036719 0.115625
1 0.919531 0.047917 0.039062 0.093750
6 0.237500 0.161979 0.081250 0.176042
6 0.312109 0.155208 0.078906 0.195833
6 0.274219 0.157292 0.084375 0.187500
13 0.935156 0.247917 0.129688 0.147917
13 0.682422 0.279167 0.107031 0.125000
13 0.087109 0.347917 0.067969 0.079167
14 0.463281 0.260937 0.292187 0.486458
1 0.093359 0.215104 0.030469 0.080208
1 0.066406 0.224479 0.023438 0.069792
1 0.039062 0.231771 0.021875 0.069792
1 0.138281 0.205729 0.026562 0.073958
9 0.920312 0.061458 0.028125 0.035417
9 0.919531 0.014063 0.028125 0.026042
9 0.844922 0.026562 0.025781 0.038542
9 0.846094 0.076042 0.026562 0.031250
9 0.893359 0.117188 0.025781 0.032292
9 0.968359 0.106771 0.022656 0.032292
9 0.726562 0.101042 0.026562 0.037500
9 0.727734 0.054167 0.024219 0.033333
9 0.662891 0.068750 0.025781 0.035417
9 0.664844 0.116667 0.025000 0.031250
9 0.604688 0.127083 0.020313 0.031250
9 0.607031 0.083333 0.023438 0.029167
9 0.653906 0.163021 0.026562 0.030208
9 0.712500 0.152083 0.023438 0.035417
9 0.205469 0.213021 0.020313 0.021875
9 0.208203 0.178646 0.021094 0.026042
9 0.141016 0.225000 0.019531 0.022917
9 0.144141 0.195312 0.021094 0.023958
9 0.092969 0.204687 0.021875 0.021875
9 0.091406 0.233854 0.018750 0.021875
9 0.065625 0.241667 0.018750 0.027083
9 0.067578 0.211979 0.021094 0.023958
9 0.041797 0.218750 0.021094 0.025000
9 0.041016 0.246354 0.019531 0.023958
10 0.039844 0.057292 0.017188 0.027083
10 0.084375 0.066667 0.017188 0.025000
15 0.830859 0.276042 0.030469 0.060417
10 0.867578 0.288021 0.016406 0.040625
