1 0.508984 0.076042 0.041406 0.127083
13 0.294141 0.183333 0.142969 0.183333
13 0.451562 0.249479 0.112500 0.138542
13 0.068750 0.106771 0.135937 0.211458
16 0.743750 0.048958 0.039062 0.079167
16 0.602344 0.060937 0.039062 0.076042
16 0.672266 0.055208 0.035156 0.077083
9 0.507031 0.101562 0.032813 0.046875
9 0.505078 0.052604 0.027344 0.036458
9 0.476172 0.077083 0.028906 0.039583
9 0.478516 0.024479 0.025781 0.036458
9 0.447266 0.047917 0.025781 0.029167
9 0.442578 0.133333 0.030469 0.035417
9 0.411719 0.113021 0.028125 0.032292
9 0.300000 0.042708 0.029687 0.037500
9 0.255078 0.018750 0.046094 0.035417
12 0.263281 0.301042 0.021875 0.050000
12 0.236719 0.293229 0.026562 0.057292
