8 0.776953 0.491146 0.038281 0.084375
8 0.894531 0.527083 0.025000 0.060417
1 0.162891 0.906250 0.102344 0.187500
9 0.168750 0.918750 0.054688 0.068750
10 0.171875 0.192188 0.056250 0.096875
10 0.176172 0.385937 0.057031 0.086458
4 0.900781 0.092188 0.198437 0.182292
9 0.862109 0.108333 0.069531 0.083333
9 0.965234 0.123958 0.069531 0.083333
10 0.906250 0.347396 0.051562 0.067708
10 0.845703 0.525521 0.050781 0.063542
10 0.712500 0.306771 0.053125 0.076042
9 0.364453 0.956250 0.061719 0.075000
8 0.080078 0.352604 0.030469 0.082292
