13 0.270313 0.789062 0.168750 0.223958
13 0.679297 0.820312 0.130469 0.198958
14 0.176953 0.931250 0.136719 0.137500
15 0.374219 0.276042 0.146875 0.281250
15 0.759766 0.347917 0.146094 0.254167
10 0.579688 0.384375 0.078125 0.156250
10 0.114062 0.563542 0.023438 0.052083
10 0.189844 0.571354 0.023438 0.044792
10 0.265234 0.578125 0.022656 0.041667
10 0.455469 0.600521 0.025000 0.034375
10 0.965234 0.431771 0.028906 0.048958
9 0.208594 0.355208 0.037500 0.058333
9 0.144531 0.502604 0.040625 0.053125
9 0.112500 0.682813 0.026562 0.034375
9 0.192969 0.688021 0.026562 0.042708
9 0.114844 0.631250 0.026562 0.037500
9 0.194141 0.638542 0.030469 0.033333
9 0.268750 0.646875 0.025000 0.037500
9 0.267969 0.695312 0.026562 0.040625
9 0.466406 0.663021 0.023438 0.036458
9 0.467578 0.709375 0.024219 0.037500
9 0.648047 0.414062 0.042969 0.048958
9 0.455078 0.388021 0.036719 0.053125
9 0.848047 0.446354 0.041406 0.048958
15 0.968359 0.640625 0.055469 0.062500
3 0.147266 0.445833 0.058594 0.193750
3 0.274609 0.474479 0.055469 0.213542
7 0.114844 0.660937 0.039062 0.126042
7 0.192188 0.667188 0.045312 0.123958
7 0.267188 0.670312 0.050000 0.126042
0 0.466797 0.689583 0.038281 0.110417
