13 0.587109 0.295312 0.136719 0.157292
15 0.150000 0.316146 0.034375 0.071875
15 0.384375 0.328125 0.031250 0.072917
1 0.856250 0.065625 0.040625 0.129167
1 0.687109 0.063542 0.036719 0.125000
1 0.590234 0.063542 0.036719 0.125000
1 0.501172 0.058333 0.036719 0.114583
1 0.337500 0.052083 0.034375 0.102083
9 0.153125 0.058333 0.035937 0.072917
9 0.336719 0.072917 0.035937 0.072917
9 0.500781 0.077083 0.034375 0.066667
9 0.499609 0.019792 0.032031 0.037500
9 0.590625 0.084896 0.034375 0.061458
9 0.594922 0.022396 0.033594 0.042708
9 0.688672 0.025000 0.033594 0.047917
9 0.684766 0.088542 0.036719 0.052083
9 0.857422 0.096875 0.036719 0.052083
9 0.857031 0.029167 0.035937 0.056250
