14 0.267969 0.586458 0.178125 0.218750
13 0.056250 0.526563 0.062500 0.067708
13 0.685547 0.504687 0.063281 0.069792
13 0.859375 0.503646 0.053125 0.067708
15 0.162891 0.516667 0.027344 0.039583
1 0.041016 0.451042 0.042969 0.068750
9 0.038672 0.446875 0.028906 0.029167
11 0.953516 0.317188 0.022656 0.136458
11 0.924219 0.320312 0.025000 0.136458
11 0.894531 0.321354 0.021875 0.138542
11 0.681250 0.372396 0.025000 0.086458
11 0.655859 0.375521 0.024219 0.084375
11 0.629297 0.378125 0.024219 0.083333
11 0.561719 0.379167 0.023438 0.083333
11 0.537500 0.381250 0.025000 0.087500
11 0.511719 0.381771 0.023438 0.082292
11 0.445703 0.381771 0.024219 0.092708
11 0.420703 0.381250 0.024219 0.089583
11 0.396484 0.381250 0.025781 0.083333
12 0.806641 0.106771 0.013281 0.023958
12 0.836328 0.105729 0.013281 0.019792
12 0.972656 0.103125 0.015625 0.020833
8 0.798438 0.140104 0.015625 0.023958
8 0.841016 0.136979 0.014844 0.019792
8 0.032422 0.181771 0.022656 0.028125
8 0.073047 0.175000 0.021094 0.020833
8 0.107813 0.174479 0.018750 0.021875
8 0.176172 0.170313 0.014844 0.021875
8 0.255078 0.167187 0.014844 0.021875
8 0.328516 0.165104 0.016406 0.026042
12 0.333203 0.130729 0.013281 0.021875
12 0.359766 0.131771 0.013281 0.021875
12 0.399609 0.127083 0.013281 0.022917
12 0.488672 0.122917 0.013281 0.022917
12 0.514062 0.122396 0.014063 0.021875
10 0.038672 0.277604 0.019531 0.034375
10 0.090234 0.276042 0.017969 0.035417
10 0.144141 0.272396 0.017969 0.038542
10 0.238672 0.267188 0.017969 0.038542
10 0.251953 0.250521 0.016406 0.036458
10 0.078125 0.257812 0.015625 0.036458
1 0.089453 0.410417 0.019531 0.072917
1 0.160547 0.409375 0.017969 0.066667
1 0.244922 0.406771 0.017969 0.061458
1 0.320703 0.406250 0.019531 0.066667
1 0.231641 0.333333 0.022656 0.089583
1 0.286719 0.335417 0.020313 0.087500
1 0.339062 0.333333 0.020313 0.091667
10 0.292578 0.264062 0.016406 0.040625
3 0.866016 0.330729 0.028906 0.101042
5 0.782031 0.209375 0.081250 0.054167
9 0.762109 0.216667 0.017969 0.025000
9 0.785547 0.219271 0.014844 0.028125
9 0.814453 0.217188 0.013281 0.023958
15 0.891406 0.090625 0.060937 0.106250
15 0.441016 0.122396 0.038281 0.084375
12 0.942578 0.195312 0.028906 0.055208
9 0.858984 0.402604 0.017969 0.023958
6 0.972656 0.436979 0.029687 0.088542
1 0.183594 0.436458 0.020313 0.072917
6 0.499609 0.450000 0.024219 0.083333
6 0.465234 0.451562 0.027344 0.084375
