15 0.108203 0.938021 0.028906 0.055208
15 0.326562 0.926562 0.028125 0.051042
13 0.183203 0.942187 0.088281 0.094792
13 0.380469 0.932292 0.062500 0.085417
16 0.092969 0.727083 0.039062 0.060417
9 0.132031 0.770312 0.018750 0.026042
9 0.132031 0.807292 0.018750 0.025000
9 0.189453 0.770312 0.017969 0.023958
9 0.188672 0.805729 0.017969 0.023958
9 0.244531 0.770833 0.018750 0.027083
9 0.246094 0.805208 0.018750 0.027083
9 0.338281 0.804167 0.017188 0.025000
9 0.337500 0.769792 0.017188 0.025000
9 0.389453 0.768750 0.017969 0.025000
9 0.390625 0.802604 0.017188 0.026042
9 0.441016 0.801562 0.019531 0.026042
9 0.439453 0.767708 0.017969 0.027083
9 0.523047 0.768750 0.017969 0.025000
9 0.524609 0.801562 0.017969 0.023958
9 0.568359 0.768750 0.016406 0.025000
9 0.570312 0.801042 0.018750 0.022917
9 0.616406 0.802083 0.018750 0.025000
9 0.616797 0.767708 0.017969 0.027083
9 0.767969 0.767708 0.017188 0.022917
9 0.726172 0.707812 0.024219 0.034375
10 0.750391 0.588021 0.042969 0.042708
10 0.714063 0.606771 0.032813 0.042708
10 0.686719 0.621354 0.031250 0.038542
9 0.837891 0.708333 0.024219 0.025000
9 0.833594 0.667708 0.025000 0.029167
10 0.184375 0.721354 0.015625 0.034375
10 0.098828 0.569271 0.022656 0.040625
10 0.323047 0.581250 0.019531 0.037500
10 0.379688 0.721354 0.018750 0.032292
10 0.469531 0.593229 0.023438 0.032292
10 0.533594 0.597917 0.020313 0.037500
10 0.596875 0.602604 0.020313 0.034375
10 0.808594 0.611458 0.018750 0.029167
10 0.789062 0.625000 0.014063 0.031250
8 0.974609 0.545833 0.019531 0.025000
8 0.946094 0.540625 0.020313 0.022917
8 0.680078 0.523958 0.019531 0.020833
8 0.641016 0.521354 0.019531 0.026042
8 0.126172 0.481250 0.017969 0.037500
8 0.228906 0.490625 0.015625 0.035417
8 0.310156 0.493750 0.020313 0.029167
8 0.405469 0.502604 0.023438 0.030208
8 0.487891 0.505729 0.022656 0.032292
8 0.530078 0.509896 0.017969 0.023958
8 0.569531 0.516146 0.018750 0.032292
12 0.500000 0.472917 0.014063 0.022917
12 0.526953 0.474479 0.013281 0.019792
12 0.566797 0.478125 0.016406 0.027083
12 0.655469 0.485938 0.014063 0.021875
12 0.676562 0.488542 0.015625 0.018750
12 0.716797 0.490625 0.014844 0.020833
10 0.183203 0.475000 0.016406 0.029167
10 0.371094 0.490625 0.015625 0.025000
1 0.133203 0.783854 0.022656 0.084375
1 0.189062 0.784896 0.023438 0.086458
1 0.245703 0.782292 0.022656 0.097917
1 0.338672 0.783854 0.019531 0.084375
1 0.389844 0.784896 0.020313 0.084375
1 0.440625 0.783333 0.021875 0.083333
1 0.525000 0.781250 0.023438 0.083333
1 0.569922 0.782292 0.021094 0.075000
1 0.615625 0.782813 0.025000 0.082292
1 0.837109 0.689063 0.032031 0.086458
