6 0.448437 0.592187 0.020313 0.061458
6 0.424219 0.593229 0.023438 0.061458
6 0.474219 0.591667 0.018750 0.058333
8 0.204297 0.313542 0.011719 0.018750
8 0.584766 0.328125 0.013281 0.014583
8 0.400781 0.322917 0.010937 0.016667
8 0.240234 0.318229 0.010156 0.017708
8 0.137109 0.308333 0.011719 0.018750
8 0.335547 0.322396 0.010156 0.013542
8 0.275000 0.317188 0.009375 0.015625
8 0.641016 0.330208 0.010156 0.014583
8 0.606641 0.330208 0.011719 0.012500
10 0.102344 0.309375 0.012500 0.018750
8 0.719922 0.334896 0.013281 0.011458
8 0.061719 0.306771 0.014063 0.021875
10 0.125781 0.402604 0.025000 0.059375
10 0.178125 0.404167 0.026562 0.058333
12 0.608984 0.305729 0.010156 0.019792
12 0.639844 0.306771 0.010937 0.017708
12 0.235156 0.291667 0.009375 0.022917
12 0.705859 0.309375 0.013281 0.020833
12 0.587500 0.304688 0.012500 0.017708
12 0.344141 0.296875 0.008594 0.020833
12 0.731250 0.310937 0.009375 0.019792
12 0.400391 0.297396 0.010156 0.019792
12 0.268750 0.292708 0.009375 0.022917
12 0.685547 0.468229 0.014844 0.030208
12 0.751563 0.309896 0.010937 0.017708
12 0.211719 0.290104 0.009375 0.021875
12 0.365625 0.296354 0.009375 0.017708
14 0.291406 0.695833 0.139063 0.175000
8 0.750391 0.333854 0.016406 0.011458
8 0.798828 0.334375 0.013281 0.008333
10 0.077344 0.401042 0.023438 0.062500
10 0.157812 0.462500 0.020313 0.043750
10 0.118750 0.461458 0.021875 0.045833
10 0.078906 0.459896 0.020313 0.044792
15 0.082031 0.502604 0.023438 0.032292
15 0.113281 0.500521 0.023438 0.032292
15 0.143750 0.500521 0.023438 0.032292
1 0.241016 0.492708 0.021094 0.068750
1 0.286328 0.492708 0.021094 0.068750
1 0.332422 0.494792 0.021094 0.068750
13 0.493750 0.612500 0.048438 0.054167
6 0.721875 0.585938 0.018750 0.065625
6 0.742969 0.584896 0.018750 0.065625
6 0.767969 0.582812 0.018750 0.065625
13 0.850391 0.603125 0.047656 0.050000
14 0.913281 0.648438 0.100000 0.157292
15 0.842969 0.403125 0.053125 0.062500
15 0.906250 0.408333 0.053125 0.062500
15 0.970313 0.409375 0.053125 0.062500
8 0.854688 0.336458 0.017188 0.012500
12 0.797266 0.476042 0.022656 0.058333
12 0.860938 0.470313 0.018750 0.044792
12 0.978125 0.471354 0.018750 0.044792
