1 0.905469 0.567708 0.071875 0.216667
1 0.791797 0.644792 0.055469 0.214583
1 0.682031 0.733854 0.057813 0.163542
1 0.976953 0.479167 0.046094 0.204167
1 0.543750 0.846354 0.042188 0.130208
1 0.733984 0.690104 0.058594 0.163542
13 0.797266 0.934375 0.150781 0.131250
14 0.118750 0.818750 0.235937 0.362500
16 0.375391 0.822917 0.047656 0.075000
16 0.303906 0.812500 0.048438 0.081250
16 0.446484 0.831250 0.046094 0.087500
7 0.093359 0.094792 0.161719 0.187500
7 0.083984 0.261458 0.147656 0.181250
7 0.073438 0.346354 0.121875 0.180208
9 0.045703 0.293750 0.064844 0.089583
9 0.034375 0.393229 0.046875 0.067708
9 0.033594 0.459896 0.040625 0.048958
9 0.026953 0.534896 0.046094 0.053125
9 0.023438 0.592187 0.045312 0.048958
9 0.019531 0.648958 0.037500 0.041667
9 0.048438 0.182292 0.059375 0.068750
9 0.075000 0.055208 0.076563 0.083333
10 0.327734 0.623958 0.024219 0.047917
10 0.400391 0.634896 0.022656 0.051042
10 0.471484 0.650521 0.025781 0.046875
10 0.410547 0.463542 0.030469 0.068750
10 0.494141 0.481250 0.032031 0.062500
10 0.581250 0.506771 0.029687 0.053125
10 0.542188 0.215625 0.034375 0.072917
10 0.647656 0.248438 0.037500 0.069792
10 0.751953 0.279687 0.033594 0.065625
1 0.579688 0.824479 0.043750 0.123958
1 0.614844 0.800521 0.050000 0.130208
9 0.914453 0.597396 0.052344 0.061458
9 0.911719 0.522917 0.046875 0.058333
9 0.794531 0.691146 0.040625 0.051042
9 0.791797 0.620833 0.041406 0.047917
9 0.738672 0.670833 0.038281 0.041667
9 0.737500 0.733854 0.039062 0.038542
9 0.687891 0.771875 0.038281 0.039583
9 0.687109 0.709375 0.033594 0.043750
10 0.637891 0.684375 0.024219 0.039583
10 0.775781 0.582292 0.026562 0.045833
9 0.618359 0.773438 0.035156 0.038542
9 0.619141 0.829167 0.035156 0.041667
9 0.580078 0.801562 0.032031 0.032292
9 0.580859 0.850521 0.028906 0.036458
9 0.548828 0.878646 0.027344 0.030208
9 0.546094 0.828646 0.023438 0.030208
10 0.749609 0.188542 0.036719 0.056250
