16 0.792578 0.752083 0.036719 0.062500
16 0.848047 0.742708 0.035156 0.060417
16 0.906641 0.723437 0.039844 0.069792
6 0.373437 0.442188 0.117188 0.323958
6 0.471875 0.471354 0.115625 0.323958
6 0.568359 0.508854 0.113281 0.301042
3 0.658203 0.154688 0.103906 0.292708
2 0.721875 0.098958 0.126562 0.195833
3 0.526953 0.108333 0.102344 0.214583
10 0.807031 0.186979 0.040625 0.084375
10 0.871484 0.246875 0.041406 0.072917
13 0.224609 0.921875 0.105469 0.152083
1 0.233594 0.655208 0.043750 0.152083
1 0.309766 0.673438 0.041406 0.146875
13 0.637891 0.948438 0.088281 0.103125
