9 0.075000 0.846354 0.040625 0.061458
9 0.190625 0.870833 0.034375 0.052083
9 0.301563 0.891146 0.039062 0.051042
9 0.489844 0.928646 0.035937 0.046875
9 0.061328 0.917708 0.038281 0.052083
9 0.180469 0.941146 0.031250 0.055208
9 0.298438 0.958333 0.034375 0.050000
9 0.589844 0.947917 0.039062 0.054167
9 0.451562 0.437500 0.040625 0.060417
9 0.505859 0.453646 0.035156 0.059375
9 0.571875 0.473958 0.035937 0.058333
9 0.418359 0.507292 0.035156 0.060417
9 0.388281 0.577604 0.031250 0.065625
9 0.089844 0.332813 0.040625 0.084375
9 0.026172 0.315625 0.042969 0.060417
9 0.083203 0.425000 0.039844 0.066667
9 0.080078 0.501563 0.039844 0.059375
10 0.905859 0.245312 0.060156 0.109375
8 0.634766 0.510938 0.032031 0.048958
5 0.509766 0.450000 0.242969 0.200000
3 0.962500 0.446875 0.075000 0.329167
