16 0.725000 0.253646 0.026562 0.040625
16 0.698828 0.257292 0.022656 0.035417
16 0.673438 0.261458 0.025000 0.035417
1 0.619922 0.282813 0.019531 0.063542
11 0.569531 0.167708 0.025000 0.158333
11 0.541797 0.164062 0.024219 0.163542
11 0.514453 0.160938 0.024219 0.167708
11 0.343750 0.200521 0.031250 0.159375
11 0.446875 0.149479 0.020313 0.161458
11 0.417187 0.146875 0.026562 0.158333
11 0.386328 0.146354 0.024219 0.169792
11 0.315625 0.132812 0.023438 0.178125
11 0.281250 0.129688 0.025000 0.184375
11 0.248828 0.128646 0.032031 0.186458
1 0.056641 0.229167 0.019531 0.089583
1 0.110937 0.234375 0.023438 0.093750
6 0.213281 0.300000 0.032813 0.102083
14 0.465234 0.411458 0.133594 0.197917
