13 0.048047 0.594271 0.085156 0.092708
13 0.248828 0.590104 0.066406 0.078125
15 0.193359 0.589583 0.024219 0.052083
10 0.564844 0.305208 0.032813 0.039583
10 0.592578 0.292708 0.036719 0.043750
10 0.629687 0.273958 0.040625 0.045833
10 0.938672 0.109375 0.049219 0.054167
10 0.880859 0.176563 0.036719 0.055208
10 0.931641 0.183333 0.035156 0.060417
10 0.048438 0.379167 0.018750 0.031250
10 0.195312 0.243229 0.020313 0.042708
10 0.249609 0.390104 0.019531 0.030208
10 0.346875 0.264062 0.018750 0.036458
10 0.410156 0.269792 0.021875 0.037500
10 0.472656 0.280729 0.020313 0.040625
8 0.094922 0.139583 0.019531 0.037500
8 0.182031 0.150000 0.021875 0.031250
8 0.229687 0.154167 0.015625 0.025000
8 0.279297 0.166146 0.022656 0.028125
8 0.364063 0.179688 0.017188 0.026042
8 0.406250 0.185938 0.018750 0.028125
8 0.448047 0.191146 0.021094 0.030208
8 0.517188 0.202083 0.020313 0.027083
8 0.554297 0.209375 0.021094 0.027083
8 0.592187 0.213542 0.025000 0.025000
12 0.401953 0.148438 0.010156 0.019792
12 0.444141 0.153646 0.014844 0.021875
12 0.554688 0.173437 0.014063 0.017708
12 0.592969 0.179167 0.012500 0.020833
12 0.376172 0.144792 0.014844 0.022917
9 0.592187 0.392708 0.026562 0.035417
9 0.698438 0.359896 0.020313 0.030208
9 0.699219 0.398958 0.023438 0.025000
9 0.052734 0.426042 0.017969 0.029167
9 0.052344 0.462500 0.020313 0.022917
9 0.110547 0.427604 0.022656 0.026042
9 0.109766 0.466146 0.019531 0.028125
9 0.206250 0.433854 0.018750 0.030208
9 0.207031 0.467708 0.018750 0.031250
9 0.257031 0.434896 0.020313 0.028125
9 0.257422 0.470833 0.017969 0.029167
9 0.390234 0.441667 0.017969 0.025000
9 0.392578 0.473958 0.019531 0.029167
9 0.435547 0.447396 0.017969 0.026042
9 0.436328 0.477083 0.017969 0.027083
9 0.480469 0.446354 0.018750 0.026042
9 0.480859 0.480729 0.019531 0.023958
9 0.592969 0.453646 0.020313 0.026042
9 0.630469 0.455208 0.017188 0.025000
1 0.699609 0.379688 0.030469 0.090625
1 0.051562 0.441146 0.031250 0.103125
1 0.109375 0.448437 0.028125 0.096875
1 0.206641 0.447396 0.027344 0.088542
1 0.255859 0.452083 0.027344 0.089583
1 0.308594 0.454167 0.012500 0.079167
1 0.392969 0.455729 0.018750 0.082292
1 0.436719 0.461458 0.020313 0.085417
1 0.480078 0.460938 0.024219 0.078125
