6 0.848828 0.155208 0.039844 0.125000
6 0.800781 0.158333 0.035937 0.125000
6 0.137891 0.158854 0.039844 0.136458
6 0.185547 0.158854 0.030469 0.130208
6 0.245312 0.155729 0.031250 0.123958
13 0.459766 0.265104 0.075781 0.096875
13 0.869141 0.271354 0.074219 0.069792
13 0.687109 0.265104 0.044531 0.094792
1 0.075391 0.122396 0.027344 0.076042
1 0.298828 0.122917 0.027344 0.077083
1 0.401562 0.127083 0.023438 0.079167
1 0.457031 0.122917 0.025000 0.077083
1 0.517188 0.124479 0.023438 0.076042
1 0.618359 0.116667 0.028906 0.091667
1 0.672266 0.116146 0.025781 0.092708
15 0.305859 0.270833 0.025781 0.050000
15 0.095703 0.277604 0.027344 0.046875
