11 0.580859 0.534896 0.053906 0.244792
11 0.633984 0.532813 0.053906 0.244792
11 0.670703 0.539062 0.053906 0.244792
11 0.774609 0.523438 0.053906 0.244792
11 0.834766 0.520312 0.053906 0.244792
11 0.883984 0.522396 0.053906 0.244792
11 0.248828 0.634896 0.039844 0.219792
11 0.216797 0.648438 0.039844 0.219792
11 0.180078 0.657813 0.039844 0.219792
11 0.077734 0.663021 0.039844 0.219792
11 0.046484 0.663021 0.039844 0.219792
11 0.020313 0.663021 0.039062 0.219792
6 0.404297 0.780208 0.053906 0.179167
6 0.368359 0.788542 0.053906 0.179167
6 0.318359 0.788542 0.053906 0.179167
15 0.641797 0.180208 0.103906 0.177083
15 0.816797 0.162500 0.103906 0.177083
6 0.875391 0.764583 0.053906 0.179167
6 0.929297 0.765625 0.053906 0.179167
6 0.973047 0.762500 0.053906 0.179167
13 0.686719 0.864583 0.093750 0.110417
14 0.098437 0.892708 0.195312 0.204167
