3 0.794141 0.793750 0.039844 0.118750
3 0.706641 0.794271 0.041406 0.105208
6 0.676562 0.949479 0.045312 0.101042
6 0.780859 0.944792 0.049219 0.110417
6 0.128516 0.919792 0.042969 0.137500
6 0.728125 0.947917 0.043750 0.104167
6 0.167578 0.918229 0.044531 0.163542
8 0.970313 0.567187 0.014063 0.028125
8 0.869922 0.570833 0.016406 0.027083
9 0.816016 0.661979 0.021094 0.036458
11 0.266016 0.663542 0.042969 0.210417
11 0.169922 0.667708 0.046094 0.212500
11 0.430469 0.658854 0.037500 0.219792
11 0.031250 0.670312 0.040625 0.203125
11 0.220312 0.660417 0.046875 0.210417
12 0.764062 0.530729 0.012500 0.021875
12 0.801953 0.531250 0.013281 0.020833
12 0.858984 0.529687 0.013281 0.021875
15 0.526953 0.275521 0.096094 0.169792
15 0.185938 0.327604 0.129688 0.161458
11 0.481250 0.655729 0.037500 0.219792
11 0.379688 0.664062 0.037500 0.219792
11 0.324609 0.797917 0.038281 0.162500
11 0.073828 0.675521 0.044531 0.215625
15 0.353125 0.316146 0.129688 0.161458
8 0.758203 0.574479 0.016406 0.026042
8 0.811328 0.571875 0.019531 0.029167
5 0.684375 0.639583 0.051562 0.062500
9 0.698438 0.652083 0.020313 0.029167
2 0.737500 0.726562 0.032813 0.069792
2 0.827344 0.731771 0.032813 0.069792
1 0.866406 0.902604 0.021875 0.092708
9 0.866406 0.878646 0.018750 0.028125
9 0.867188 0.916146 0.018750 0.028125
9 0.982031 0.922396 0.018750 0.028125
9 0.982031 0.883854 0.018750 0.028125
1 0.982031 0.899479 0.021875 0.092708
10 0.970703 0.655729 0.030469 0.048958
10 0.921484 0.663021 0.022656 0.036458
12 0.989844 0.523958 0.014063 0.033333
