8 0.262109 0.283854 0.017969 0.019792
8 0.176953 0.259375 0.017969 0.027083
8 0.218359 0.273958 0.017969 0.027083
8 0.331250 0.309375 0.014063 0.018750
8 0.090625 0.232813 0.017188 0.023958
10 0.274219 0.375521 0.018750 0.055208
10 0.860547 0.232813 0.063281 0.061458
10 0.214453 0.360417 0.021094 0.054167
10 0.482812 0.429167 0.015625 0.037500
10 0.723047 0.283333 0.058594 0.064583
10 0.145703 0.344271 0.022656 0.053125
12 0.371094 0.283854 0.012500 0.021875
12 0.219531 0.236458 0.010937 0.022917
12 0.261328 0.249479 0.013281 0.021875
12 0.192578 0.226562 0.013281 0.021875
12 0.350391 0.273438 0.011719 0.019792
12 0.407422 0.296875 0.013281 0.025000
10 0.422656 0.392708 0.035937 0.045833
10 0.388281 0.408333 0.035937 0.045833
10 0.354687 0.411979 0.028125 0.044792
10 0.054297 0.215625 0.014844 0.022917
8 0.041406 0.210938 0.017188 0.026042
10 0.036328 0.455729 0.016406 0.028125
1 0.041797 0.519792 0.024219 0.083333
1 0.093359 0.528125 0.024219 0.083333
9 0.040625 0.508854 0.015625 0.023958
9 0.038281 0.541146 0.015625 0.023958
9 0.092188 0.550521 0.015625 0.023958
9 0.095312 0.515104 0.015625 0.023958
1 0.182422 0.546875 0.022656 0.075000
9 0.182031 0.531771 0.015625 0.023958
9 0.180469 0.566146 0.015625 0.023958
9 0.227344 0.573438 0.015625 0.023958
9 0.230469 0.541146 0.015625 0.023958
1 0.227734 0.556250 0.021094 0.072917
1 0.275000 0.562500 0.021875 0.077083
9 0.275000 0.547396 0.015625 0.026042
9 0.273047 0.578646 0.016406 0.021875
15 0.420703 0.433854 0.035156 0.063542
1 0.494531 0.506771 0.028125 0.076042
9 0.494531 0.528646 0.021875 0.026042
9 0.497266 0.488542 0.019531 0.027083
10 0.460156 0.439583 0.015625 0.037500
10 0.622656 0.301563 0.032813 0.053125
10 0.671875 0.328646 0.034375 0.067708
10 0.718750 0.345833 0.032813 0.070833
10 0.787891 0.255208 0.058594 0.066667
