1 0.103125 0.379167 0.059375 0.172917
1 0.158984 0.417708 0.053906 0.141667
1 0.050781 0.336979 0.056250 0.178125
3 0.217578 0.486979 0.044531 0.098958
9 0.101172 0.419271 0.041406 0.038542
9 0.149219 0.391146 0.037500 0.038542
9 0.104688 0.355729 0.039062 0.036458
9 0.181250 0.466667 0.032813 0.035417
10 0.185547 0.354167 0.024219 0.054167
10 0.217969 0.386458 0.021875 0.054167
10 0.069141 0.262500 0.027344 0.056250
10 0.117188 0.299479 0.029687 0.048958
12 0.432031 0.257812 0.046875 0.082292
14 0.101562 0.789062 0.150000 0.421875
14 0.142578 0.809375 0.283594 0.379167
6 0.369141 0.716667 0.027344 0.104167
2 0.256641 0.436458 0.047656 0.079167
3 0.246094 0.509375 0.039062 0.089583
3 0.283984 0.532292 0.036719 0.077083
2 0.283984 0.462500 0.047656 0.079167
9 0.054688 0.318229 0.037500 0.046875
9 0.052344 0.384896 0.037500 0.046875
9 0.147266 0.448437 0.032031 0.038542
10 0.016406 0.216667 0.029687 0.058333
10 0.622656 0.175521 0.056250 0.082292
10 0.728125 0.173437 0.056250 0.082292
10 0.839844 0.157812 0.056250 0.082292
12 0.370703 0.171354 0.072656 0.086458
9 0.208984 0.515625 0.024219 0.033333
9 0.214453 0.466667 0.024219 0.033333
9 0.244922 0.534375 0.024219 0.033333
9 0.284766 0.462500 0.024219 0.033333
