3 0.723047 0.376563 0.036719 0.117708
3 0.777734 0.358333 0.042969 0.122917
3 0.951562 0.282813 0.046875 0.136458
3 0.566016 0.433333 0.035156 0.102083
3 0.819531 0.335417 0.045312 0.110417
9 0.664062 0.328125 0.028125 0.022917
9 0.798828 0.256250 0.027344 0.029167
9 0.661328 0.382292 0.027344 0.033333
10 0.449219 0.215104 0.015625 0.051042
10 0.386719 0.197917 0.017188 0.052083
10 0.572266 0.102604 0.022656 0.044792
10 0.646094 0.118750 0.021875 0.052083
10 0.812109 0.161979 0.021094 0.055208
10 0.365625 0.291667 0.018750 0.054167
10 0.308594 0.277083 0.017188 0.050000
12 0.125391 0.494271 0.035156 0.082292
13 0.835547 0.558333 0.155469 0.170833
13 0.657813 0.581250 0.107813 0.120833
15 0.312109 0.406771 0.055469 0.105208
15 0.209375 0.491146 0.054688 0.067708
15 0.175781 0.514062 0.031250 0.038542
15 0.265234 0.440104 0.052344 0.088542
12 0.357031 0.595313 0.015625 0.063542
11 0.258594 0.623958 0.015625 0.106250
2 0.573828 0.384896 0.041406 0.057292
2 0.726562 0.310937 0.046875 0.063542
2 0.778906 0.285938 0.046875 0.063542
9 0.725000 0.401562 0.023438 0.034375
9 0.777344 0.385937 0.023438 0.034375
9 0.647656 0.435937 0.023438 0.034375
9 0.604688 0.452604 0.023438 0.034375
2 0.606250 0.365104 0.048438 0.063542
3 0.638672 0.411458 0.033594 0.114583
3 0.600391 0.417708 0.033594 0.114583
2 0.645703 0.350000 0.060156 0.064583
10 0.657031 0.257292 0.018750 0.039583
15 0.497656 0.278125 0.078125 0.156250
15 0.407031 0.337500 0.068750 0.118750
10 0.435937 0.340625 0.042188 0.060417
10 0.498047 0.090104 0.022656 0.044792
2 0.846875 0.247917 0.073438 0.089583
9 0.860938 0.225521 0.034375 0.046875
9 0.836719 0.359375 0.026562 0.037500
2 0.971875 0.182292 0.056250 0.110417
9 0.964453 0.319271 0.041406 0.048958
