14 0.611328 0.613021 0.425781 0.561458
14 0.850781 0.570833 0.134375 0.316667
10 0.412109 0.146875 0.033594 0.058333
10 0.465625 0.107813 0.029687 0.057292
10 0.524609 0.063542 0.033594 0.070833
1 0.535937 0.345833 0.057813 0.162500
9 0.536719 0.380729 0.039062 0.048958
9 0.539453 0.312500 0.036719 0.047917
1 0.604688 0.101042 0.064062 0.177083
1 0.689063 0.078125 0.062500 0.154167
9 0.608984 0.150000 0.039844 0.052083
9 0.609375 0.072396 0.040625 0.053125
9 0.693750 0.099479 0.050000 0.065625
9 0.698047 0.023958 0.047656 0.045833
9 0.792969 0.041146 0.053125 0.065625
1 0.750781 0.433333 0.035937 0.104167
1 0.845313 0.402604 0.037500 0.103125
1 0.900781 0.388021 0.032813 0.113542
