14 0.591406 0.883333 0.395313 0.233333
14 0.848828 0.915104 0.158594 0.169792
1 0.530859 0.751563 0.067969 0.155208
1 0.609766 0.541667 0.061719 0.179167
1 0.691016 0.491146 0.060156 0.178125
1 0.791016 0.444271 0.064844 0.192708
9 0.532031 0.716146 0.056250 0.078125
9 0.530859 0.803646 0.052344 0.057292
9 0.607031 0.585938 0.056250 0.067708
9 0.605078 0.492188 0.061719 0.080208
9 0.686719 0.539062 0.056250 0.067708
9 0.692969 0.443750 0.056250 0.077083
9 0.787500 0.391667 0.057813 0.079167
9 0.788281 0.496875 0.057813 0.079167
10 0.730469 0.365625 0.046875 0.077083
10 0.647656 0.412500 0.039062 0.075000
10 0.526953 0.489063 0.036719 0.061458
10 0.465234 0.526563 0.036719 0.061458
10 0.408984 0.559896 0.030469 0.055208
