13 0.350000 0.405208 0.243750 0.277083
13 0.765625 0.478125 0.198437 0.202083
15 0.142578 0.457813 0.058594 0.111458
15 0.663281 0.536979 0.048438 0.071875
12 0.535156 0.532813 0.017188 0.071875
9 0.397266 0.039583 0.055469 0.066667
9 0.525781 0.084896 0.043750 0.065625
9 0.716406 0.152083 0.045312 0.056250
9 0.707422 0.072917 0.057031 0.068750
9 0.811328 0.183854 0.052344 0.057292
9 0.808203 0.105208 0.049219 0.066667
9 0.895312 0.214062 0.050000 0.055208
9 0.892188 0.139583 0.051562 0.058333
1 0.901172 0.171875 0.061719 0.191667
1 0.817187 0.129688 0.060937 0.213542
1 0.722266 0.101562 0.061719 0.190625
1 0.524609 0.065104 0.075781 0.128125
