13 0.357031 0.325000 0.175000 0.218750
14 0.481250 0.514583 0.123438 0.200000
13 0.828125 0.290625 0.187500 0.225000
1 0.688281 0.222396 0.037500 0.126042
1 0.484766 0.236458 0.033594 0.120833
1 0.557031 0.231771 0.028125 0.119792
1 0.846875 0.210938 0.028125 0.119792
6 0.184766 0.446354 0.025781 0.148958
6 0.229297 0.436979 0.030469 0.146875
6 0.269141 0.432812 0.030469 0.146875
9 0.689844 0.252083 0.034375 0.058333
9 0.688281 0.189583 0.034375 0.058333
9 0.848437 0.182292 0.034375 0.058333
9 0.851562 0.240625 0.034375 0.058333
9 0.485156 0.206771 0.032813 0.051042
9 0.486719 0.269271 0.032813 0.051042
9 0.558594 0.258854 0.031250 0.044792
9 0.663672 0.035417 0.044531 0.068750
9 0.434766 0.059375 0.044531 0.068750
9 0.305078 0.066667 0.044531 0.068750
9 0.187891 0.086458 0.044531 0.068750
10 0.230078 0.177083 0.032031 0.050000
10 0.297656 0.173958 0.025000 0.043750
10 0.417969 0.164583 0.025000 0.043750
10 0.487891 0.155208 0.027344 0.039583
10 0.688281 0.138021 0.026562 0.046875
10 0.838281 0.123958 0.029687 0.045833
15 0.758594 0.481250 0.032813 0.066667
