6 0.575391 0.529687 0.122656 0.336458
6 0.684766 0.513021 0.124219 0.315625
6 0.793359 0.472396 0.124219 0.315625
1 0.235547 0.230208 0.092969 0.247917
1 0.127344 0.266146 0.087500 0.226042
1 0.040234 0.313542 0.078906 0.210417
9 0.235547 0.291667 0.091406 0.095833
9 0.243750 0.169271 0.078125 0.107292
9 0.132031 0.212500 0.062500 0.093750
9 0.125391 0.327604 0.077344 0.092708
9 0.037500 0.258333 0.067187 0.091667
9 0.035156 0.375000 0.067187 0.091667
3 0.410547 0.181771 0.080469 0.259375
3 0.579297 0.130208 0.080469 0.258333
3 0.762109 0.095833 0.078906 0.189583
2 0.467187 0.060937 0.134375 0.119792
1 0.185938 0.673438 0.039062 0.113542
1 0.242188 0.667188 0.032813 0.103125
1 0.331641 0.654687 0.033594 0.101042
1 0.453516 0.625521 0.033594 0.101042
1 0.913281 0.536458 0.045312 0.137500
1 0.135156 0.686458 0.037500 0.102083
9 0.182031 0.709896 0.039062 0.046875
9 0.186719 0.651563 0.039062 0.046875
9 0.137109 0.654167 0.038281 0.045833
9 0.133594 0.711458 0.032813 0.043750
9 0.236719 0.700000 0.032813 0.043750
9 0.234375 0.645833 0.032813 0.043750
9 0.333594 0.628125 0.032813 0.043750
9 0.331250 0.681250 0.032813 0.043750
9 0.455469 0.588542 0.032813 0.043750
9 0.456250 0.662500 0.032813 0.043750
9 0.919922 0.583854 0.038281 0.057292
9 0.907422 0.503646 0.038281 0.057292
16 0.037109 0.654687 0.050781 0.076042
14 0.292578 0.848958 0.222656 0.302083
15 0.935547 0.845313 0.055469 0.078125
