3 0.782422 0.116667 0.067969 0.158333
3 0.710938 0.077604 0.067187 0.153125
3 0.864453 0.161979 0.064844 0.155208
3 0.916406 0.200521 0.054688 0.146875
3 0.979297 0.252083 0.038281 0.122917
6 0.128125 0.428646 0.050000 0.138542
6 0.083984 0.426042 0.047656 0.137500
9 0.698438 0.104688 0.048438 0.067708
9 0.977344 0.277083 0.025000 0.031250
9 0.628906 0.060417 0.048438 0.075000
9 0.844141 0.195833 0.038281 0.062500
10 0.448828 0.246354 0.017969 0.051042
13 0.301172 0.260937 0.257031 0.315625
13 0.652734 0.371875 0.177344 0.239583
13 0.850000 0.430208 0.110937 0.206250
13 0.967969 0.464583 0.064062 0.168750
14 0.385937 0.567187 0.128125 0.188542
14 0.287109 0.626563 0.144531 0.269792
1 0.117969 0.223958 0.039062 0.145833
10 0.085938 0.110937 0.029687 0.063542
2 0.772266 0.025521 0.086719 0.048958
2 0.818359 0.047396 0.085156 0.092708
2 0.892578 0.096875 0.085156 0.095833
2 0.938672 0.130208 0.058594 0.087500
2 0.974609 0.166146 0.049219 0.067708
9 0.886328 0.222917 0.035156 0.045833
9 0.921484 0.247396 0.028906 0.042708
9 0.983203 0.231771 0.028906 0.042708
