1 0.851562 0.711979 0.021875 0.065625
6 0.603906 0.768229 0.035937 0.111458
6 0.645312 0.770312 0.042188 0.098958
6 0.124609 0.767708 0.028906 0.100000
8 0.839844 0.427083 0.015625 0.027083
8 0.891406 0.426563 0.014063 0.023958
8 0.659375 0.431250 0.012500 0.022917
8 0.706641 0.428646 0.011719 0.023958
8 0.612891 0.433333 0.013281 0.027083
8 0.790234 0.427604 0.013281 0.026042
8 0.987109 0.416146 0.011719 0.019792
8 0.976172 0.419792 0.013281 0.020833
10 0.867969 0.528646 0.021875 0.044792
10 0.796094 0.529687 0.023438 0.038542
11 0.110547 0.608333 0.025781 0.189583
11 0.141797 0.606250 0.028906 0.189583
11 0.255078 0.596875 0.028906 0.189583
11 0.451172 0.596875 0.025781 0.202083
11 0.177734 0.597396 0.027344 0.188542
11 0.488281 0.598437 0.028125 0.188542
11 0.331250 0.609896 0.028125 0.203125
11 0.291406 0.607292 0.028125 0.200000
11 0.413281 0.597917 0.026562 0.191667
12 0.848437 0.390104 0.012500 0.023958
12 0.696875 0.395313 0.010937 0.028125
12 0.886719 0.390104 0.012500 0.026042
12 0.648828 0.395313 0.010156 0.026042
12 0.617188 0.400521 0.012500 0.019792
12 0.806250 0.391146 0.015625 0.023958
14 0.875000 0.857812 0.201563 0.284375
15 0.220703 0.322917 0.085156 0.141667
15 0.704688 0.842708 0.017188 0.039583
15 0.358984 0.311458 0.082031 0.131250
15 0.496484 0.308333 0.082031 0.131250
8 0.360938 0.436979 0.018750 0.023958
8 0.202344 0.443750 0.018750 0.025000
8 0.319922 0.441667 0.013281 0.027083
8 0.275000 0.442708 0.015625 0.027083
3 0.514062 0.644271 0.025000 0.086458
3 0.654687 0.642188 0.021875 0.078125
2 0.614062 0.594792 0.026562 0.072917
2 0.542188 0.592708 0.026562 0.072917
2 0.684375 0.592708 0.026562 0.072917
1 0.796094 0.711979 0.021875 0.065625
1 0.703906 0.713021 0.021875 0.065625
1 0.904687 0.710938 0.021875 0.065625
10 0.941406 0.529167 0.021875 0.045833
10 0.966016 0.519792 0.016406 0.037500
10 0.753125 0.523438 0.014063 0.028125
1 0.075391 0.704167 0.017969 0.064583
9 0.078125 0.687500 0.015625 0.022917
9 0.076172 0.718229 0.016406 0.023958
9 0.703125 0.693750 0.017188 0.022917
9 0.703906 0.726042 0.017188 0.022917
9 0.796094 0.694792 0.017188 0.022917
9 0.796875 0.727083 0.017188 0.022917
9 0.851562 0.727083 0.017188 0.022917
9 0.850781 0.696875 0.017188 0.022917
9 0.904687 0.697917 0.017188 0.022917
9 0.905469 0.721354 0.018750 0.030208
