1 0.136328 0.220833 0.088281 0.252083
1 0.213672 0.292187 0.080469 0.226042
1 0.039062 0.126042 0.073438 0.250000
9 0.128125 0.283333 0.070312 0.087500
13 0.375391 0.783854 0.155469 0.205208
13 0.113672 0.737500 0.225781 0.316667
13 0.517188 0.795833 0.115625 0.139583
16 0.625781 0.532813 0.045312 0.080208
16 0.703125 0.508854 0.045312 0.078125
16 0.782813 0.478646 0.046875 0.086458
1 0.325391 0.406250 0.089844 0.216667
10 0.298047 0.314583 0.046094 0.056250
10 0.475000 0.198437 0.035937 0.044792
10 0.574219 0.157292 0.037500 0.041667
10 0.675781 0.111979 0.035937 0.044792
10 0.562891 0.344792 0.024219 0.031250
10 0.641797 0.314063 0.027344 0.030208
10 0.724219 0.279167 0.026562 0.031250
9 0.119531 0.175521 0.051562 0.073958
9 0.203906 0.252604 0.042188 0.061458
9 0.216016 0.350521 0.052344 0.063542
9 0.318750 0.363542 0.043750 0.054167
9 0.327344 0.448437 0.046875 0.059375
1 0.473047 0.525000 0.052344 0.150000
9 0.469531 0.499479 0.029687 0.042708
9 0.480078 0.565104 0.032031 0.042708
9 0.090625 0.474479 0.053125 0.067708
