13 0.722656 0.797396 0.207813 0.246875
13 0.459766 0.850000 0.146094 0.191667
13 0.290625 0.871875 0.112500 0.150000
12 0.782813 0.936979 0.018750 0.061458
15 0.859375 0.861979 0.056250 0.078125
16 0.146094 0.630729 0.037500 0.065625
16 0.076172 0.609896 0.042969 0.076042
9 0.243359 0.686458 0.032031 0.037500
9 0.247266 0.638021 0.028906 0.038542
9 0.276953 0.671875 0.028906 0.037500
9 0.281641 0.626563 0.035156 0.042708
9 0.311328 0.657292 0.039844 0.043750
9 0.315234 0.601562 0.035156 0.038542
9 0.383203 0.620833 0.036719 0.043750
9 0.386328 0.564063 0.036719 0.040625
9 0.432812 0.536979 0.037500 0.040625
9 0.430078 0.602083 0.041406 0.052083
9 0.485156 0.573958 0.040625 0.050000
9 0.487500 0.510938 0.039062 0.044792
9 0.597266 0.513542 0.044531 0.058333
9 0.599609 0.444271 0.042969 0.051042
9 0.680078 0.401562 0.039844 0.057292
9 0.678516 0.483333 0.050781 0.062500
9 0.771094 0.434375 0.051562 0.064583
9 0.771484 0.353125 0.049219 0.064583
9 0.975391 0.339583 0.049219 0.079167
9 0.973047 0.243229 0.053906 0.078125
1 0.964453 0.299479 0.071094 0.213542
1 0.768359 0.392708 0.082031 0.189583
1 0.675391 0.439063 0.069531 0.184375
1 0.597656 0.471875 0.065625 0.189583
1 0.380859 0.585938 0.053906 0.151042
1 0.425000 0.565104 0.054688 0.151042
1 0.481641 0.539062 0.061719 0.148958
1 0.241016 0.662500 0.042969 0.122917
1 0.274219 0.646875 0.048438 0.129167
1 0.310156 0.630208 0.043750 0.127083
10 0.323047 0.552083 0.032031 0.047917
10 0.477734 0.453646 0.032031 0.061458
10 0.489844 0.410938 0.028125 0.042708
10 0.039844 0.402083 0.032813 0.058333
10 0.113672 0.429167 0.024219 0.043750
10 0.128906 0.282813 0.032813 0.061458
10 0.220312 0.310937 0.034375 0.053125
10 0.305469 0.339583 0.032813 0.054167
10 0.185547 0.447917 0.027344 0.054167
10 0.275781 0.078125 0.039062 0.083333
10 0.382812 0.120833 0.039062 0.066667
10 0.480078 0.176042 0.033594 0.056250
8 0.350391 0.255208 0.025781 0.037500
8 0.536719 0.056250 0.039062 0.039583
