6 0.925391 0.369271 0.036719 0.138542
10 0.490625 0.253646 0.023438 0.053125
10 0.391406 0.213021 0.023438 0.053125
11 0.369531 0.413542 0.014063 0.106250
11 0.333594 0.404687 0.009375 0.088542
11 0.392188 0.427083 0.010937 0.083333
11 0.382422 0.417708 0.010156 0.100000
11 0.319531 0.405208 0.012500 0.091667
12 0.444141 0.308854 0.017969 0.057292
14 0.648438 0.490104 0.168750 0.444792
12 0.335547 0.270833 0.024219 0.075000
12 0.490625 0.324479 0.023438 0.059375
15 0.347266 0.202083 0.067969 0.085417
15 0.397656 0.221875 0.064062 0.068750
15 0.448437 0.240625 0.056250 0.064583
11 0.264062 0.399479 0.017188 0.088542
11 0.345313 0.409896 0.009375 0.088542
11 0.411328 0.430729 0.013281 0.080208
11 0.468750 0.470833 0.010937 0.050000
11 0.476562 0.472396 0.009375 0.048958
11 0.506250 0.474479 0.009375 0.048958
11 0.514844 0.474479 0.009375 0.048958
11 0.521875 0.474479 0.009375 0.048958
11 0.542188 0.476562 0.009375 0.048958
11 0.550000 0.476562 0.009375 0.048958
11 0.557813 0.478646 0.009375 0.048958
11 0.580078 0.461458 0.014844 0.060417
12 0.566797 0.361458 0.013281 0.041667
10 0.833984 0.514062 0.014844 0.019792
1 0.860156 0.509896 0.012500 0.051042
1 0.800781 0.510417 0.018750 0.060417
9 0.859766 0.505729 0.013281 0.019792
9 0.799609 0.505729 0.013281 0.019792
6 0.944531 0.377604 0.023438 0.136458
6 0.965625 0.385417 0.031250 0.139583
