14 0.649219 0.618229 0.470313 0.763542
6 0.198047 0.457813 0.083594 0.246875
6 0.119531 0.464583 0.085938 0.254167
6 0.039844 0.473438 0.078125 0.238542
13 0.215625 0.693229 0.103125 0.123958
15 0.914844 0.675000 0.028125 0.075000
3 0.181641 0.132292 0.074219 0.254167
3 0.041406 0.158854 0.065625 0.255208
1 0.263672 0.462500 0.033594 0.127083
1 0.914453 0.398438 0.041406 0.148958
1 0.814453 0.411458 0.036719 0.143750
9 0.914062 0.376042 0.034375 0.045833
9 0.913672 0.433854 0.035156 0.046875
9 0.812891 0.384896 0.032031 0.044792
9 0.817187 0.443750 0.032813 0.045833
9 0.484766 0.473438 0.027344 0.042708
9 0.566406 0.414583 0.028125 0.033333
9 0.264844 0.493229 0.031250 0.038542
10 0.588672 0.055208 0.035156 0.050000
