15 0.076172 0.353125 0.114844 0.077083
15 0.044141 0.377083 0.086719 0.070833
8 0.274219 0.285417 0.032813 0.029167
8 0.347656 0.303646 0.026562 0.030208
8 0.414844 0.322396 0.039062 0.032292
10 0.422656 0.189583 0.056250 0.070833
10 0.344922 0.165625 0.052344 0.072917
10 0.266016 0.141146 0.053906 0.080208
10 0.485547 0.273958 0.038281 0.060417
10 0.528516 0.259896 0.032031 0.055208
10 0.794141 0.307812 0.038281 0.046875
10 0.841016 0.321354 0.041406 0.044792
10 0.881641 0.336979 0.039844 0.048958
