8 0.913281 0.576562 0.012500 0.015625
8 0.895312 0.481250 0.009375 0.014583
10 0.102344 0.157292 0.064062 0.070833
10 0.034766 0.178125 0.063281 0.066667
10 0.508984 0.098958 0.046094 0.083333
10 0.545312 0.131250 0.042188 0.083333
10 0.469141 0.058333 0.050781 0.087500
10 0.852734 0.443229 0.010156 0.013542
10 0.853125 0.454167 0.009375 0.012500
10 0.898438 0.438021 0.009375 0.013542
10 0.898438 0.452604 0.012500 0.011458
8 0.858984 0.483333 0.013281 0.018750
10 0.789062 0.375000 0.009375 0.016667
10 0.788281 0.391146 0.009375 0.015625
10 0.841797 0.370312 0.010156 0.015625
10 0.843359 0.384896 0.010156 0.013542
10 0.897266 0.361979 0.013281 0.015625
10 0.899609 0.377604 0.013281 0.015625
8 0.801953 0.432812 0.014844 0.017708
8 0.853516 0.427604 0.014844 0.017708
8 0.909375 0.422396 0.014063 0.019792
8 0.802734 0.581771 0.013281 0.015625
8 0.857812 0.579688 0.014063 0.017708
14 0.726953 0.694792 0.149219 0.206250
11 0.664062 0.594792 0.007812 0.058333
11 0.657813 0.594271 0.007812 0.063542
11 0.528125 0.591146 0.012500 0.042708
11 0.464453 0.582812 0.016406 0.057292
10 0.172656 0.146875 0.064062 0.070833
