1 0.087891 0.436458 0.055469 0.220833
1 0.203516 0.484375 0.055469 0.220833
1 0.367188 0.526042 0.051562 0.195833
1 0.453125 0.549479 0.051562 0.182292
1 0.539453 0.568229 0.041406 0.165625
1 0.648438 0.604688 0.037500 0.148958
1 0.707812 0.610938 0.037500 0.148958
1 0.841797 0.659375 0.038281 0.137500
1 0.886719 0.677083 0.037500 0.135417
1 0.938672 0.686458 0.041406 0.129167
10 0.465234 0.389062 0.041406 0.076042
10 0.411719 0.428646 0.039062 0.069792
10 0.626563 0.295312 0.039062 0.069792
10 0.701562 0.251563 0.039062 0.069792
10 0.782031 0.209896 0.039062 0.069792
13 0.072656 0.796875 0.143750 0.212500
13 0.430078 0.836979 0.144531 0.188542
13 0.680859 0.863021 0.136719 0.155208
13 0.858594 0.879687 0.110937 0.126042
