10 0.567187 0.381771 0.068750 0.073958
10 0.503906 0.403646 0.068750 0.073958
10 0.452344 0.438021 0.068750 0.073958
10 0.355859 0.483854 0.046094 0.071875
10 0.401953 0.500521 0.046094 0.071875
10 0.442578 0.511979 0.046094 0.071875
10 0.846094 0.255208 0.059375 0.097917
10 0.890625 0.285938 0.053125 0.090625
10 0.931250 0.306771 0.053125 0.090625
10 0.147656 0.569792 0.042188 0.068750
10 0.113281 0.582292 0.042188 0.068750
10 0.071094 0.583854 0.037500 0.059375
8 0.045703 0.486979 0.033594 0.036458
8 0.090234 0.497396 0.033594 0.036458
8 0.127734 0.503646 0.033594 0.036458
12 0.066016 0.455729 0.022656 0.036458
12 0.093359 0.466146 0.022656 0.036458
12 0.130078 0.469271 0.022656 0.036458
