1 0.453125 0.523958 0.062500 0.191667
1 0.735938 0.328646 0.081250 0.246875
1 0.634766 0.392708 0.082031 0.260417
1 0.394531 0.558333 0.054688 0.158333
1 0.556641 0.452604 0.067969 0.194792
1 0.291797 0.620313 0.055469 0.148958
1 0.359375 0.575521 0.053125 0.138542
1 0.956641 0.180208 0.078906 0.312500
1 0.225781 0.664583 0.039062 0.150000
1 0.256641 0.646875 0.036719 0.143750
1 0.339844 0.591667 0.056250 0.152083
8 0.549609 0.018229 0.032031 0.034375
9 0.640234 0.454167 0.063281 0.077083
9 0.646484 0.359375 0.061719 0.075000
9 0.742969 0.395313 0.062500 0.082292
9 0.352734 0.623437 0.038281 0.042708
9 0.974219 0.256771 0.050000 0.092708
9 0.258984 0.623437 0.028906 0.038542
9 0.566016 0.415104 0.057031 0.067708
10 0.098437 0.417708 0.023438 0.058333
10 0.187891 0.274479 0.041406 0.069792
10 0.175391 0.440104 0.021094 0.055208
13 0.413672 0.868750 0.164844 0.210417
13 0.687500 0.809375 0.243750 0.233333
13 0.262109 0.878646 0.122656 0.159375
16 0.048047 0.611458 0.046094 0.089583
16 0.128516 0.630729 0.042969 0.092708
10 0.018359 0.388542 0.024219 0.058333
10 0.085547 0.245312 0.041406 0.069792
10 0.280078 0.321875 0.027344 0.052083
9 0.228125 0.639583 0.025000 0.035417
9 0.221875 0.691667 0.025000 0.035417
9 0.253906 0.679167 0.025000 0.035417
9 0.287500 0.660417 0.025000 0.035417
9 0.292187 0.601042 0.025000 0.035417
9 0.355469 0.555208 0.029687 0.039583
9 0.400000 0.525000 0.029687 0.039583
9 0.392969 0.594792 0.029687 0.039583
9 0.445312 0.561458 0.034375 0.045833
9 0.451562 0.490625 0.034375 0.045833
9 0.558203 0.496875 0.042969 0.058333
9 0.744531 0.296354 0.062500 0.082292
10 0.330078 0.058854 0.042969 0.061458
10 0.448047 0.116146 0.042969 0.061458
8 0.501953 0.076042 0.032031 0.035417
9 0.966406 0.132292 0.067187 0.075000
9 0.789844 0.533854 0.045312 0.061458
9 0.696875 0.573438 0.040625 0.053125
9 0.458594 0.681250 0.032813 0.045833
9 0.503516 0.657813 0.027344 0.040625
9 0.312500 0.735938 0.025000 0.030208
8 0.362109 0.235937 0.027344 0.034375
8 0.387500 0.192188 0.014063 0.023958
10 0.699609 0.241146 0.032031 0.042708
10 0.493359 0.405208 0.024219 0.037500
10 0.310547 0.553125 0.024219 0.037500
