10 0.104297 0.146354 0.039844 0.053125
10 0.208984 0.111979 0.039844 0.053125
1 0.773828 0.553646 0.030469 0.107292
1 0.687109 0.566146 0.030469 0.107292
1 0.217188 0.631250 0.031250 0.100000
1 0.156641 0.231250 0.058594 0.143750
1 0.051562 0.264062 0.062500 0.136458
3 0.323437 0.223958 0.054688 0.145833
3 0.459766 0.191667 0.055469 0.152083
3 0.610547 0.148438 0.055469 0.173958
2 0.378516 0.095833 0.091406 0.097917
2 0.523438 0.055729 0.087500 0.107292
10 0.197656 0.497396 0.021875 0.030208
9 0.055078 0.222917 0.052344 0.047917
9 0.047656 0.299479 0.051562 0.055208
9 0.156250 0.270313 0.051562 0.055208
9 0.160156 0.189062 0.051562 0.055208
9 0.327344 0.263021 0.050000 0.063542
9 0.397656 0.071354 0.050000 0.063542
9 0.466406 0.226562 0.050000 0.063542
9 0.533594 0.032292 0.050000 0.062500
9 0.615625 0.192188 0.050000 0.063542
9 0.219922 0.606250 0.025781 0.029167
9 0.216016 0.650521 0.027344 0.030208
9 0.686328 0.538021 0.027344 0.030208
9 0.687500 0.593229 0.023438 0.030208
9 0.773438 0.581771 0.025000 0.032292
9 0.771484 0.529167 0.025781 0.033333
8 0.854297 0.102604 0.019531 0.017708
8 0.856641 0.117188 0.019531 0.019792
10 0.891797 0.114583 0.036719 0.039583
10 0.943359 0.097917 0.036719 0.039583
10 0.015625 0.180729 0.029687 0.042708
6 0.441406 0.488542 0.082812 0.222917
6 0.529297 0.476562 0.086719 0.238542
6 0.618750 0.467708 0.090625 0.241667
14 0.168359 0.794271 0.149219 0.305208
14 0.079297 0.746354 0.157031 0.484375
13 0.767188 0.793229 0.093750 0.138542
15 0.694922 0.846875 0.027344 0.050000
15 0.603906 0.857292 0.026562 0.035417
15 0.409375 0.865104 0.023438 0.030208
15 0.934375 0.839583 0.025000 0.045833
2 0.675000 0.036458 0.068750 0.070833
