1 0.246484 0.178646 0.033594 0.151042
1 0.303125 0.148958 0.031250 0.162500
1 0.193359 0.200000 0.028906 0.131250
1 0.109766 0.246875 0.030469 0.120833
1 0.073438 0.264062 0.020313 0.113542
1 0.039062 0.288021 0.018750 0.115625
9 0.048047 0.324479 0.027344 0.036458
9 0.050000 0.271354 0.031250 0.038542
9 0.087891 0.252083 0.032031 0.037500
9 0.082031 0.306250 0.029687 0.041667
9 0.123047 0.284896 0.035156 0.038542
9 0.128516 0.228125 0.035156 0.039583
9 0.203516 0.242708 0.035156 0.045833
9 0.209766 0.183333 0.033594 0.047917
9 0.259766 0.150000 0.036719 0.052083
9 0.255859 0.212500 0.033594 0.045833
9 0.314844 0.179688 0.039062 0.048958
9 0.323047 0.117188 0.038281 0.053125
9 0.441797 0.111979 0.041406 0.055208
9 0.446484 0.039583 0.039844 0.054167
9 0.522656 0.068229 0.050000 0.057292
1 0.422266 0.081250 0.032031 0.137500
10 0.316797 0.076042 0.036719 0.043750
10 0.137500 0.189583 0.031250 0.037500
10 0.165234 0.160938 0.024219 0.034375
13 0.560937 0.398958 0.215625 0.229167
13 0.276953 0.469792 0.144531 0.154167
13 0.095703 0.502604 0.113281 0.153125
1 0.509375 0.061458 0.039062 0.120833
