6 0.705859 0.891146 0.025781 0.096875
6 0.543359 0.838542 0.030469 0.120833
3 0.592969 0.692708 0.026562 0.129167
3 0.567969 0.672396 0.031250 0.151042
3 0.532031 0.644271 0.045312 0.171875
9 0.318750 0.727083 0.043750 0.052083
9 0.315625 0.653646 0.042188 0.051042
9 0.373828 0.559896 0.039844 0.048958
9 0.374219 0.495312 0.042188 0.046875
9 0.422656 0.538542 0.037500 0.050000
9 0.422266 0.589583 0.042969 0.052083
9 0.460938 0.620313 0.031250 0.042708
9 0.462500 0.563021 0.034375 0.044792
9 0.035156 0.717187 0.028125 0.032292
9 0.037891 0.672917 0.028906 0.035417
9 0.232813 0.776042 0.023438 0.025000
9 0.233984 0.739583 0.022656 0.029167
9 0.341797 0.812500 0.021094 0.031250
1 0.038672 0.695312 0.044531 0.111458
1 0.234766 0.755729 0.032031 0.088542
1 0.318750 0.786458 0.032813 0.066667
1 0.344141 0.796354 0.028906 0.086458
1 0.319141 0.680729 0.058594 0.165625
1 0.381250 0.524479 0.057813 0.155208
1 0.427344 0.561458 0.056250 0.152083
1 0.467969 0.584896 0.046875 0.136458
10 0.080469 0.185938 0.046875 0.073958
10 0.162891 0.255729 0.039844 0.067708
10 0.235156 0.314583 0.037500 0.064583
10 0.430859 0.474479 0.032031 0.055208
10 0.385156 0.440625 0.028125 0.062500
10 0.338672 0.397917 0.035156 0.064583
10 0.495703 0.524479 0.027344 0.061458
10 0.526172 0.550000 0.028906 0.054167
14 0.479297 0.908333 0.286719 0.183333
