13 0.248047 0.873958 0.253906 0.252083
13 0.800781 0.899479 0.234375 0.201042
9 0.442188 0.236458 0.039062 0.072917
9 0.418750 0.314583 0.032813 0.058333
9 0.394922 0.376042 0.030469 0.064583
9 0.094922 0.314583 0.039844 0.052083
9 0.095703 0.251042 0.041406 0.050000
9 0.099609 0.166667 0.038281 0.058333
9 0.128125 0.380729 0.053125 0.063542
9 0.290234 0.405729 0.044531 0.061458
9 0.440234 0.427604 0.046094 0.063542
9 0.439063 0.517708 0.048438 0.058333
9 0.283594 0.492708 0.051562 0.064583
9 0.122656 0.468750 0.054688 0.077083
9 0.657813 0.598958 0.045312 0.064583
9 0.796875 0.616667 0.053125 0.058333
9 0.917578 0.636458 0.053906 0.060417
9 0.710938 0.437500 0.050000 0.064583
9 0.958984 0.479167 0.041406 0.052083
9 0.838281 0.462500 0.045312 0.066667
3 0.667188 0.542708 0.067187 0.241667
3 0.801562 0.559896 0.062500 0.213542
3 0.929297 0.576562 0.060156 0.209375
2 0.725000 0.448958 0.096875 0.187500
2 0.867578 0.478125 0.096094 0.172917
1 0.438281 0.465104 0.060937 0.230208
1 0.278906 0.448958 0.075000 0.241667
1 0.123047 0.419792 0.075781 0.252083
3 0.433203 0.801042 0.035156 0.152083
3 0.593750 0.811458 0.035937 0.131250
7 0.717969 0.829688 0.042188 0.128125
10 0.420703 0.700521 0.024219 0.055208
10 0.696484 0.738021 0.024219 0.048958
10 0.764062 0.743229 0.025000 0.051042
10 0.832031 0.752604 0.021875 0.051042
10 0.942969 0.769792 0.025000 0.045833
9 0.967578 0.834896 0.027344 0.034375
9 0.971094 0.884375 0.025000 0.039583
12 0.108594 0.944792 0.023438 0.058333
12 0.030859 0.938021 0.022656 0.059375
15 0.079687 0.878646 0.053125 0.082292
