8 0.582031 0.113021 0.032813 0.030208
8 0.689063 0.051562 0.040625 0.063542
8 0.412891 0.196875 0.024219 0.027083
8 0.239453 0.282292 0.024219 0.027083
1 0.244922 0.716667 0.078906 0.166667
1 0.131250 0.755729 0.081250 0.157292
9 0.141016 0.711979 0.058594 0.065625
9 0.130859 0.791146 0.058594 0.065625
9 0.244141 0.757812 0.058594 0.065625
9 0.254297 0.671354 0.058594 0.065625
9 0.480469 0.687500 0.053125 0.066667
9 0.483594 0.597917 0.053125 0.066667
9 0.634375 0.550000 0.053125 0.066667
9 0.632812 0.642708 0.053125 0.066667
1 0.480859 0.643750 0.069531 0.181250
1 0.634766 0.599479 0.066406 0.176042
1 0.807031 0.545833 0.073438 0.189583
9 0.803906 0.495312 0.056250 0.071875
9 0.806641 0.591146 0.060156 0.076042
1 0.028125 0.760938 0.054688 0.184375
9 0.042578 0.741667 0.036719 0.045833
9 0.021484 0.821875 0.036719 0.045833
8 0.623047 0.916146 0.013281 0.017708
8 0.574609 0.933333 0.011719 0.016667
8 0.533203 0.944271 0.013281 0.017708
