1 0.083594 0.595833 0.059375 0.204167
1 0.172266 0.625521 0.049219 0.167708
1 0.291406 0.663542 0.042188 0.150000
1 0.353125 0.678125 0.042188 0.150000
1 0.473828 0.748958 0.039844 0.137500
1 0.523828 0.741667 0.039844 0.137500
1 0.566016 0.763021 0.044531 0.119792
1 0.608984 0.775521 0.044531 0.119792
1 0.643359 0.790104 0.036719 0.113542
1 0.675391 0.809896 0.036719 0.113542
13 0.062891 0.890625 0.124219 0.183333
13 0.312109 0.920833 0.136719 0.152083
13 0.485156 0.940625 0.109375 0.118750
13 0.613672 0.951562 0.086719 0.092708
10 0.436328 0.289583 0.046094 0.087500
10 0.354297 0.324479 0.035156 0.065625
10 0.277734 0.353646 0.035156 0.065625
10 0.110547 0.431771 0.035156 0.065625
10 0.477344 0.483333 0.035937 0.070833
10 0.544531 0.456250 0.035937 0.070833
10 0.613281 0.434375 0.035937 0.070833
10 0.743359 0.056250 0.053906 0.102083
10 0.800391 0.147917 0.053906 0.102083
10 0.847266 0.216667 0.053906 0.087500
