1 0.045312 0.072396 0.042188 0.138542
9 0.044922 0.100521 0.028906 0.044792
9 0.046094 0.046354 0.025000 0.034375
11 0.276953 0.208333 0.011719 0.068750
11 0.292187 0.209375 0.014063 0.064583
11 0.306641 0.210938 0.011719 0.067708
11 0.412500 0.239583 0.012500 0.043750
11 0.425000 0.241667 0.012500 0.043750
11 0.438281 0.245312 0.012500 0.040625
11 0.528516 0.245312 0.010156 0.042708
11 0.539453 0.246875 0.010156 0.039583
15 0.964063 0.136979 0.031250 0.038542
15 0.988281 0.139063 0.023438 0.042708
12 0.568750 0.130729 0.015625 0.055208
12 0.444922 0.122917 0.013281 0.054167
15 0.440234 0.065104 0.035156 0.048958
12 0.130859 0.096875 0.019531 0.050000
7 0.980859 0.044271 0.038281 0.086458
9 0.978516 0.063021 0.025781 0.032292
9 0.981250 0.018229 0.023438 0.028125
