1 0.044922 0.211458 0.033594 0.129167
1 0.776953 0.178125 0.052344 0.143750
6 0.365625 0.124479 0.114062 0.246875
6 0.622656 0.110937 0.128125 0.219792
6 0.490234 0.118229 0.111719 0.234375
13 0.769141 0.451562 0.166406 0.173958
14 0.048438 0.458333 0.089063 0.350000
9 0.044531 0.189062 0.025000 0.038542
9 0.039844 0.243229 0.025000 0.038542
15 0.196484 0.473958 0.036719 0.056250
15 0.324609 0.473958 0.036719 0.056250
15 0.639453 0.479167 0.036719 0.056250
9 0.773047 0.145833 0.035156 0.050000
9 0.769922 0.217708 0.035156 0.050000
