1 0.047266 0.740104 0.021094 0.048958
3 0.662891 0.410417 0.039844 0.125000
3 0.751563 0.328125 0.034375 0.122917
6 0.510547 0.657813 0.038281 0.094792
6 0.526953 0.650521 0.033594 0.088542
6 0.741406 0.568229 0.050000 0.142708
10 0.930078 0.051042 0.039844 0.081250
10 0.816797 0.150521 0.033594 0.082292
10 0.534766 0.408854 0.024219 0.040625
14 0.370312 0.820833 0.156250 0.218750
14 0.866016 0.638542 0.267969 0.510417
10 0.794531 0.204167 0.035937 0.045833
3 0.700000 0.357292 0.034375 0.122917
1 0.607031 0.652604 0.018750 0.053125
1 0.625000 0.645312 0.018750 0.053125
1 0.646094 0.641146 0.018750 0.053125
13 0.640625 0.751042 0.059375 0.072917
