1 0.293359 0.156250 0.028906 0.118750
1 0.202344 0.126042 0.034375 0.141667
1 0.069141 0.084375 0.032031 0.137500
12 0.190625 0.361979 0.021875 0.069792
10 0.340625 0.046875 0.018750 0.027083
10 0.298438 0.058854 0.020313 0.026042
10 0.259766 0.071875 0.019531 0.027083
9 0.293359 0.178646 0.024219 0.030208
9 0.292578 0.133333 0.022656 0.027083
9 0.199219 0.104167 0.025000 0.033333
9 0.199219 0.151562 0.025000 0.036458
9 0.072266 0.109896 0.021094 0.038542
9 0.072656 0.059375 0.023438 0.031250
14 0.472266 0.237500 0.317969 0.472917
