6 0.488672 0.630729 0.036719 0.132292
6 0.450391 0.627604 0.036719 0.132292
6 0.934766 0.615104 0.036719 0.132292
11 0.578516 0.398958 0.032031 0.191667
11 0.621484 0.389583 0.032031 0.191667
11 0.666797 0.383333 0.032031 0.191667
11 0.756641 0.370833 0.032031 0.191667
11 0.801172 0.365625 0.032031 0.191667
11 0.851172 0.359375 0.032031 0.191667
11 0.957422 0.355208 0.032031 0.191667
11 0.301953 0.514583 0.030469 0.166667
11 0.266797 0.513542 0.030469 0.166667
11 0.237109 0.517708 0.030469 0.166667
11 0.158203 0.524479 0.025781 0.153125
11 0.130859 0.521354 0.025781 0.153125
11 0.101172 0.525000 0.030469 0.154167
14 0.166016 0.789583 0.214844 0.258333
13 0.776172 0.700000 0.082031 0.083333
15 0.646484 0.078125 0.089844 0.152083
15 0.808594 0.064583 0.079687 0.127083
