1 0.414844 0.158854 0.065625 0.203125
1 0.336328 0.216146 0.067969 0.194792
1 0.224219 0.306250 0.059375 0.187500
1 0.509375 0.096875 0.064062 0.191667
1 0.164062 0.351042 0.056250 0.156250
1 0.113672 0.387500 0.063281 0.158333
1 0.012891 0.463021 0.024219 0.134375
1 0.050391 0.427604 0.055469 0.153125
9 0.417969 0.122917 0.046875 0.072917
9 0.343359 0.265625 0.049219 0.066667
9 0.120313 0.420833 0.042188 0.039583
9 0.168359 0.386979 0.044531 0.038542
9 0.119922 0.356771 0.042969 0.038542
9 0.341016 0.185417 0.046094 0.068750
9 0.045703 0.472396 0.035156 0.040625
9 0.011328 0.440625 0.019531 0.043750
9 0.512109 0.053125 0.047656 0.079167
9 0.043359 0.411979 0.038281 0.040625
9 0.420703 0.208854 0.046094 0.069792
13 0.225781 0.621875 0.168750 0.214583
13 0.053516 0.692708 0.105469 0.172917
13 0.496094 0.507292 0.218750 0.243750
13 0.908203 0.326562 0.183594 0.365625
15 0.624219 0.590625 0.059375 0.087500
9 0.222266 0.341146 0.044531 0.048958
9 0.221094 0.273958 0.037500 0.050000
10 0.208594 0.229167 0.039062 0.039583
10 0.216016 0.188021 0.025781 0.038542
12 0.556641 0.690104 0.019531 0.038542
15 0.500391 0.641667 0.036719 0.037500
