1 0.757031 0.177604 0.021875 0.103125
1 0.930859 0.175000 0.025781 0.097917
1 0.696094 0.179688 0.023438 0.103125
1 0.819141 0.177604 0.025781 0.098958
1 0.585156 0.180729 0.025000 0.090625
1 0.989844 0.175000 0.018750 0.104167
3 0.206250 0.054688 0.035937 0.103125
6 0.100391 0.234896 0.047656 0.130208
6 0.210547 0.231250 0.050781 0.177083
6 0.156641 0.234375 0.047656 0.127083
13 0.067969 0.358854 0.100000 0.090625
13 0.753906 0.336458 0.096875 0.110417
13 0.292578 0.356250 0.092969 0.091667
14 0.487500 0.356771 0.212500 0.346875
11 0.918359 0.391667 0.011719 0.072917
12 0.899609 0.367188 0.017969 0.042708
12 0.938672 0.366146 0.019531 0.036458
10 0.923438 0.329688 0.018750 0.030208
10 0.753516 0.105729 0.019531 0.032292
10 0.353516 0.362500 0.016406 0.037500
1 0.288281 0.185417 0.025000 0.089583
1 0.350391 0.185938 0.022656 0.090625
1 0.228516 0.191146 0.022656 0.092708
9 0.931641 0.195312 0.021094 0.030208
9 0.930078 0.155729 0.021094 0.028125
9 0.819922 0.197396 0.022656 0.032292
9 0.821094 0.156250 0.020313 0.029167
9 0.757031 0.159896 0.018750 0.026042
9 0.756250 0.198437 0.018750 0.030208
9 0.694531 0.200000 0.018750 0.031250
9 0.693750 0.160938 0.023438 0.028125
9 0.583203 0.161979 0.017969 0.030208
9 0.584766 0.200521 0.021094 0.032292
9 0.518750 0.162500 0.020313 0.035417
9 0.459375 0.164062 0.021875 0.026042
9 0.349219 0.208854 0.020313 0.030208
9 0.350000 0.167708 0.018750 0.027083
9 0.289453 0.210938 0.017969 0.030208
9 0.289844 0.168750 0.018750 0.029167
9 0.227734 0.171875 0.021094 0.031250
9 0.228516 0.211979 0.019531 0.030208
9 0.060547 0.219271 0.021094 0.032292
