13 0.087891 0.579688 0.117969 0.105208
1 0.083984 0.442708 0.030469 0.097917
1 0.127734 0.442708 0.030469 0.097917
1 0.185547 0.440625 0.030469 0.097917
1 0.264844 0.438021 0.023438 0.073958
1 0.313281 0.444271 0.023438 0.073958
1 0.360938 0.445312 0.023438 0.073958
8 0.048438 0.129167 0.034375 0.045833
8 0.100781 0.134375 0.034375 0.045833
8 0.147656 0.145313 0.029687 0.036458
8 0.235937 0.163021 0.029687 0.036458
8 0.280469 0.168229 0.029687 0.036458
8 0.328125 0.173437 0.029687 0.036458
8 0.390625 0.190104 0.029687 0.036458
8 0.432812 0.195312 0.029687 0.036458
8 0.464844 0.199479 0.029687 0.036458
12 0.249219 0.128125 0.023438 0.029167
12 0.276562 0.134375 0.023438 0.029167
12 0.319531 0.141667 0.023438 0.029167
12 0.408203 0.160417 0.021094 0.031250
12 0.430078 0.162500 0.021094 0.031250
12 0.473828 0.171875 0.021094 0.031250
10 0.498437 0.267708 0.051562 0.062500
10 0.465625 0.279167 0.051562 0.062500
10 0.438281 0.286458 0.051562 0.062500
10 0.798438 0.136458 0.048438 0.085417
10 0.859375 0.080729 0.059375 0.071875
10 0.945312 0.044792 0.051562 0.062500
