13 0.536719 0.302604 0.359375 0.346875
3 0.856641 0.273958 0.050781 0.210417
6 0.904297 0.536979 0.057031 0.190625
6 0.273438 0.602604 0.054688 0.186458
6 0.214844 0.604688 0.054688 0.186458
3 0.288672 0.342187 0.050781 0.163542
1 0.023828 0.563542 0.046094 0.158333
11 0.357812 0.688021 0.026562 0.096875
11 0.375391 0.692187 0.024219 0.092708
11 0.443359 0.682813 0.024219 0.092708
12 0.311328 0.581771 0.032031 0.071875
12 0.755859 0.533854 0.032031 0.071875
12 0.675391 0.548438 0.032031 0.071875
12 0.838672 0.527604 0.032031 0.071875
12 0.463672 0.569271 0.032031 0.071875
