15 0.015234 0.759375 0.028906 0.056250
16 0.017969 0.549479 0.034375 0.063542
8 0.060156 0.304167 0.021875 0.037500
8 0.163672 0.322917 0.016406 0.033333
8 0.248828 0.339583 0.028906 0.025000
8 0.426172 0.375000 0.019531 0.025000
8 0.343750 0.356771 0.020313 0.030208
8 0.467187 0.382812 0.017188 0.023958
8 0.509766 0.391667 0.017969 0.025000
8 0.577734 0.404167 0.017969 0.025000
8 0.616406 0.414583 0.021875 0.027083
12 0.439453 0.341146 0.013281 0.023958
12 0.467578 0.346354 0.011719 0.017708
12 0.505469 0.354687 0.014063 0.023958
12 0.594141 0.375000 0.011719 0.025000
12 0.616016 0.381250 0.016406 0.020833
12 0.653906 0.387500 0.014063 0.025000
10 0.612109 0.511458 0.032031 0.041667
10 0.644141 0.499479 0.036719 0.038542
10 0.680859 0.486979 0.042969 0.042708
10 0.937891 0.400000 0.035156 0.056250
10 0.984766 0.414062 0.030469 0.059375
10 0.028516 0.389583 0.025781 0.041667
10 0.255859 0.428646 0.022656 0.032292
10 0.403125 0.458854 0.021875 0.036458
10 0.467187 0.467187 0.020313 0.040625
10 0.106641 0.552083 0.016406 0.033333
10 0.301563 0.572917 0.015625 0.033333
10 0.527344 0.480208 0.021875 0.037500
10 0.736719 0.516667 0.020313 0.035417
10 0.715625 0.528646 0.015625 0.026042
13 0.091016 0.768229 0.083594 0.082292
13 0.291406 0.783854 0.067187 0.082292
15 0.237109 0.775521 0.024219 0.051042
9 0.049609 0.595313 0.019531 0.023958
9 0.048828 0.631250 0.019531 0.025000
9 0.106250 0.636979 0.017188 0.023958
9 0.109766 0.602083 0.019531 0.022917
9 0.164062 0.607812 0.018750 0.026042
9 0.163281 0.644271 0.020313 0.026042
9 0.257031 0.652083 0.018750 0.029167
9 0.258984 0.620313 0.016406 0.023958
9 0.309766 0.622396 0.014844 0.023958
9 0.308203 0.656771 0.014844 0.028125
9 0.360156 0.629167 0.017188 0.027083
9 0.359766 0.661458 0.014844 0.027083
9 0.444922 0.636458 0.016406 0.022917
9 0.442578 0.672396 0.016406 0.030208
9 0.487109 0.641667 0.017969 0.022917
9 0.486328 0.678646 0.017969 0.023958
9 0.533594 0.679167 0.017188 0.025000
9 0.532422 0.648438 0.021094 0.021875
9 0.646484 0.598958 0.021094 0.031250
9 0.755078 0.614583 0.025781 0.029167
9 0.755078 0.574479 0.024219 0.028125
1 0.754687 0.594271 0.031250 0.090625
1 0.442578 0.652604 0.025781 0.082292
1 0.486328 0.656250 0.028906 0.081250
1 0.532813 0.660417 0.026562 0.079167
1 0.047656 0.616667 0.026562 0.100000
1 0.106250 0.619792 0.028125 0.089583
1 0.164453 0.626042 0.025781 0.089583
1 0.257812 0.633854 0.026562 0.088542
1 0.307812 0.641146 0.026562 0.086458
1 0.361719 0.644271 0.026562 0.088542
