6 0.476562 0.891667 0.132812 0.216667
6 0.365625 0.904687 0.123438 0.190625
6 0.273047 0.917708 0.114844 0.164583
9 0.950391 0.491667 0.049219 0.087500
9 0.033594 0.708854 0.045312 0.084375
6 0.055859 0.614583 0.057031 0.066667
6 0.187500 0.695833 0.051562 0.077083
6 0.322656 0.650000 0.068750 0.085417
6 0.476953 0.585417 0.072656 0.097917
6 0.275000 0.456771 0.056250 0.073958
6 0.415234 0.394271 0.072656 0.094792
6 0.575781 0.310417 0.081250 0.106250
2 0.516797 0.335938 0.169531 0.278125
2 0.358594 0.441146 0.162500 0.273958
2 0.226562 0.502083 0.143750 0.250000
3 0.153906 0.625521 0.107813 0.294792
3 0.283984 0.590104 0.111719 0.328125
3 0.441406 0.513542 0.125000 0.352083
