13 0.057031 0.515625 0.112500 0.154167
13 0.364453 0.528646 0.135156 0.132292
13 0.618359 0.546875 0.083594 0.116667
13 0.809375 0.551042 0.060937 0.112500
16 0.944141 0.356250 0.030469 0.068750
9 0.058203 0.270833 0.036719 0.043750
9 0.055078 0.202604 0.032031 0.048958
9 0.305078 0.253125 0.027344 0.041667
9 0.305469 0.311979 0.029687 0.044792
9 0.808594 0.359896 0.025000 0.036458
9 0.808203 0.403125 0.022656 0.031250
9 0.849609 0.411979 0.021094 0.030208
9 0.848828 0.368229 0.025781 0.028125
1 0.812500 0.375521 0.029687 0.111458
1 0.854688 0.385937 0.031250 0.101042
1 0.679688 0.355208 0.037500 0.110417
9 0.676172 0.333333 0.028906 0.035417
9 0.676953 0.377604 0.030469 0.034375
9 0.670312 0.187500 0.043750 0.062500
9 0.674219 0.280208 0.042188 0.056250
1 0.307422 0.283333 0.036719 0.141667
1 0.061328 0.230729 0.041406 0.173958
6 0.412891 0.194271 0.116406 0.288542
6 0.502734 0.213021 0.096094 0.286458
6 0.595313 0.238542 0.103125 0.291667
10 0.915625 0.194792 0.018750 0.043750
10 0.791016 0.245312 0.019531 0.042708
