2 0.910156 0.126042 0.110937 0.250000
9 0.456641 0.257292 0.064844 0.095833
9 0.929688 0.082812 0.076563 0.098958
13 0.285938 0.820312 0.271875 0.278125
13 0.878125 0.742188 0.243750 0.326042
10 0.137500 0.854167 0.017188 0.033333
10 0.163281 0.848958 0.017188 0.033333
10 0.160938 0.880208 0.017188 0.033333
10 0.135156 0.879687 0.014063 0.023958
3 0.441016 0.249479 0.105469 0.173958
3 0.297656 0.313542 0.101562 0.158333
3 0.372656 0.392708 0.067187 0.262500
2 0.721875 0.129167 0.121875 0.210417
9 0.743750 0.144792 0.060937 0.083333
