1 0.358984 0.127604 0.046094 0.182292
1 0.803516 0.150521 0.046094 0.171875
1 0.912891 0.158333 0.042969 0.185417
1 0.478516 0.132812 0.046094 0.171875
1 0.594922 0.144792 0.046094 0.158333
9 0.357031 0.175521 0.037500 0.082292
9 0.804688 0.197396 0.039062 0.063542
9 0.911719 0.205208 0.032813 0.068750
13 0.902734 0.467187 0.194531 0.207292
13 0.476562 0.457813 0.175000 0.190625
9 0.357812 0.097917 0.037500 0.050000
9 0.477344 0.106771 0.035937 0.053125
9 0.476172 0.179167 0.033594 0.054167
9 0.596484 0.185417 0.033594 0.052083
9 0.595703 0.112500 0.033594 0.047917
9 0.801953 0.125000 0.033594 0.045833
9 0.911328 0.128646 0.035156 0.046875
15 0.190625 0.519271 0.029687 0.059375
10 0.132812 0.529687 0.017188 0.030208
15 0.642188 0.524479 0.029687 0.073958
15 0.755469 0.519271 0.031250 0.063542
