8 0.312500 0.311979 0.017188 0.019792
8 0.269531 0.307292 0.020313 0.018750
8 0.188672 0.301042 0.016406 0.022917
8 0.142187 0.296354 0.018750 0.023958
9 0.035156 0.354687 0.062500 0.063542
14 0.185547 0.779687 0.217969 0.271875
6 0.385156 0.632812 0.031250 0.098958
6 0.425781 0.633854 0.031250 0.098958
6 0.463281 0.633333 0.029687 0.093750
15 0.658984 0.249479 0.083594 0.096875
15 0.771875 0.258854 0.089063 0.084375
15 0.876953 0.271875 0.089844 0.085417
11 0.975391 0.553646 0.022656 0.082292
11 0.954297 0.559375 0.028906 0.091667
11 0.932031 0.561458 0.029687 0.089583
11 0.870313 0.554688 0.029687 0.092708
11 0.842969 0.555729 0.031250 0.094792
11 0.819141 0.554688 0.027344 0.094792
11 0.765625 0.544271 0.021875 0.076042
11 0.750781 0.544792 0.029687 0.095833
11 0.726562 0.545833 0.032813 0.104167
11 0.695703 0.542188 0.032031 0.103125
13 0.651172 0.702604 0.052344 0.078125
13 0.492969 0.704167 0.062500 0.072917
13 0.777734 0.703125 0.044531 0.060417
1 0.055078 0.593229 0.028906 0.092708
1 0.089844 0.569792 0.026562 0.087500
1 0.141016 0.571354 0.028906 0.078125
1 0.191797 0.574479 0.028906 0.076042
1 0.119531 0.472396 0.028125 0.103125
1 0.189844 0.477604 0.025000 0.101042
1 0.257031 0.483854 0.025000 0.098958
3 0.364063 0.501563 0.029687 0.115625
3 0.426172 0.507292 0.022656 0.091667
3 0.486719 0.510938 0.029687 0.103125
1 0.275781 0.580729 0.029687 0.080208
12 0.104297 0.255208 0.011719 0.022917
12 0.134766 0.258333 0.011719 0.020833
12 0.181250 0.265625 0.014063 0.025000
12 0.280859 0.275000 0.013281 0.022917
12 0.353516 0.281250 0.013281 0.022917
8 0.355859 0.318750 0.019531 0.020833
