1 0.544141 0.630208 0.080469 0.235417
1 0.717969 0.280729 0.076563 0.290625
1 0.713672 0.771354 0.039844 0.163542
1 0.803906 0.770833 0.039062 0.170833
1 0.918750 0.250000 0.089063 0.366667
1 0.985547 0.767188 0.025781 0.153125
9 0.551172 0.584896 0.049219 0.090625
10 0.350000 0.246875 0.050000 0.091667
10 0.232422 0.273438 0.050781 0.086458
10 0.482031 0.218229 0.050000 0.080208
10 0.758203 0.144271 0.058594 0.084375
10 0.936328 0.093750 0.061719 0.087500
10 0.166797 0.470313 0.028906 0.040625
10 0.444922 0.421875 0.032031 0.050000
10 0.440625 0.697396 0.026562 0.038542
10 0.730859 0.675521 0.030469 0.044792
9 0.712500 0.748958 0.029687 0.039583
9 0.805469 0.742188 0.031250 0.046875
9 0.804297 0.806250 0.028906 0.047917
9 0.710547 0.806771 0.028906 0.040625
9 0.539062 0.697396 0.057813 0.092708
9 0.723047 0.243750 0.057031 0.083333
9 0.716406 0.361979 0.060937 0.094792
9 0.923047 0.322917 0.071094 0.102083
9 0.920312 0.200521 0.068750 0.088542
10 0.820703 0.353125 0.039844 0.047917
10 0.419922 0.652604 0.024219 0.028125
10 0.384766 0.630729 0.024219 0.028125
