1 0.487500 0.902604 0.026562 0.117708
3 0.337109 0.422396 0.078906 0.234375
6 0.135156 0.729688 0.107813 0.346875
10 0.471094 0.358333 0.043750 0.081250
10 0.551172 0.416146 0.047656 0.078125
10 0.622266 0.465104 0.038281 0.082292
2 0.411328 0.325000 0.094531 0.181250
2 0.289453 0.254167 0.099219 0.193750
3 0.206250 0.358333 0.070312 0.266667
6 0.233203 0.758854 0.094531 0.294792
6 0.047656 0.685937 0.093750 0.294792
1 0.443750 0.895312 0.026562 0.119792
9 0.483984 0.922917 0.019531 0.029167
9 0.483984 0.880208 0.019531 0.029167
9 0.440234 0.863542 0.019531 0.029167
9 0.440234 0.909375 0.019531 0.029167
16 0.614062 0.890625 0.035937 0.056250
10 0.591797 0.734375 0.021094 0.025000
10 0.432422 0.778125 0.021094 0.025000
10 0.475391 0.767708 0.021094 0.025000
10 0.642188 0.721354 0.017188 0.026042
