1 0.262500 0.397396 0.037500 0.090625
1 0.300781 0.371354 0.037500 0.090625
1 0.338672 0.346875 0.041406 0.097917
1 0.420312 0.289583 0.046875 0.102083
1 0.472656 0.247396 0.050000 0.117708
1 0.532031 0.203125 0.056250 0.127083
1 0.668359 0.123438 0.063281 0.161458
10 0.116406 0.164062 0.023438 0.036458
9 0.266406 0.373437 0.028125 0.034375
9 0.262500 0.422396 0.028125 0.034375
9 0.301953 0.345833 0.030469 0.033333
9 0.300391 0.398958 0.030469 0.033333
9 0.339453 0.373958 0.030469 0.033333
9 0.344141 0.315625 0.030469 0.033333
9 0.420312 0.318229 0.037500 0.040625
9 0.422656 0.259896 0.037500 0.040625
9 0.474219 0.282813 0.039062 0.042708
9 0.476562 0.218229 0.039062 0.042708
9 0.536328 0.243229 0.046094 0.042708
9 0.537891 0.174479 0.046094 0.042708
9 0.669141 0.154167 0.044531 0.054167
9 0.671484 0.073958 0.044531 0.054167
10 0.369531 0.241667 0.028125 0.037500
10 0.346094 0.272396 0.032813 0.044792
10 0.194922 0.187500 0.022656 0.029167
10 0.324219 0.041146 0.031250 0.034375
13 0.822266 0.431250 0.233594 0.272917
13 0.514453 0.532813 0.160156 0.203125
13 0.320312 0.600521 0.120313 0.146875
16 0.161328 0.364583 0.022656 0.062500
16 0.082031 0.354687 0.028125 0.057292
16 0.009766 0.330729 0.017969 0.069792
10 0.036328 0.135417 0.024219 0.039583
15 0.916797 0.590104 0.042969 0.071875
15 0.770703 0.623958 0.024219 0.035417
12 0.960547 0.657813 0.016406 0.036458
12 0.828516 0.688021 0.016406 0.028125
1 0.747266 0.067187 0.038281 0.132292
9 0.768359 0.089063 0.038281 0.051042
9 0.767188 0.016667 0.037500 0.031250
9 0.879297 0.022396 0.049219 0.042708
