1 0.191797 0.897917 0.058594 0.166667
1 0.286328 0.895833 0.058594 0.166667
1 0.378516 0.916667 0.058594 0.166667
1 0.547656 0.930208 0.053125 0.133333
1 0.729688 0.930208 0.053125 0.133333
6 0.863281 0.833333 0.115625 0.285417
6 0.955469 0.851562 0.089063 0.280208
1 0.022266 0.873958 0.042969 0.154167
10 0.057813 0.422396 0.050000 0.082292
10 0.121875 0.432812 0.050000 0.082292
10 0.066406 0.505729 0.050000 0.082292
10 0.148438 0.516146 0.050000 0.082292
10 0.473438 0.485938 0.050000 0.082292
10 0.524219 0.483854 0.050000 0.082292
10 0.489844 0.585938 0.050000 0.082292
10 0.565625 0.589063 0.050000 0.082292
3 0.785547 0.469271 0.060156 0.207292
3 0.957422 0.490104 0.060156 0.207292
2 0.860547 0.352083 0.089844 0.197917
