1 0.091016 0.245833 0.142969 0.422917
1 0.346875 0.413021 0.126562 0.455208
1 0.540625 0.514062 0.160938 0.371875
1 0.801562 0.686458 0.140625 0.343750
1 0.916406 0.766667 0.132812 0.341667
9 0.076172 0.328125 0.113281 0.137500
9 0.082812 0.179167 0.095312 0.133333
9 0.331641 0.471875 0.100781 0.143750
9 0.328125 0.343229 0.092188 0.113542
9 0.536719 0.589063 0.085938 0.136458
9 0.524219 0.453646 0.089063 0.126042
9 0.789062 0.750000 0.073438 0.106250
9 0.772656 0.628125 0.078125 0.091667
9 0.880078 0.704167 0.063281 0.093750
9 0.906250 0.809896 0.087500 0.109375
