6 0.904297 0.754167 0.121094 0.312500
3 0.720313 0.411979 0.071875 0.276042
3 0.883984 0.340625 0.075781 0.318750
2 0.778516 0.258333 0.124219 0.268750
2 0.947266 0.185417 0.105469 0.266667
1 0.345703 0.550000 0.086719 0.204167
1 0.436719 0.514062 0.079687 0.221875
1 0.537891 0.461979 0.089844 0.223958
10 0.598828 0.304688 0.047656 0.098958
10 0.495703 0.359896 0.041406 0.094792
10 0.410156 0.414062 0.048438 0.086458
10 0.277344 0.493750 0.039062 0.077083
10 0.157812 0.560417 0.034375 0.072917
10 0.212891 0.524479 0.039844 0.071875
1 0.264062 0.819271 0.075000 0.173958
9 0.260547 0.855729 0.046094 0.055208
9 0.267188 0.768750 0.048438 0.058333
16 0.343750 0.878646 0.032813 0.069792
