8 0.380469 0.282292 0.060937 0.050000
8 0.458594 0.342708 0.060937 0.050000
8 0.413281 0.300000 0.060937 0.050000
8 0.507031 0.365625 0.060937 0.050000
8 0.538281 0.393750 0.060937 0.050000
8 0.588281 0.421875 0.060937 0.050000
8 0.290625 0.232292 0.060937 0.050000
8 0.238281 0.193750 0.060937 0.050000
8 0.184375 0.154167 0.060937 0.050000
8 0.082031 0.079167 0.060937 0.050000
12 0.178516 0.139063 0.030469 0.111458
12 0.035937 0.046354 0.028125 0.090625
12 0.234375 0.181250 0.028125 0.091667
12 0.263281 0.197917 0.028125 0.091667
10 0.237891 0.521354 0.039844 0.069792
10 0.187109 0.526563 0.039844 0.069792
10 0.129297 0.556771 0.039844 0.069792
10 0.166016 0.357812 0.039844 0.069792
10 0.235547 0.325521 0.039844 0.069792
10 0.019922 0.427604 0.038281 0.069792
10 0.375391 0.465104 0.039844 0.069792
10 0.441797 0.450521 0.039844 0.069792
10 0.395703 0.580729 0.030469 0.051042
10 0.526953 0.545312 0.030469 0.051042
10 0.584766 0.524479 0.030469 0.051042
10 0.642578 0.519271 0.030469 0.051042
10 0.643750 0.600521 0.026562 0.036458
10 0.692969 0.588021 0.026562 0.036458
10 0.745313 0.567187 0.026562 0.036458
1 0.173047 0.676042 0.038281 0.154167
1 0.237500 0.688021 0.039062 0.140625
15 0.393750 0.695833 0.082812 0.164583
15 0.520312 0.723437 0.081250 0.123958
15 0.645312 0.761979 0.095312 0.128125
15 0.710156 0.781250 0.071875 0.089583
15 0.797656 0.802083 0.071875 0.089583
15 0.844531 0.826562 0.057813 0.061458
10 0.464453 0.711979 0.044531 0.078125
13 0.198047 0.904687 0.135156 0.161458
