0 0.826172 0.208333 0.107031 0.233333
0 0.905469 0.240625 0.117188 0.210417
6 0.057031 0.340625 0.112500 0.522917
7 0.561719 0.095833 0.095312 0.189583
7 0.678906 0.134896 0.106250 0.244792
10 0.733984 0.096354 0.046094 0.080208
14 0.728125 0.613021 0.279687 0.444792
14 0.418750 0.799479 0.467187 0.401042
15 0.421484 0.539062 0.053906 0.071875
15 0.467969 0.542708 0.048438 0.070833
15 0.509375 0.556771 0.048438 0.069792
10 0.180859 0.680729 0.025781 0.044792
10 0.220703 0.689583 0.024219 0.041667
10 0.019531 0.770312 0.025000 0.042708
10 0.055078 0.775521 0.025781 0.040625
10 0.087891 0.777083 0.024219 0.041667
9 0.012891 0.885417 0.024219 0.031250
9 0.039453 0.875000 0.030469 0.029167
9 0.087500 0.856771 0.029687 0.034375
9 0.167969 0.818750 0.029687 0.043750
9 0.944531 0.326042 0.050000 0.056250
9 0.877734 0.292187 0.049219 0.055208
9 0.811328 0.256771 0.052344 0.063542
9 0.797266 0.178125 0.050781 0.056250
9 0.658203 0.178125 0.050781 0.068750
9 0.651563 0.090625 0.050000 0.068750
9 0.550391 0.123438 0.055469 0.076042
9 0.545312 0.031250 0.048438 0.060417
9 0.427734 0.051042 0.060156 0.072917
10 0.864844 0.177083 0.037500 0.062500
10 0.800781 0.140625 0.032813 0.056250
