14 0.077734 0.515104 0.147656 0.421875
15 0.032813 0.328125 0.064062 0.043750
6 0.371094 0.418229 0.034375 0.157292
6 0.389844 0.424479 0.026562 0.138542
6 0.407031 0.434896 0.028125 0.153125
6 0.499609 0.495833 0.014844 0.118750
6 0.512891 0.500000 0.019531 0.118750
14 0.599219 0.601562 0.060937 0.142708
9 0.227734 0.542708 0.014844 0.022917
9 0.260937 0.544271 0.017188 0.021875
16 0.748828 0.461979 0.017969 0.044792
16 0.785547 0.460417 0.014844 0.041667
16 0.823438 0.461979 0.018750 0.040625
9 0.290625 0.090625 0.042188 0.047917
9 0.328906 0.138021 0.039062 0.051042
9 0.358984 0.178125 0.038281 0.045833
9 0.402734 0.231771 0.036719 0.038542
9 0.382812 0.314063 0.039062 0.042708
9 0.382422 0.376563 0.030469 0.048958
0 0.404297 0.343750 0.103906 0.125000
9 0.330469 0.065625 0.042188 0.047917
9 0.407813 0.176563 0.032813 0.044792
9 0.362500 0.110417 0.037500 0.043750
9 0.289062 0.020313 0.051562 0.038542
9 0.521484 0.336458 0.025781 0.027083
1 0.337109 0.097917 0.053906 0.164583
1 0.292187 0.079687 0.060937 0.157292
1 0.374609 0.153125 0.044531 0.183333
1 0.409766 0.212500 0.044531 0.166667
10 0.371094 0.083854 0.023438 0.048958
10 0.395703 0.117708 0.025781 0.056250
10 0.761328 0.131250 0.022656 0.050000
10 0.829688 0.128125 0.021875 0.041667
10 0.898828 0.123958 0.024219 0.043750
