1 0.888672 0.566667 0.032031 0.106250
1 0.715234 0.567708 0.036719 0.102083
1 0.954688 0.565625 0.034375 0.102083
1 0.112500 0.580729 0.028125 0.092708
1 0.063672 0.592708 0.017969 0.043750
3 0.208594 0.465104 0.035937 0.117708
3 0.276953 0.466146 0.036719 0.115625
3 0.344141 0.459375 0.033594 0.116667
6 0.313672 0.631771 0.041406 0.128125
6 0.360547 0.622917 0.039844 0.139583
6 0.264453 0.628125 0.044531 0.129167
8 0.571094 0.256250 0.014063 0.025000
8 0.667188 0.247396 0.012500 0.028125
8 0.882031 0.225521 0.014063 0.028125
8 0.516406 0.262500 0.015625 0.022917
8 0.160547 0.291146 0.014844 0.017708
8 0.776172 0.238021 0.013281 0.036458
8 0.722656 0.246875 0.012500 0.031250
8 0.467578 0.265104 0.013281 0.023958
8 0.047656 0.299479 0.012500 0.015625
8 0.008594 0.308333 0.009375 0.020833
9 0.092969 0.367188 0.020313 0.030208
9 0.372266 0.356771 0.019531 0.030208
10 0.813281 0.330208 0.020313 0.041667
10 0.088281 0.456250 0.015625 0.037500
12 0.681641 0.198958 0.013281 0.025000
12 0.471484 0.221354 0.011719 0.021875
12 0.558984 0.215104 0.011719 0.030208
12 0.505859 0.219792 0.011719 0.022917
12 0.120313 0.255729 0.010937 0.019792
12 0.726953 0.195312 0.011719 0.023958
12 0.146875 0.252083 0.009375 0.018750
13 0.112891 0.720313 0.083594 0.071875
14 0.584766 0.758333 0.219531 0.364583
0 0.235937 0.417708 0.051562 0.112500
0 0.313281 0.401042 0.051562 0.112500
0 0.393750 0.400000 0.051562 0.112500
13 0.950781 0.740625 0.098437 0.102083
13 0.721875 0.738542 0.098437 0.102083
