10 0.723437 0.797396 0.064062 0.061458
12 0.760547 0.422917 0.057031 0.229167
12 0.381641 0.774479 0.049219 0.107292
12 0.602734 0.570312 0.055469 0.190625
15 0.481250 0.578646 0.151562 0.176042
10 0.375391 0.602604 0.050781 0.067708
10 0.476562 0.484896 0.054688 0.069792
10 0.598828 0.347396 0.063281 0.071875
10 0.867578 0.659896 0.066406 0.105208
10 0.602344 0.878646 0.051562 0.057292
15 0.583203 0.463021 0.158594 0.173958
15 0.717187 0.326042 0.164062 0.202083
11 0.887891 0.896354 0.061719 0.207292
11 0.801172 0.919792 0.042969 0.160417
11 0.767969 0.921354 0.042188 0.157292
11 0.735156 0.921354 0.042188 0.157292
11 0.587500 0.921354 0.042188 0.157292
