11 0.454297 0.621875 0.025781 0.118750
11 0.433984 0.627083 0.025781 0.118750
11 0.417578 0.629167 0.025781 0.118750
11 0.500391 0.628125 0.025781 0.118750
11 0.522266 0.614583 0.025781 0.118750
11 0.544141 0.612500 0.025781 0.118750
11 0.599609 0.609375 0.025781 0.118750
11 0.623828 0.605208 0.025781 0.118750
11 0.648828 0.597917 0.025781 0.118750
11 0.873047 0.500521 0.033594 0.176042
11 0.908984 0.494271 0.033594 0.176042
11 0.943359 0.488021 0.033594 0.176042
10 0.287500 0.662500 0.026562 0.062500
10 0.246094 0.662500 0.026562 0.062500
10 0.206250 0.657292 0.026562 0.062500
15 0.360156 0.560417 0.032813 0.058333
15 0.337500 0.562500 0.032813 0.058333
1 0.708594 0.546354 0.028125 0.086458
1 0.663281 0.547396 0.025000 0.073958
3 0.783984 0.548438 0.027344 0.092708
3 0.843359 0.546354 0.027344 0.092708
6 0.841797 0.665625 0.035156 0.118750
14 0.625781 0.808333 0.181250 0.227083
14 0.721094 0.791667 0.084375 0.172917
