1 0.935547 0.254688 0.086719 0.251042
1 0.235547 0.284896 0.066406 0.269792
1 0.608203 0.260417 0.072656 0.293750
1 0.424609 0.277083 0.067969 0.247917
13 0.437500 0.806771 0.323437 0.286458
9 0.261328 0.483333 0.057031 0.070833
9 0.429688 0.475000 0.059375 0.070833
9 0.592969 0.466146 0.059375 0.063542
9 0.233984 0.349479 0.053906 0.073958
9 0.237500 0.254688 0.051562 0.065625
9 0.423438 0.246875 0.054688 0.068750
9 0.425781 0.334896 0.050000 0.071875
9 0.615234 0.331771 0.058594 0.071875
9 0.605859 0.238021 0.052344 0.071875
9 0.942578 0.323437 0.047656 0.076042
9 0.923828 0.232813 0.057031 0.065625
9 0.924609 0.497917 0.058594 0.068750
