1 0.451562 0.567708 0.035937 0.135417
1 0.380859 0.559896 0.041406 0.138542
1 0.243750 0.544792 0.039062 0.145833
1 0.630078 0.590625 0.041406 0.133333
1 0.155859 0.532292 0.039844 0.168750
1 0.063281 0.529687 0.035937 0.146875
1 0.522266 0.572917 0.035156 0.127083
8 0.333203 0.126562 0.019531 0.028125
10 0.860938 0.172396 0.045312 0.078125
10 0.045703 0.104688 0.046094 0.090625
10 0.944531 0.202604 0.039062 0.080208
10 0.772266 0.144271 0.047656 0.080208
10 0.628125 0.494271 0.021875 0.055208
10 0.009375 0.224479 0.017188 0.046875
10 0.410938 0.200521 0.039062 0.073958
13 0.145703 0.783854 0.142969 0.153125
13 0.448047 0.785417 0.127344 0.141667
15 0.221484 0.795312 0.041406 0.073958
16 0.034375 0.364063 0.067187 0.096875
13 0.664844 0.780208 0.082812 0.110417
12 0.237891 0.855729 0.016406 0.042708
12 0.008203 0.861979 0.014844 0.042708
15 0.060937 0.796875 0.029687 0.054167
9 0.062500 0.497917 0.028125 0.047917
9 0.061719 0.555208 0.028125 0.047917
9 0.153125 0.569792 0.028125 0.047917
9 0.155469 0.515625 0.028125 0.047917
10 0.142187 0.431250 0.028125 0.060417
9 0.240625 0.520833 0.028125 0.047917
9 0.242188 0.580208 0.028125 0.047917
9 0.380078 0.535937 0.028906 0.042708
9 0.380859 0.590104 0.028906 0.042708
9 0.455078 0.600521 0.028906 0.042708
9 0.453516 0.546354 0.028906 0.042708
10 0.432422 0.476042 0.025781 0.041667
10 0.465625 0.443229 0.020313 0.036458
10 0.600781 0.352604 0.020313 0.036458
10 0.647656 0.323437 0.020313 0.036458
10 0.662891 0.478125 0.019531 0.025000
10 0.502344 0.419792 0.020313 0.033333
9 0.631641 0.566667 0.025781 0.037500
9 0.633984 0.610417 0.025781 0.037500
1 0.758984 0.591146 0.017969 0.098958
