13 0.921484 0.388021 0.153906 0.165625
13 0.692969 0.415625 0.114062 0.131250
13 0.531641 0.436458 0.091406 0.120833
12 0.380859 0.418750 0.025781 0.072917
12 0.167969 0.297917 0.032813 0.091667
12 0.144922 0.306771 0.033594 0.094792
12 0.123828 0.317708 0.032031 0.100000
15 0.204687 0.314583 0.050000 0.072917
15 0.261328 0.296354 0.088281 0.092708
15 0.362109 0.247917 0.071094 0.118750
15 0.452734 0.217708 0.088281 0.125000
15 0.622656 0.133333 0.082812 0.150000
15 0.809766 0.073958 0.117969 0.145833
8 0.254297 0.243229 0.025781 0.023958
8 0.228906 0.260937 0.015625 0.026042
8 0.276172 0.269792 0.016406 0.022917
8 0.303125 0.255729 0.020313 0.021875
8 0.348047 0.192708 0.021094 0.027083
8 0.408594 0.202604 0.021875 0.028125
8 0.738281 0.267708 0.028125 0.025000
8 0.837109 0.264583 0.013281 0.027083
10 0.535156 0.132292 0.023438 0.039583
10 0.724219 0.075000 0.025000 0.039583
10 0.532422 0.023958 0.027344 0.045833
10 0.286328 0.076042 0.024219 0.050000
10 0.346484 0.089583 0.021094 0.045833
10 0.403906 0.099479 0.017188 0.038542
3 0.938281 0.148438 0.045312 0.144792
3 0.859375 0.169271 0.039062 0.151042
2 0.879687 0.087500 0.067187 0.125000
2 0.955078 0.064583 0.074219 0.127083
9 0.532422 0.295833 0.025781 0.033333
9 0.494531 0.311979 0.028125 0.032292
9 0.690625 0.255208 0.028125 0.039583
9 0.869141 0.204167 0.041406 0.050000
9 0.947266 0.182292 0.038281 0.052083
11 0.248828 0.463542 0.013281 0.083333
10 0.299609 0.374479 0.021094 0.042708
10 0.391016 0.264583 0.035156 0.062500
10 0.690234 0.142708 0.050781 0.077083
