1 0.317578 0.748958 0.035156 0.152083
1 0.776953 0.819792 0.038281 0.158333
1 0.418750 0.765625 0.037500 0.154167
1 0.866797 0.829167 0.044531 0.154167
1 0.521484 0.776563 0.033594 0.171875
1 0.987109 0.850000 0.019531 0.150000
1 0.687500 0.803646 0.035937 0.140625
10 0.290625 0.273958 0.040625 0.079167
10 0.274219 0.353646 0.035937 0.055208
10 0.259375 0.419792 0.031250 0.047917
9 0.320703 0.720833 0.030469 0.047917
9 0.317578 0.783333 0.032031 0.043750
9 0.420703 0.734375 0.033594 0.041667
9 0.419531 0.802083 0.034375 0.054167
9 0.521484 0.747396 0.032031 0.044792
9 0.519922 0.818229 0.032031 0.051042
9 0.683984 0.779167 0.025781 0.039583
9 0.686328 0.842708 0.033594 0.043750
9 0.775781 0.793229 0.031250 0.040625
9 0.776563 0.855729 0.031250 0.040625
9 0.861719 0.807813 0.031250 0.040625
9 0.864062 0.867188 0.031250 0.040625
10 0.749219 0.723437 0.029687 0.030208
10 0.707812 0.380729 0.039062 0.051042
10 0.415625 0.665625 0.031250 0.039583
8 0.337500 0.272396 0.021875 0.032292
8 0.502344 0.313542 0.020313 0.025000
8 0.785547 0.379167 0.019531 0.025000
