1 0.381641 0.520312 0.064844 0.198958
1 0.424609 0.460417 0.074219 0.218750
1 0.474609 0.383854 0.086719 0.230208
1 0.599219 0.211979 0.101562 0.276042
1 0.703125 0.114583 0.128125 0.227083
9 0.713672 0.153646 0.091406 0.105208
9 0.814453 0.378125 0.064844 0.089583
9 0.950391 0.271354 0.083594 0.109375
9 0.617188 0.167708 0.070312 0.072917
9 0.612891 0.279167 0.071094 0.081250
9 0.490625 0.440104 0.057813 0.067708
9 0.494141 0.341667 0.047656 0.056250
9 0.435937 0.426563 0.048438 0.055208
9 0.433984 0.506771 0.055469 0.061458
9 0.521875 0.623958 0.053125 0.062500
16 0.236328 0.483854 0.061719 0.103125
16 0.113281 0.450000 0.065625 0.110417
13 0.466797 0.839583 0.180469 0.233333
13 0.816406 0.689063 0.357812 0.455208
