1 0.064062 0.638542 0.029687 0.102083
1 0.169922 0.485938 0.041406 0.148958
1 0.122656 0.640625 0.028125 0.100000
1 0.071484 0.485417 0.046094 0.129167
3 0.314844 0.507812 0.037500 0.121875
3 0.486719 0.514583 0.039062 0.116667
6 0.411719 0.683854 0.048438 0.136458
6 0.358203 0.684896 0.053906 0.119792
6 0.918359 0.687500 0.039844 0.122917
6 0.464062 0.683333 0.037500 0.145833
6 0.954297 0.687500 0.035156 0.122917
6 0.987500 0.686979 0.025000 0.126042
8 0.125781 0.307812 0.021875 0.032292
8 0.226953 0.316667 0.016406 0.033333
8 0.066406 0.305729 0.017188 0.036458
8 0.009766 0.299479 0.017969 0.034375
8 0.283203 0.321875 0.019531 0.037500
8 0.336719 0.325000 0.021875 0.037500
10 0.073047 0.385937 0.024219 0.042708
11 0.853516 0.451562 0.042969 0.228125
11 0.901563 0.455208 0.039062 0.233333
12 0.330859 0.280208 0.011719 0.018750
12 0.277344 0.275000 0.010937 0.016667
12 0.241406 0.270833 0.010937 0.018750
12 0.020703 0.248958 0.013281 0.022917
12 0.116016 0.260937 0.013281 0.026042
12 0.058984 0.256250 0.011719 0.020833
13 0.302344 0.794792 0.085938 0.081250
13 0.513672 0.789062 0.085156 0.090625
13 0.885938 0.778125 0.050000 0.072917
14 0.119141 0.860417 0.236719 0.279167
15 0.204687 0.793229 0.020313 0.046875
10 0.199609 0.394271 0.025781 0.044792
3 0.403906 0.514062 0.037500 0.121875
1 0.296094 0.643229 0.031250 0.086458
11 0.950000 0.453125 0.048438 0.231250
