10 0.356250 0.836979 0.029687 0.067708
9 0.049609 0.077083 0.052344 0.085417
9 0.496875 0.324479 0.045312 0.057292
9 0.532813 0.346875 0.035937 0.052083
8 0.799609 0.029687 0.044531 0.048958
8 0.951562 0.175521 0.045312 0.040625
8 0.862109 0.087500 0.049219 0.054167
12 0.978516 0.191667 0.030469 0.077083
12 0.823438 0.047917 0.037500 0.081250
9 0.078125 0.430729 0.071875 0.090625
9 0.176563 0.229167 0.073438 0.093750
9 0.551172 0.568229 0.049219 0.069792
9 0.542188 0.473958 0.060937 0.079167
9 0.420312 0.523958 0.064062 0.081250
9 0.416797 0.415625 0.061719 0.077083
9 0.662109 0.614583 0.057031 0.062500
9 0.651172 0.525521 0.050781 0.069792
9 0.812891 0.714063 0.046094 0.065625
9 0.893359 0.743229 0.044531 0.057292
1 0.671094 0.563021 0.095312 0.238542
3 0.104297 0.334896 0.114844 0.326042
2 0.203906 0.239583 0.151562 0.270833
1 0.426953 0.459896 0.097656 0.286458
1 0.560156 0.511979 0.090625 0.251042
1 0.667188 0.563021 0.089063 0.236458
3 0.837891 0.664583 0.078906 0.241667
3 0.907031 0.708854 0.081250 0.232292
2 0.863281 0.583333 0.103125 0.179167
2 0.941406 0.615625 0.101562 0.179167
10 0.646094 0.897396 0.023438 0.042708
10 0.564063 0.879167 0.023438 0.043750
13 0.503906 0.911458 0.242188 0.177083
