13 0.133984 0.702083 0.178906 0.183333
13 0.553125 0.679688 0.178125 0.188542
15 0.255859 0.714583 0.036719 0.081250
15 0.817578 0.687500 0.036719 0.100000
15 0.371094 0.712500 0.026562 0.079167
15 0.012109 0.730208 0.022656 0.077083
9 0.019141 0.443229 0.036719 0.053125
9 0.021875 0.378646 0.035937 0.051042
9 0.122656 0.440625 0.045312 0.052083
9 0.121484 0.369792 0.042969 0.054167
9 0.227344 0.431250 0.042188 0.056250
9 0.229687 0.361979 0.043750 0.055208
9 0.419922 0.413542 0.041406 0.045833
9 0.423438 0.345833 0.037500 0.054167
9 0.537109 0.334375 0.036719 0.047917
9 0.537500 0.406771 0.037500 0.048958
9 0.655859 0.399479 0.047656 0.051042
9 0.650781 0.328646 0.040625 0.053125
9 0.863672 0.311979 0.046094 0.059375
9 0.873828 0.385937 0.042969 0.059375
1 0.868750 0.338542 0.062500 0.181250
1 0.654687 0.354167 0.050000 0.175000
1 0.540234 0.360938 0.050781 0.167708
1 0.423438 0.368750 0.045312 0.175000
1 0.226953 0.388542 0.046094 0.172917
1 0.119922 0.398438 0.047656 0.176042
1 0.019531 0.409375 0.037500 0.172917
