1 0.049219 0.432292 0.026562 0.060417
8 0.300391 0.203646 0.011719 0.017708
8 0.226562 0.195833 0.012500 0.020833
8 0.146484 0.195312 0.011719 0.019792
8 0.763672 0.216146 0.010156 0.021875
8 0.338281 0.201563 0.015625 0.017708
11 0.900391 0.415104 0.024219 0.161458
11 0.601562 0.461458 0.021875 0.102083
11 0.488281 0.459375 0.025000 0.093750
11 0.868750 0.414583 0.026562 0.154167
11 0.839844 0.418750 0.026562 0.164583
11 0.989844 0.413021 0.018750 0.144792
11 0.369922 0.452604 0.024219 0.103125
11 0.344141 0.454167 0.027344 0.095833
11 0.946484 0.464062 0.024219 0.130208
11 0.460547 0.464062 0.022656 0.094792
11 0.508203 0.457813 0.024219 0.092708
12 0.331250 0.169271 0.010937 0.019792
12 0.802734 0.179688 0.011719 0.021875
12 0.303906 0.168229 0.009375 0.019792
12 0.527344 0.176042 0.012500 0.025000
12 0.771875 0.180729 0.009375 0.017708
12 0.457031 0.170833 0.012500 0.025000
14 0.216406 0.627604 0.142187 0.348958
11 0.394922 0.454688 0.024219 0.103125
11 0.579688 0.465625 0.021875 0.102083
11 0.628125 0.465625 0.021875 0.102083
11 0.964453 0.422396 0.024219 0.130208
8 0.806641 0.214062 0.010156 0.021875
8 0.450391 0.203125 0.013281 0.025000
8 0.530859 0.205208 0.013281 0.025000
1 0.244531 0.380208 0.028125 0.081250
1 0.189844 0.372917 0.028125 0.081250
1 0.122656 0.438542 0.026562 0.060417
1 0.161719 0.436458 0.026562 0.060417
1 0.203906 0.437500 0.026562 0.060417
9 0.048438 0.418229 0.017188 0.023958
9 0.046875 0.445312 0.017188 0.023958
9 0.119531 0.450521 0.017188 0.023958
9 0.119531 0.422396 0.017188 0.023958
9 0.160938 0.422396 0.017188 0.023958
9 0.161719 0.451562 0.017188 0.023958
9 0.202344 0.451562 0.017188 0.023958
9 0.203125 0.423438 0.017188 0.023958
9 0.189844 0.353125 0.020313 0.029167
9 0.188281 0.389583 0.020313 0.029167
9 0.243750 0.395833 0.020313 0.029167
9 0.244531 0.358333 0.020313 0.029167
10 0.253516 0.309375 0.016406 0.025000
10 0.200391 0.307292 0.016406 0.025000
10 0.104297 0.304167 0.016406 0.025000
10 0.216016 0.286458 0.016406 0.025000
10 0.051953 0.303125 0.016406 0.025000
10 0.026172 0.187500 0.016406 0.025000
10 0.176953 0.192708 0.016406 0.025000
8 0.076563 0.194271 0.017188 0.021875
8 0.041406 0.191146 0.017188 0.021875
10 0.741406 0.303125 0.014063 0.020833
10 0.746875 0.290625 0.014063 0.020833
10 0.724219 0.290625 0.014063 0.020833
10 0.586719 0.287500 0.014063 0.020833
10 0.564844 0.287500 0.014063 0.020833
3 0.819141 0.422396 0.021094 0.080208
3 0.882422 0.429688 0.019531 0.071875
10 0.017578 0.383854 0.011719 0.019792
13 0.642188 0.581250 0.062500 0.079167
13 0.813281 0.587500 0.062500 0.079167
15 0.854297 0.184896 0.055469 0.086458
15 0.962891 0.191146 0.055469 0.086458
