1 0.711328 0.120313 0.058594 0.194792
1 0.659766 0.155729 0.053906 0.165625
1 0.490234 0.289062 0.035156 0.128125
1 0.619922 0.176563 0.055469 0.153125
9 0.619141 0.228125 0.035156 0.039583
9 0.556250 0.276042 0.031250 0.041667
9 0.715625 0.159896 0.043750 0.069792
9 0.665234 0.128646 0.033594 0.044792
9 0.831641 0.073958 0.057031 0.068750
9 0.664062 0.195833 0.037500 0.039583
9 0.620703 0.164583 0.033594 0.043750
9 0.523828 0.300000 0.025781 0.037500
10 0.426563 0.082292 0.017188 0.064583
10 0.350781 0.067187 0.020313 0.044792
10 0.297266 0.151562 0.019531 0.046875
10 0.353125 0.172396 0.017188 0.042708
13 0.698828 0.434896 0.153906 0.186458
13 0.553516 0.484375 0.108594 0.137500
13 0.935937 0.357812 0.126562 0.301042
13 0.392188 0.534375 0.043750 0.106250
13 0.452734 0.518750 0.072656 0.095833
13 0.339062 0.547917 0.040625 0.083333
16 0.164844 0.479167 0.020313 0.045833
16 0.195312 0.480208 0.018750 0.043750
16 0.128125 0.478125 0.020313 0.045833
14 0.021094 0.615625 0.040625 0.131250
13 0.300000 0.569271 0.034375 0.059375
13 0.271875 0.577604 0.025000 0.046875
1 0.804297 0.071354 0.049219 0.140625
10 0.712500 0.029167 0.032813 0.056250
9 0.715625 0.079687 0.043750 0.069792
1 0.516016 0.273438 0.035156 0.128125
1 0.547266 0.247396 0.035156 0.128125
9 0.552344 0.219792 0.028125 0.035417
9 0.520312 0.246875 0.028125 0.035417
9 0.494531 0.269792 0.028125 0.035417
9 0.492188 0.323958 0.028125 0.035417
1 0.448047 0.335938 0.035156 0.128125
1 0.423828 0.347396 0.025781 0.113542
1 0.401172 0.360417 0.025781 0.106250
9 0.453125 0.302604 0.023438 0.030208
9 0.452344 0.351562 0.023438 0.030208
9 0.430469 0.320312 0.023438 0.030208
9 0.429688 0.366146 0.023438 0.030208
9 0.411328 0.336979 0.017969 0.026042
9 0.410547 0.377604 0.017969 0.026042
