12 0.361084 0.468424 0.052246 0.185547
12 0.481689 0.484701 0.046387 0.167318
12 0.594971 0.500977 0.042480 0.159505
12 0.240967 0.134440 0.031738 0.065755
12 0.238770 0.197917 0.021484 0.053385
12 0.240723 0.250977 0.018555 0.043620
8 0.321777 0.085938 0.019531 0.041667
8 0.387695 0.096029 0.018555 0.043620
8 0.452148 0.113607 0.021484 0.041016
8 0.562256 0.147461 0.026855 0.029297
8 0.616699 0.162760 0.029297 0.026042
8 0.672852 0.173177 0.027344 0.027344
8 0.763672 0.199219 0.026367 0.024740
8 0.813721 0.213216 0.028809 0.022786
8 0.863037 0.225260 0.029785 0.020833
10 0.831299 0.272135 0.025879 0.050781
10 0.560303 0.209961 0.025879 0.056641
10 0.067627 0.541016 0.031738 0.071615
2 0.165771 0.443359 0.044434 0.092448
2 0.083496 0.432943 0.047852 0.093750
2 0.302490 0.458008 0.040527 0.094401
2 0.443848 0.478841 0.035156 0.087891
2 0.688232 0.509766 0.041504 0.079427
3 0.059326 0.467122 0.048340 0.119141
1 0.141846 0.477214 0.048340 0.121094
1 0.282715 0.498047 0.041992 0.111979
1 0.428223 0.512044 0.037109 0.093099
1 0.668945 0.557943 0.033203 0.080729
1 0.767578 0.562174 0.032227 0.093099
10 0.899902 0.579753 0.041016 0.067057
10 0.943115 0.381510 0.022949 0.039062
15 0.959961 0.567708 0.073242 0.104167
15 0.810303 0.549805 0.061035 0.111328
15 0.536621 0.508138 0.054688 0.133464
9 0.095947 0.420247 0.022949 0.033203
9 0.176270 0.431966 0.023438 0.026693
9 0.131104 0.513997 0.022949 0.030599
9 0.311523 0.445638 0.022461 0.027995
9 0.272705 0.532227 0.023926 0.027995
9 0.420166 0.547201 0.020996 0.026693
9 0.452881 0.465495 0.019043 0.024740
9 0.660645 0.575195 0.019531 0.022786
9 0.763184 0.587240 0.021484 0.024740
9 0.783447 0.512695 0.019043 0.021484
9 0.842285 0.433268 0.015625 0.021484
9 0.758789 0.471354 0.013672 0.026042
9 0.862793 0.434570 0.014648 0.018880
9 0.785889 0.449219 0.014160 0.020833
5 0.834961 0.421875 0.073242 0.052083
13 0.609863 0.709961 0.083008 0.117839
13 0.350830 0.685547 0.100098 0.113281
6 0.883545 0.738932 0.019043 0.057292
