6 0.283203 0.523112 0.034180 0.133464
13 0.524414 0.629557 0.057617 0.057292
13 0.640869 0.634766 0.043457 0.054688
6 0.729492 0.560872 0.028320 0.098307
8 0.075928 0.196289 0.014160 0.021484
8 0.019531 0.182617 0.013672 0.021484
8 0.166016 0.220052 0.012695 0.020833
8 0.213867 0.231445 0.014648 0.016276
1 0.100830 0.297852 0.029785 0.106120
3 0.246582 0.354818 0.030273 0.091146
3 0.334229 0.374674 0.032715 0.097005
3 0.408203 0.382812 0.028320 0.088542
9 0.101074 0.265951 0.029297 0.037109
9 0.099365 0.322917 0.026855 0.033854
3 0.723145 0.443685 0.031250 0.078776
3 0.767090 0.449219 0.027344 0.070312
3 0.808105 0.457357 0.030273 0.068359
1 0.566162 0.522786 0.013184 0.049479
1 0.534180 0.520508 0.013672 0.050130
1 0.499023 0.516602 0.014648 0.052734
1 0.432373 0.510417 0.015137 0.057292
1 0.216064 0.488607 0.018066 0.067057
1 0.622314 0.529297 0.014160 0.046875
1 0.650146 0.532552 0.016113 0.046875
8 0.640137 0.340495 0.011719 0.013021
8 0.614258 0.334310 0.012695 0.013672
8 0.586670 0.326823 0.011230 0.014323
8 0.535889 0.314779 0.012207 0.013672
8 0.505127 0.307292 0.012207 0.014323
14 0.066895 0.730469 0.132812 0.411458
14 0.953125 0.660482 0.093750 0.224609
13 0.216064 0.627279 0.061035 0.070964
10 0.103027 0.205078 0.025391 0.024740
10 0.405029 0.279948 0.019043 0.020833
10 0.334473 0.263997 0.020508 0.020182
10 0.255859 0.243815 0.022461 0.022786
10 0.700684 0.354818 0.016602 0.016927
9 0.217285 0.477539 0.015625 0.020182
9 0.216064 0.508464 0.015137 0.019531
9 0.506104 0.341797 0.015137 0.015625
9 0.524902 0.346029 0.013672 0.016276
9 0.548584 0.351888 0.015137 0.017578
9 0.432373 0.501628 0.014160 0.017578
9 0.432373 0.528320 0.013184 0.017578
9 0.499023 0.507812 0.013672 0.016927
9 0.499756 0.532552 0.013184 0.016927
9 0.533936 0.511719 0.013184 0.016927
9 0.534180 0.536784 0.012695 0.016276
9 0.565918 0.514323 0.012695 0.016927
9 0.565918 0.539714 0.012695 0.015625
9 0.621338 0.520508 0.013184 0.017578
9 0.621094 0.542318 0.012695 0.018229
9 0.649658 0.546549 0.015137 0.016276
9 0.649902 0.523438 0.013672 0.018229
10 0.878662 0.397461 0.017090 0.022786
10 0.908936 0.405924 0.019043 0.022786
1 0.857666 0.558268 0.020996 0.047526
16 0.906494 0.541016 0.020996 0.028646
16 0.933105 0.535807 0.013672 0.028646
16 0.966309 0.532227 0.018555 0.030599
9 0.857178 0.548177 0.013184 0.015625
9 0.857178 0.567057 0.012207 0.015625
6 0.331787 0.525391 0.044434 0.128906
6 0.378418 0.529622 0.039062 0.125651
6 0.757080 0.560872 0.027832 0.095703
6 0.786865 0.564779 0.026855 0.093099
2 0.293457 0.292969 0.040039 0.097656
2 0.373779 0.317383 0.039551 0.078776
2 0.445312 0.328451 0.038086 0.073568
5 0.524414 0.346029 0.081055 0.073568
15 0.130371 0.624674 0.015625 0.037109
10 0.126709 0.321940 0.014160 0.017578
10 0.133789 0.300456 0.012695 0.014974
10 0.007324 0.181315 0.013672 0.030599
9 0.245117 0.372721 0.024414 0.026693
9 0.286865 0.274414 0.026855 0.030599
9 0.364014 0.295247 0.020020 0.027995
9 0.329590 0.389648 0.021484 0.024089
9 0.436523 0.311849 0.021484 0.027344
9 0.406250 0.402995 0.022461 0.026042
10 0.633545 0.469401 0.011230 0.011719
10 0.613525 0.478516 0.011230 0.011719
10 0.531738 0.454102 0.010742 0.013672
10 0.551025 0.443359 0.011230 0.013021
10 0.511963 0.463216 0.011230 0.013672
10 0.915039 0.459635 0.010742 0.014323
10 0.735107 0.508138 0.010254 0.011068
10 0.700439 0.490560 0.008301 0.009766
10 0.744629 0.475260 0.008789 0.011719
2 0.830078 0.410807 0.048828 0.049479
9 0.815186 0.397786 0.016113 0.022135
9 0.806396 0.470052 0.018066 0.023438
9 0.764404 0.461914 0.017090 0.021484
9 0.720703 0.455729 0.019531 0.023438
10 0.417969 0.638997 0.008789 0.011068
15 0.440186 0.628906 0.015137 0.033854
12 0.608398 0.638346 0.008789 0.026693
