15 0.248291 0.414714 0.058105 0.053385
12 0.236328 0.465820 0.018555 0.050130
12 0.327881 0.500000 0.015137 0.042969
12 0.365967 0.514648 0.015137 0.039714
11 0.230469 0.573893 0.009766 0.056641
11 0.241455 0.578776 0.009277 0.057292
11 0.251953 0.579427 0.009766 0.054688
11 0.282715 0.586914 0.008789 0.055339
11 0.291504 0.587891 0.008789 0.053385
11 0.298828 0.586914 0.011719 0.063151
11 0.181641 0.563151 0.009766 0.061198
14 0.857178 0.704427 0.048340 0.095052
6 0.678955 0.543294 0.026855 0.108724
10 0.209229 0.528320 0.017090 0.021484
10 0.348877 0.568359 0.013184 0.018229
10 0.380615 0.577148 0.011230 0.016276
10 0.566650 0.096354 0.029785 0.040365
10 0.631592 0.212891 0.023926 0.031250
10 0.691650 0.316732 0.018066 0.024089
10 0.988037 0.409831 0.012207 0.014974
1 0.611328 0.208008 0.057617 0.146484
1 0.645996 0.263021 0.050781 0.131510
1 0.672119 0.310872 0.048340 0.130859
1 0.709961 0.372396 0.049805 0.125000
9 0.605469 0.180013 0.036133 0.041016
9 0.604980 0.244792 0.032227 0.042969
9 0.638916 0.296224 0.026855 0.039062
9 0.641113 0.237956 0.025391 0.034505
9 0.666260 0.338216 0.025879 0.033203
9 0.702393 0.348633 0.022949 0.027995
9 0.702148 0.393880 0.023438 0.027344
9 0.685791 0.456706 0.023926 0.030599
9 0.686279 0.509440 0.026855 0.031901
0 0.712158 0.484375 0.088379 0.113281
9 0.789062 0.495443 0.014648 0.018229
9 0.790283 0.525065 0.014160 0.016276
14 0.463135 0.637695 0.174316 0.326172
1 0.591309 0.659831 0.010742 0.034505
1 0.569092 0.656576 0.010254 0.033203
1 0.547607 0.655924 0.011230 0.031901
9 0.591064 0.653320 0.009277 0.012370
9 0.569092 0.652995 0.009277 0.011719
9 0.547607 0.652669 0.009277 0.012370
15 0.296875 0.434245 0.047852 0.044271
10 0.283203 0.427083 0.014648 0.027344
10 0.326904 0.447591 0.014160 0.020182
10 0.364502 0.468099 0.013184 0.018229
