13 0.252441 0.895508 0.098633 0.102214
13 0.442627 0.893880 0.113770 0.128906
13 0.714600 0.880208 0.155762 0.153646
2 0.693848 0.594076 0.039062 0.108724
2 0.974121 0.545247 0.039062 0.097005
2 0.612793 0.606120 0.044922 0.095052
2 0.489746 0.642904 0.053711 0.069661
2 0.432617 0.656576 0.042969 0.080078
3 0.470215 0.700195 0.026367 0.078776
3 0.588867 0.672852 0.029297 0.089193
3 0.665039 0.653320 0.029297 0.110026
3 0.752441 0.633789 0.037109 0.121745
3 0.936035 0.602865 0.040039 0.097656
15 0.390381 0.501953 0.123535 0.145833
12 0.792480 0.284505 0.089844 0.222656
12 0.233398 0.525065 0.063477 0.175130
12 0.126221 0.558268 0.060059 0.146484
12 0.042480 0.594727 0.048828 0.132161
8 0.260498 0.417969 0.016113 0.019531
8 0.295410 0.400065 0.017578 0.020182
8 0.332764 0.380208 0.018066 0.020833
8 0.406494 0.342122 0.019043 0.018880
8 0.453369 0.322266 0.020020 0.022135
8 0.503418 0.297526 0.022461 0.024740
8 0.607666 0.240885 0.021973 0.032552
8 0.670654 0.203776 0.021973 0.032552
10 0.745117 0.166341 0.034180 0.031901
8 0.885742 0.100260 0.029297 0.039062
8 0.976807 0.050130 0.030762 0.037760
10 0.426514 0.329753 0.023926 0.027995
10 0.215088 0.435221 0.020020 0.022786
6 0.493164 0.942708 0.017578 0.071615
6 0.514893 0.943685 0.019043 0.074870
12 0.473145 0.307292 0.015625 0.040365
9 0.337158 0.372396 0.012207 0.033854
9 0.312988 0.386068 0.012695 0.033854
9 0.110596 0.489583 0.013184 0.029948
8 0.098389 0.500326 0.015137 0.017578
8 0.015381 0.539714 0.019043 0.016927
12 0.022461 0.534180 0.012695 0.026693
10 0.010254 0.592773 0.015625 0.018880
15 0.607422 0.902344 0.020508 0.027344
15 0.637451 0.895833 0.026855 0.033854
12 0.627930 0.932617 0.009766 0.027995
7 0.614258 0.826172 0.018555 0.065104
9 0.614014 0.844727 0.016113 0.018880
9 0.614258 0.812500 0.014648 0.019531
0 0.797607 0.812826 0.023926 0.081380
0 0.853027 0.810547 0.021484 0.083333
9 0.854980 0.828451 0.018555 0.026693
9 0.853027 0.791992 0.017578 0.025391
9 0.796387 0.796549 0.016602 0.020182
9 0.798096 0.831706 0.017090 0.021484
12 0.278076 0.405599 0.015137 0.040365
15 0.896240 0.277669 0.129395 0.233724
12 0.506592 0.930013 0.009277 0.025391
10 0.516113 0.898438 0.008789 0.010417
9 0.940918 0.634440 0.029297 0.034505
9 0.973633 0.513672 0.036133 0.036458
9 0.755859 0.673503 0.027344 0.037109
10 0.712158 0.766602 0.013184 0.016276
10 0.799072 0.756510 0.016113 0.018229
10 0.852783 0.748698 0.016113 0.019531
10 0.667969 0.771484 0.013672 0.018229
10 0.625244 0.777018 0.013184 0.017578
10 0.487061 0.791016 0.012207 0.015625
10 0.520752 0.787760 0.011230 0.015625
9 0.443115 0.637044 0.021973 0.025391
9 0.504639 0.623372 0.022949 0.029297
9 0.470459 0.720703 0.023926 0.027344
9 0.588379 0.699870 0.025391 0.032552
9 0.621826 0.594076 0.023926 0.033203
9 0.667480 0.688151 0.023438 0.032552
9 0.698975 0.576497 0.024902 0.033203
10 0.172119 0.570638 0.016113 0.020182
10 0.218506 0.821289 0.007324 0.009766
10 0.239746 0.819661 0.009766 0.010417
10 0.278320 0.815755 0.009766 0.013021
10 0.301514 0.812174 0.008301 0.012370
