12 0.755127 0.344076 0.041504 0.110026
12 0.619873 0.274414 0.049316 0.116536
12 0.479004 0.213867 0.036133 0.126953
15 0.424561 0.112305 0.120605 0.180339
15 0.560303 0.193685 0.115723 0.155599
11 0.344238 0.622396 0.030273 0.083333
10 0.087158 0.322266 0.059082 0.063802
10 0.315186 0.390625 0.045410 0.059896
10 0.358398 0.406901 0.037109 0.040365
10 0.495361 0.449544 0.031738 0.038411
10 0.754150 0.527995 0.030762 0.036458
10 0.761475 0.652018 0.011230 0.020182
11 0.600098 0.522461 0.034180 0.107422
12 0.098389 0.081380 0.071777 0.161458
1 0.908447 0.723633 0.037598 0.077474
12 0.820312 0.740234 0.035156 0.066406
12 0.776123 0.745768 0.029785 0.059245
9 0.775635 0.739909 0.020996 0.022786
9 0.818604 0.732096 0.022949 0.025391
9 0.907715 0.714844 0.024414 0.028646
