14 0.625000 0.824870 0.438477 0.350260
0 0.933105 0.460286 0.125977 0.139323
10 0.938965 0.402995 0.039062 0.041667
10 0.837402 0.376953 0.037109 0.041667
10 0.638672 0.310872 0.042969 0.042318
10 0.510010 0.272786 0.040527 0.045573
7 0.380371 0.298177 0.072266 0.205729
7 0.545410 0.341146 0.079102 0.204427
7 0.693604 0.376628 0.078613 0.181641
9 0.900391 0.425456 0.044922 0.057943
9 0.917725 0.495443 0.045410 0.058594
3 0.045898 0.201823 0.090820 0.265625
1 0.752197 0.735352 0.060059 0.184245
9 0.062012 0.182943 0.044922 0.071615
9 0.034424 0.270833 0.055176 0.074219
9 0.375732 0.267904 0.054199 0.055339
9 0.368652 0.349609 0.048828 0.065104
9 0.531982 0.315430 0.045410 0.059245
9 0.536621 0.397461 0.050781 0.060547
9 0.677246 0.358073 0.043945 0.058594
9 0.683350 0.435221 0.043457 0.059245
12 0.031494 0.889648 0.031738 0.082682
9 0.750244 0.700846 0.037598 0.060547
9 0.755859 0.789062 0.041016 0.049479
10 0.372559 0.227214 0.040039 0.041667
