9 0.017822 0.438802 0.034668 0.046875
9 0.073730 0.582682 0.041016 0.039062
9 0.126221 0.701823 0.037598 0.035156
8 0.163574 0.701497 0.022461 0.035807
9 0.541504 0.495768 0.040039 0.046224
9 0.560059 0.630534 0.036133 0.038411
8 0.686035 0.622070 0.028320 0.048828
5 0.443359 0.359701 0.202148 0.164714
5 0.473389 0.499349 0.190918 0.130208
5 0.497803 0.654297 0.173340 0.113281
5 0.085205 0.576823 0.169434 0.144531
5 0.099365 0.709635 0.197754 0.136719
9 0.437500 0.650391 0.030273 0.042969
9 0.410400 0.515625 0.034668 0.044271
9 0.444580 0.349609 0.038574 0.040365
9 0.489258 0.640951 0.032227 0.038411
9 0.464844 0.506185 0.027344 0.037109
9 0.072754 0.708659 0.034180 0.041016
9 0.016846 0.592448 0.031738 0.039062
9 0.522217 0.335286 0.041504 0.037760
