8 0.234863 0.051432 0.028320 0.050781
8 0.307129 0.074219 0.029297 0.041667
8 0.373779 0.099935 0.026855 0.042318
8 0.486816 0.140625 0.025391 0.032552
8 0.545166 0.157552 0.026855 0.035156
8 0.597412 0.177734 0.034668 0.033854
8 0.687500 0.210286 0.032227 0.027344
8 0.736572 0.226237 0.027832 0.031901
8 0.778076 0.240560 0.025879 0.025391
3 0.057129 0.426107 0.040039 0.106120
3 0.213623 0.448568 0.029785 0.100260
10 0.137695 0.083008 0.039062 0.038411
10 0.137939 0.152344 0.034668 0.053385
10 0.139160 0.217448 0.027344 0.049479
10 0.493164 0.195312 0.032227 0.039062
10 0.765381 0.279622 0.027832 0.035807
10 0.858887 0.400391 0.024414 0.035156
10 0.908447 0.372070 0.026855 0.037109
10 0.969238 0.340169 0.028320 0.039714
10 0.358398 0.581706 0.016602 0.022786
10 0.543213 0.608724 0.015137 0.018229
10 0.577148 0.611979 0.017578 0.022135
9 0.677734 0.486328 0.015625 0.020833
9 0.704834 0.467448 0.014160 0.024740
9 0.737305 0.448893 0.016602 0.021484
9 0.762207 0.452148 0.016602 0.025391
9 0.781006 0.454102 0.016113 0.020182
10 0.864258 0.555990 0.037109 0.058594
10 0.753906 0.636393 0.011719 0.016276
10 0.857178 0.646159 0.014160 0.020182
10 0.883301 0.651367 0.011719 0.020182
10 0.909180 0.655273 0.010742 0.017578
13 0.253906 0.702474 0.117188 0.138021
13 0.527832 0.735677 0.109375 0.138021
13 0.742920 0.739909 0.093262 0.108724
13 0.918457 0.750651 0.092773 0.093750
14 0.940186 0.843099 0.072754 0.092448
3 0.170166 0.488281 0.030762 0.122396
9 0.372803 0.460938 0.024902 0.026042
3 0.694092 0.578776 0.020996 0.084635
15 0.494629 0.443034 0.063477 0.133464
15 0.773438 0.520508 0.073242 0.132161
15 0.926514 0.552734 0.069824 0.113281
12 0.285400 0.378906 0.070801 0.205729
12 0.429688 0.407878 0.059570 0.198568
12 0.562012 0.427083 0.055664 0.186198
1 0.360840 0.632812 0.018555 0.067708
1 0.445557 0.641927 0.016113 0.069010
3 0.555908 0.653646 0.018066 0.061198
3 0.588379 0.653971 0.015625 0.060547
14 0.377441 0.840169 0.092773 0.142578
9 0.360840 0.621419 0.013672 0.018880
9 0.360596 0.649414 0.014160 0.017578
9 0.446045 0.629557 0.015137 0.018229
9 0.445068 0.657227 0.013184 0.017578
9 0.586914 0.645182 0.012695 0.014323
9 0.587158 0.672852 0.012207 0.016276
9 0.551758 0.668294 0.009766 0.016276
9 0.552734 0.641602 0.011719 0.016276
12 0.759033 0.224609 0.016113 0.050781
12 0.729492 0.215169 0.016602 0.051432
12 0.682861 0.198568 0.013184 0.052083
12 0.571045 0.161458 0.020020 0.050781
12 0.525635 0.145182 0.017090 0.058594
12 0.487061 0.125000 0.017090 0.061198
10 0.296631 0.122396 0.020020 0.023438
11 0.421631 0.786133 0.006348 0.042318
11 0.429932 0.785807 0.006348 0.040365
11 0.447510 0.786133 0.006348 0.042318
11 0.456299 0.787435 0.006348 0.042318
12 0.418945 0.726888 0.006836 0.020182
15 0.431885 0.690755 0.020996 0.039062
12 0.987305 0.302083 0.017578 0.039062
9 0.215576 0.433919 0.023926 0.029297
9 0.169678 0.527018 0.025879 0.031901
9 0.059082 0.416016 0.027344 0.033854
5 0.751221 0.435547 0.089355 0.057292
5 0.904541 0.465820 0.077637 0.060547
9 0.889648 0.479492 0.014648 0.016276
9 0.925537 0.487305 0.013184 0.014974
9 0.906494 0.482422 0.016113 0.013021
15 0.858154 0.739258 0.011230 0.021484
15 0.869385 0.739258 0.011230 0.021484
15 0.880371 0.737630 0.015625 0.018229
9 0.693604 0.598958 0.020020 0.026042
