15 0.843750 0.184570 0.111328 0.184245
15 0.619873 0.298828 0.092285 0.128906
15 0.442139 0.410807 0.094238 0.095052
15 0.357666 0.446615 0.082520 0.075521
15 0.268311 0.500000 0.073730 0.067708
15 0.229736 0.512044 0.067871 0.050130
15 0.179443 0.543945 0.064941 0.056641
15 0.152344 0.553385 0.048828 0.044271
10 0.740479 0.304688 0.049316 0.052083
10 0.406494 0.456380 0.028809 0.033854
12 0.317383 0.572266 0.016602 0.057292
12 0.297852 0.577148 0.011719 0.052734
8 0.661133 0.137044 0.019531 0.022786
8 0.661377 0.187174 0.016113 0.016276
8 0.691650 0.166667 0.015137 0.015625
8 0.690186 0.152995 0.014160 0.016927
8 0.727539 0.138021 0.016602 0.018229
