8 0.038574 0.302734 0.024414 0.024740
8 0.071533 0.294596 0.024902 0.025391
8 0.105713 0.287435 0.025879 0.025391
8 0.171143 0.270508 0.026855 0.027995
8 0.209717 0.262370 0.026855 0.031250
8 0.251709 0.256510 0.027832 0.024740
8 0.520264 0.184245 0.021973 0.033854
8 0.575439 0.165039 0.022949 0.037109
8 0.640625 0.153971 0.019531 0.035807
8 0.752197 0.125977 0.022949 0.035807
8 0.822998 0.108073 0.020996 0.035156
8 0.901367 0.084635 0.027344 0.044271
9 0.783203 0.477865 0.028320 0.032552
9 0.864014 0.468750 0.026855 0.032552
9 0.951416 0.458333 0.028809 0.036458
9 0.654297 0.492188 0.024414 0.032552
9 0.585938 0.496094 0.025391 0.028646
9 0.523926 0.504232 0.021484 0.026693
9 0.402100 0.476562 0.015137 0.020833
9 0.572266 0.460612 0.014648 0.020182
9 0.555664 0.438477 0.016602 0.024089
9 0.538574 0.412435 0.018555 0.021484
9 0.509277 0.415365 0.015625 0.019531
10 0.378418 0.282878 0.029297 0.031901
10 0.167236 0.329753 0.030762 0.034505
10 0.212402 0.358073 0.022461 0.028646
10 0.252686 0.388997 0.019043 0.022786
10 0.092529 0.418294 0.018066 0.025391
10 0.050781 0.394531 0.021484 0.026042
10 0.060791 0.487630 0.016113 0.018229
10 0.095459 0.503906 0.016113 0.018229
10 0.183105 0.472005 0.016602 0.022135
10 0.213867 0.489583 0.016602 0.019531
10 0.240723 0.507487 0.015625 0.018880
10 0.658447 0.213867 0.027832 0.035807
10 0.671143 0.268229 0.020020 0.028646
10 0.687988 0.315104 0.020508 0.028646
10 0.351807 0.547201 0.039551 0.067057
10 0.851074 0.517578 0.050781 0.065104
13 0.038818 0.716797 0.076660 0.084635
13 0.181885 0.722331 0.088379 0.093099
13 0.359863 0.720703 0.097656 0.106771
13 0.580322 0.720378 0.102051 0.112630
13 0.866699 0.732096 0.138672 0.129557
6 0.651611 0.748047 0.021973 0.072917
3 0.618896 0.550130 0.025879 0.096354
3 0.552246 0.554688 0.025391 0.088542
3 0.493652 0.558268 0.022461 0.082682
3 0.159180 0.585938 0.027344 0.069010
3 0.203125 0.586263 0.024414 0.069661
15 0.444580 0.534180 0.063965 0.126953
15 0.285400 0.539388 0.063965 0.107422
15 0.973633 0.464518 0.052734 0.164714
3 0.629639 0.646159 0.017090 0.070964
3 0.672607 0.647786 0.020020 0.069010
7 0.801270 0.644531 0.018555 0.066406
7 0.853027 0.644531 0.019531 0.067708
7 0.906982 0.644531 0.023926 0.074219
6 0.677734 0.748698 0.019531 0.076823
14 0.865723 0.841471 0.089844 0.104818
14 0.293701 0.810547 0.058105 0.118490
10 0.501953 0.695638 0.008789 0.011068
15 0.510986 0.692383 0.018066 0.029297
12 0.488037 0.722656 0.008301 0.026042
12 0.536621 0.169922 0.020508 0.049479
12 0.589600 0.153971 0.017090 0.054036
12 0.625977 0.144531 0.015625 0.053385
12 0.767334 0.112630 0.017090 0.063802
12 0.834961 0.092773 0.017578 0.057943
12 0.882324 0.077474 0.020508 0.065104
9 0.802246 0.632487 0.013672 0.017578
9 0.802490 0.662435 0.014160 0.017578
9 0.851807 0.629557 0.013184 0.018229
9 0.853027 0.660482 0.016602 0.018880
9 0.903564 0.630208 0.015137 0.019531
9 0.906250 0.660482 0.015625 0.018880
12 0.259521 0.242839 0.012207 0.046875
12 0.231934 0.253581 0.013672 0.048828
12 0.191895 0.262370 0.015625 0.041667
12 0.081787 0.285482 0.012207 0.035807
12 0.060059 0.291016 0.012695 0.039062
12 0.111816 0.280924 0.010742 0.034505
15 0.727539 0.491211 0.067383 0.147786
11 0.514404 0.777995 0.004395 0.040365
11 0.521240 0.779948 0.005371 0.040365
11 0.527832 0.780599 0.004883 0.040365
2 0.865234 0.480794 0.034180 0.098307
2 0.781738 0.490234 0.032227 0.093750
2 0.517578 0.511719 0.030273 0.078125
2 0.581299 0.507487 0.025879 0.080078
2 0.651123 0.501953 0.030762 0.087240
2 0.223633 0.539714 0.040039 0.066406
9 0.233887 0.532878 0.019531 0.021484
2 0.179688 0.543945 0.042969 0.069661
9 0.190674 0.534505 0.019043 0.020833
9 0.380127 0.458984 0.012207 0.015625
9 0.334473 0.441081 0.013672 0.016276
9 0.622314 0.577474 0.018066 0.027344
9 0.555908 0.581055 0.018066 0.024089
9 0.493896 0.584310 0.019043 0.025391
10 0.315674 0.617188 0.009277 0.010417
10 0.368164 0.614583 0.009766 0.011719
10 0.400635 0.612630 0.009277 0.010417
3 0.387939 0.651367 0.016113 0.052734
3 0.355469 0.652669 0.020508 0.054036
1 0.303467 0.653971 0.018066 0.050130
9 0.301514 0.667969 0.012207 0.014323
9 0.304443 0.645833 0.012207 0.015625
9 0.357422 0.643229 0.013672 0.016927
9 0.356689 0.666016 0.012207 0.014323
9 0.390381 0.641276 0.010254 0.014323
9 0.390137 0.666341 0.009766 0.013672
1 0.241211 0.652344 0.011719 0.045573
9 0.240967 0.667643 0.009277 0.014974
9 0.242920 0.645182 0.009277 0.014323
10 0.535400 0.695964 0.009277 0.011719
10 0.568848 0.695964 0.008789 0.011719
10 0.677490 0.600911 0.012207 0.016927
10 0.635742 0.603190 0.012695 0.014974
10 0.801025 0.597982 0.014160 0.013672
10 0.849121 0.595378 0.012695 0.013672
10 0.899658 0.592448 0.016113 0.015625
9 0.163330 0.604167 0.016113 0.023438
9 0.207031 0.601888 0.015625 0.022786
2 0.066162 0.553385 0.046387 0.062500
3 0.052246 0.598633 0.028320 0.061849
9 0.054443 0.609049 0.017090 0.020182
9 0.081543 0.544922 0.017578 0.020833
2 0.142334 0.546224 0.037598 0.065104
9 0.150391 0.539714 0.018555 0.020833
3 0.122314 0.589844 0.021973 0.067708
3 0.124512 0.606771 0.015625 0.020833
10 0.971924 0.399089 0.014160 0.020833
