8 0.051025 0.012044 0.039551 0.022786
8 0.129395 0.083984 0.045898 0.052083
8 0.234131 0.212891 0.027832 0.031250
8 0.281982 0.266602 0.027832 0.030599
8 0.386963 0.387044 0.021973 0.025391
8 0.417725 0.423503 0.019043 0.021484
10 0.508545 0.768229 0.011230 0.014323
10 0.501953 0.486979 0.023438 0.024740
10 0.380859 0.514323 0.030273 0.028646
10 0.247070 0.556641 0.025391 0.029948
9 0.249512 0.625000 0.025391 0.032552
9 0.189453 0.589193 0.028320 0.029948
9 0.299072 0.656576 0.024902 0.029297
9 0.374023 0.700195 0.018555 0.026693
10 0.329102 0.277995 0.029297 0.045573
10 0.053711 0.510091 0.031250 0.039714
13 0.157715 0.896810 0.133789 0.158203
13 0.342773 0.936849 0.048828 0.100260
13 0.495361 0.953451 0.048340 0.093099
13 0.575439 0.962565 0.031738 0.074870
3 0.147461 0.658529 0.047852 0.107422
3 0.214355 0.688477 0.042969 0.098307
3 0.275146 0.721029 0.034668 0.099609
15 0.416748 0.479492 0.176270 0.160807
15 0.767822 0.826172 0.048340 0.085938
15 0.846924 0.912435 0.033691 0.057943
12 0.627197 0.426758 0.091309 0.277995
2 0.201660 0.601888 0.062500 0.093099
2 0.262451 0.640951 0.052246 0.098307
3 0.083984 0.815104 0.034180 0.080729
3 0.128906 0.824870 0.033203 0.075521
10 0.117188 0.767904 0.017578 0.021484
10 0.076904 0.752279 0.018066 0.026693
1 0.488770 0.803060 0.025391 0.090495
1 0.512451 0.812826 0.019043 0.080078
9 0.483887 0.781576 0.018555 0.024089
9 0.484375 0.814779 0.018555 0.021484
9 0.507080 0.793945 0.018066 0.022786
9 0.506836 0.827148 0.017578 0.022786
6 0.317139 0.970703 0.017090 0.058594
6 0.301758 0.969076 0.017578 0.061849
9 0.126465 0.809245 0.016602 0.020833
9 0.121582 0.840820 0.016602 0.018880
9 0.083740 0.798177 0.016113 0.020833
9 0.076660 0.832682 0.016602 0.024740
12 0.227295 0.198568 0.024902 0.061198
12 0.263916 0.236979 0.022949 0.048177
12 0.301270 0.276693 0.024414 0.035156
12 0.381836 0.371094 0.018555 0.041667
12 0.413086 0.407227 0.018555 0.038411
12 0.429688 0.427083 0.016602 0.031250
8 0.612549 0.642253 0.012207 0.016276
8 0.634033 0.669271 0.014160 0.013021
8 0.622070 0.656576 0.013672 0.013672
12 0.603760 0.633789 0.010254 0.018880
9 0.352051 0.774089 0.024414 0.027344
9 0.272705 0.739258 0.024902 0.031901
9 0.213867 0.710612 0.027344 0.030599
9 0.142578 0.680990 0.028320 0.033854
9 0.366943 0.628581 0.014160 0.017578
3 0.353271 0.756836 0.034668 0.091797
2 0.313965 0.671875 0.055664 0.088542
6 0.070801 0.948242 0.028320 0.102214
6 0.042725 0.948893 0.027832 0.102214
