16 0.891602 0.555990 0.056641 0.095052
16 0.987305 0.548828 0.025391 0.097656
15 0.058105 0.901042 0.082031 0.119792
15 0.118408 0.934570 0.072754 0.081380
8 0.614502 0.250326 0.028809 0.030599
8 0.607666 0.319661 0.025879 0.029948
8 0.603760 0.520833 0.020020 0.024740
8 0.602783 0.566406 0.018066 0.019531
10 0.496338 0.615885 0.026855 0.027344
10 0.565918 0.616536 0.023438 0.024740
10 0.427490 0.619792 0.023926 0.028646
10 0.458008 0.761393 0.018555 0.026693
10 0.513916 0.763346 0.022949 0.025391
10 0.569336 0.763346 0.019531 0.021484
10 0.988281 0.979167 0.017578 0.026042
10 0.970215 0.991536 0.013672 0.016927
9 0.639648 0.604167 0.022461 0.036458
9 0.643799 0.676432 0.022949 0.037760
9 0.644531 0.750000 0.027344 0.036458
10 0.481201 0.859701 0.015137 0.017578
10 0.526123 0.859375 0.014160 0.015625
10 0.573486 0.860352 0.013184 0.014974
10 0.574219 0.927734 0.011719 0.014323
10 0.534668 0.928060 0.012695 0.014974
10 0.495117 0.928060 0.013672 0.014974
10 0.540771 0.977865 0.010254 0.013021
10 0.575928 0.978516 0.009277 0.011719
10 0.505615 0.977214 0.011230 0.013021
10 0.834229 0.766927 0.018066 0.020833
9 0.754150 0.707031 0.024902 0.036458
