2 0.443115 0.387370 0.032715 0.110677
10 0.395264 0.432617 0.040527 0.073568
10 0.519043 0.436523 0.051758 0.077474
2 0.541260 0.391602 0.033691 0.112630
10 0.640381 0.452474 0.045410 0.059896
9 0.636230 0.383464 0.030273 0.040365
10 0.859863 0.363932 0.027344 0.036458
3 0.817383 0.394531 0.046875 0.114583
3 0.921631 0.394857 0.055176 0.098307
10 0.735840 0.046549 0.032227 0.039714
10 0.711426 0.140625 0.029297 0.042969
10 0.310303 0.029948 0.033691 0.040365
10 0.332520 0.125651 0.029297 0.042969
10 0.383057 0.299479 0.022949 0.031250
13 0.511230 0.696289 0.143555 0.179036
13 0.903076 0.719401 0.168457 0.178385
3 0.776611 0.463542 0.038574 0.126302
3 0.878906 0.464844 0.038086 0.141927
3 0.980957 0.464518 0.038086 0.138672
10 0.854736 0.599935 0.019043 0.018880
10 0.905518 0.602214 0.017090 0.019531
10 0.959229 0.604167 0.019043 0.020833
12 0.510254 0.604818 0.051758 0.135417
12 0.617188 0.601237 0.042969 0.147786
12 0.413574 0.591471 0.045898 0.133464
11 0.510010 0.592122 0.056152 0.345703
11 0.671631 0.597005 0.048340 0.341146
11 0.354492 0.583333 0.066406 0.356771
14 0.907959 0.904297 0.124512 0.171875
15 0.989258 0.734701 0.021484 0.041016
12 0.986816 0.773112 0.008789 0.037109
11 0.985840 0.849284 0.009766 0.055339
11 0.995361 0.851237 0.008301 0.055339
11 0.969727 0.849935 0.005859 0.059245
11 0.975586 0.852539 0.007812 0.050130
1 0.870361 0.655273 0.022949 0.081380
1 0.924805 0.655599 0.021484 0.074219
1 0.982666 0.662109 0.023926 0.082031
9 0.979736 0.646159 0.018066 0.021484
9 0.983154 0.681641 0.019043 0.023438
9 0.926270 0.677409 0.016602 0.024089
9 0.923584 0.643229 0.018066 0.019531
9 0.867920 0.639323 0.018066 0.022135
9 0.871338 0.673503 0.016113 0.025391
9 0.775146 0.496745 0.028809 0.039062
9 0.877441 0.502930 0.029297 0.039714
9 0.981934 0.504232 0.031250 0.046224
9 0.911621 0.386068 0.031250 0.037760
9 0.809570 0.382812 0.030273 0.037760
9 0.539307 0.379883 0.027832 0.034505
9 0.440674 0.378906 0.026855 0.036458
