12 0.375000 0.471029 0.052734 0.180339
12 0.406250 0.518555 0.034180 0.123047
15 0.623047 0.335612 0.184570 0.139974
12 0.500488 0.819661 0.009766 0.026042
12 0.502441 0.758138 0.013672 0.029297
13 0.680176 0.847982 0.011719 0.039714
13 0.700195 0.844727 0.018555 0.050130
13 0.727783 0.839193 0.025879 0.053385
13 0.762207 0.831706 0.034180 0.061849
13 0.810791 0.817383 0.048340 0.070964
13 0.889404 0.795898 0.068848 0.087891
13 0.976074 0.766602 0.047852 0.117839
10 0.892822 0.039714 0.035645 0.041667
10 0.670166 0.543620 0.011230 0.011719
10 0.716064 0.543945 0.014160 0.014974
10 0.707275 0.456380 0.018066 0.018229
10 0.765869 0.457031 0.015137 0.015625
10 0.824219 0.457682 0.017578 0.018229
10 0.770752 0.312174 0.021973 0.020182
10 0.925293 0.315755 0.023438 0.023438
10 0.847412 0.315104 0.019043 0.023438
3 0.965576 0.584635 0.037598 0.074219
3 0.928955 0.608398 0.034668 0.063151
3 0.896973 0.630859 0.036133 0.062500
2 0.893555 0.573568 0.052734 0.057292
2 0.923340 0.548177 0.051758 0.059896
2 0.966309 0.523763 0.066406 0.082682
10 0.971924 0.458984 0.019043 0.019531
9 0.905029 0.645833 0.017090 0.023438
9 0.937012 0.625000 0.016602 0.024740
9 0.973877 0.603516 0.019043 0.027344
9 0.972168 0.581380 0.018555 0.019531
9 0.909912 0.555990 0.017090 0.019531
9 0.941895 0.527018 0.015625 0.018880
9 0.978760 0.497396 0.021973 0.029948
10 0.682861 0.601888 0.011230 0.014974
10 0.645508 0.600911 0.011719 0.014323
10 0.660156 0.641927 0.009766 0.013021
10 0.653809 0.699870 0.005859 0.007812
12 0.611328 0.846029 0.008789 0.029297
10 0.585938 0.830404 0.006836 0.011068
9 0.978760 0.551758 0.020020 0.022786
9 0.909668 0.600586 0.015625 0.021484
9 0.941162 0.576823 0.018066 0.026042
9 0.862305 0.595052 0.016602 0.019531
9 0.864746 0.635417 0.014648 0.019531
2 0.853027 0.616536 0.051758 0.063802
