11 0.279297 0.827474 0.038086 0.248698
11 0.321289 0.839518 0.033203 0.240234
11 0.608887 0.834961 0.040039 0.255859
11 0.672607 0.875977 0.036621 0.193359
11 0.528809 0.875651 0.021484 0.221354
11 0.492676 0.866211 0.021484 0.227214
11 0.455566 0.865560 0.025391 0.233724
11 0.362793 0.846029 0.030273 0.237630
10 0.251221 0.623047 0.050293 0.063802
10 0.341797 0.664714 0.040039 0.045573
10 0.499756 0.703125 0.031738 0.048177
10 0.639893 0.736003 0.031738 0.042318
12 0.302979 0.405273 0.061035 0.141276
15 0.390381 0.343750 0.072754 0.207031
15 0.554932 0.411784 0.083496 0.202474
15 0.692383 0.452799 0.094727 0.160807
12 0.676270 0.536133 0.051758 0.116536
12 0.825928 0.584635 0.053223 0.117188
10 0.810791 0.766602 0.040527 0.054036
15 0.936523 0.573242 0.118164 0.146484
10 0.933350 0.797201 0.038574 0.044922
11 0.637695 0.870443 0.033203 0.192708
10 0.444336 0.279622 0.050781 0.056641
10 0.621338 0.356771 0.043457 0.052083
10 0.770752 0.423503 0.041504 0.048828
10 0.983887 0.804036 0.029297 0.040365
