13 0.879395 0.794271 0.032227 0.076823
13 0.922852 0.773763 0.043945 0.091797
13 0.979248 0.745443 0.041504 0.115885
13 0.851807 0.805339 0.020020 0.062500
15 0.375977 0.511393 0.099609 0.120443
15 0.444336 0.579427 0.067383 0.079427
15 0.498047 0.643880 0.043945 0.085938
15 0.156494 0.267578 0.182129 0.177083
10 0.737793 0.134440 0.030273 0.033203
10 0.838379 0.113607 0.032227 0.033203
8 0.908203 0.063802 0.028320 0.029948
10 0.726807 0.354492 0.021973 0.018880
10 0.718506 0.544596 0.013184 0.013672
10 0.720459 0.472331 0.018066 0.017578
10 0.776855 0.463542 0.015625 0.014323
10 0.809814 0.534505 0.012207 0.014323
10 0.793213 0.590495 0.009277 0.014323
10 0.753906 0.594076 0.008789 0.012370
10 0.716309 0.597005 0.011719 0.013021
8 0.808838 0.452474 0.015137 0.015625
8 0.812988 0.434570 0.013672 0.016276
8 0.818115 0.413737 0.013184 0.016276
1 0.941895 0.537760 0.038086 0.084635
10 0.872803 0.329427 0.020996 0.022135
12 0.926270 0.025065 0.033203 0.048828
12 0.854736 0.301758 0.015137 0.038411
12 0.848633 0.322266 0.014648 0.033854
10 0.713867 0.635417 0.012695 0.011719
15 0.531738 0.671875 0.051758 0.075521
15 0.584473 0.745117 0.027344 0.052734
11 0.695801 0.836263 0.007812 0.064453
12 0.740234 0.818685 0.010742 0.039714
10 0.714844 0.796875 0.008789 0.011719
10 0.707520 0.799479 0.008789 0.010417
12 0.827393 0.400391 0.012207 0.029948
9 0.947998 0.564128 0.022949 0.025391
9 0.944092 0.519531 0.024902 0.026042
10 0.713135 0.664062 0.009277 0.011719
10 0.743408 0.661784 0.010254 0.012370
10 0.746826 0.633138 0.009277 0.012370
10 0.780762 0.629557 0.009766 0.011719
10 0.947510 0.087240 0.031738 0.036458
9 0.987793 0.545573 0.024414 0.035156
