14 0.134277 0.762044 0.267578 0.473307
7 0.361328 0.262044 0.065430 0.242839
7 0.174316 0.179362 0.088867 0.266276
10 0.025635 0.065104 0.050293 0.067708
10 0.349609 0.187174 0.041992 0.050130
10 0.203613 0.130534 0.039062 0.060547
10 0.584229 0.284831 0.041504 0.042318
10 0.700195 0.324870 0.036133 0.048177
10 0.800049 0.364909 0.036621 0.046224
0 0.902344 0.452474 0.131836 0.148438
0 0.784912 0.402018 0.108887 0.185547
0 0.649658 0.352865 0.094238 0.195312
9 0.626953 0.333333 0.041992 0.062500
9 0.628662 0.410807 0.043457 0.061198
9 0.750244 0.379557 0.042480 0.055990
9 0.762695 0.451823 0.041016 0.054688
9 0.860840 0.418620 0.041992 0.052083
9 0.880615 0.490560 0.043457 0.054036
9 0.359619 0.232747 0.044434 0.057943
9 0.354248 0.319661 0.054199 0.070312
9 0.163086 0.251302 0.068359 0.063802
9 0.178955 0.165690 0.061035 0.056641
15 0.535645 0.791667 0.037109 0.053385
10 0.379150 0.916667 0.017090 0.024740
10 0.517334 0.902018 0.017090 0.027995
10 0.535645 0.887695 0.020508 0.031901
