13 0.262207 0.736654 0.235352 0.233724
13 0.849609 0.748698 0.228516 0.212240
1 0.290527 0.294596 0.051758 0.208984
1 0.443359 0.317383 0.040039 0.207682
1 0.693604 0.334310 0.052246 0.176432
1 0.821533 0.355794 0.063965 0.175130
1 0.943848 0.362956 0.066406 0.168620
1 0.123047 0.270182 0.063477 0.203125
8 0.974121 0.017253 0.029297 0.033203
9 0.934814 0.340169 0.040527 0.048828
9 0.951416 0.411458 0.041504 0.048177
9 0.826172 0.402995 0.039062 0.049479
9 0.814941 0.327474 0.038086 0.045573
9 0.685791 0.314453 0.037598 0.049479
9 0.692383 0.388997 0.037109 0.050130
9 0.443604 0.285482 0.036621 0.047526
9 0.443848 0.367513 0.038086 0.057943
9 0.287842 0.351562 0.043457 0.054688
9 0.292480 0.268880 0.042969 0.055990
9 0.130127 0.250326 0.046387 0.055339
9 0.118164 0.332031 0.047852 0.052083
15 0.525391 0.841471 0.030273 0.090495
15 0.640137 0.836589 0.033203 0.092448
