11 0.051514 0.514323 0.059082 0.158854
11 0.196045 0.492188 0.056152 0.164062
11 0.253418 0.486654 0.053711 0.163411
11 0.315674 0.477539 0.054199 0.159505
11 0.835205 0.296224 0.061035 0.264323
11 0.912842 0.279297 0.068848 0.257812
14 0.105225 0.902018 0.209473 0.193359
6 0.348877 0.761068 0.029785 0.095052
6 0.386475 0.757487 0.030762 0.094401
6 0.426514 0.755208 0.028809 0.095052
6 0.849121 0.731120 0.039062 0.101562
6 0.944092 0.725260 0.043457 0.106771
13 0.640137 0.825521 0.061523 0.066406
13 0.810059 0.818034 0.072266 0.065755
5 0.530518 0.537435 0.053223 0.056641
1 0.222412 0.734049 0.016113 0.056641
10 0.079102 0.228841 0.043945 0.068359
10 0.307861 0.188802 0.026855 0.069010
10 0.773438 0.164714 0.041016 0.039062
10 0.789062 0.507487 0.013672 0.024089
10 0.135010 0.577799 0.016113 0.022786
9 0.586914 0.696615 0.011719 0.015625
9 0.588379 0.724284 0.011719 0.016276
9 0.631104 0.722331 0.012207 0.017578
9 0.629395 0.693359 0.012695 0.015625
9 0.673340 0.692057 0.012695 0.015625
9 0.674805 0.719401 0.012695 0.015625
9 0.797363 0.682943 0.012695 0.016927
9 0.800781 0.711914 0.012695 0.017578
9 0.529297 0.543294 0.012695 0.018880
9 0.550293 0.540365 0.012695 0.020833
8 0.514893 0.496745 0.009277 0.014323
8 0.350830 0.514974 0.011230 0.014323
8 0.136963 0.537760 0.012207 0.014323
8 0.763184 0.471354 0.011719 0.018229
8 0.915283 0.454753 0.013184 0.017578
15 0.357666 0.076823 0.088379 0.143229
15 0.168213 0.099284 0.084473 0.117839
15 0.541748 0.823568 0.010254 0.032552
15 0.794189 0.813151 0.012207 0.032552
