8 0.724121 0.089518 0.025391 0.034505
8 0.653076 0.099284 0.020020 0.035807
8 0.588379 0.109375 0.021484 0.031250
8 0.484863 0.121094 0.019531 0.031250
8 0.426758 0.130859 0.016602 0.027344
8 0.369141 0.138021 0.020508 0.032552
8 0.272705 0.146484 0.025879 0.036458
8 0.221436 0.149414 0.030762 0.041016
8 0.173584 0.159180 0.026855 0.035807
10 0.212891 0.220703 0.024414 0.026042
10 0.492188 0.187174 0.025391 0.030599
10 0.816162 0.147135 0.035645 0.036458
10 0.805664 0.210612 0.029297 0.035807
10 0.798584 0.261393 0.024902 0.033203
9 0.669922 0.435547 0.032227 0.049479
10 0.608887 0.474284 0.046875 0.082682
9 0.746582 0.434245 0.030273 0.042969
10 0.973877 0.386393 0.019043 0.025391
10 0.990967 0.358724 0.017090 0.036458
10 0.036133 0.284831 0.024414 0.029297
10 0.081787 0.317057 0.022949 0.031250
10 0.172119 0.389974 0.021973 0.024740
10 0.053955 0.420573 0.018066 0.022135
10 0.018311 0.400716 0.018066 0.024089
9 0.359131 0.447591 0.025879 0.042318
9 0.417236 0.450846 0.023926 0.030599
9 0.480713 0.442057 0.025879 0.041667
10 0.199707 0.457031 0.025391 0.029948
10 0.213623 0.437826 0.018066 0.024089
10 0.149414 0.482747 0.039062 0.078776
13 0.022705 0.656576 0.044434 0.093099
13 0.186523 0.666667 0.099609 0.105469
13 0.404785 0.667969 0.098633 0.104167
13 0.658447 0.678711 0.099121 0.115234
13 0.949707 0.692383 0.100586 0.132161
3 0.449707 0.504883 0.021484 0.086589
3 0.387939 0.509115 0.020996 0.085938
3 0.325439 0.507161 0.023926 0.079427
15 0.724854 0.460938 0.053223 0.130208
15 0.510742 0.467122 0.059570 0.117839
15 0.239990 0.476237 0.067871 0.120443
15 0.087158 0.470052 0.073730 0.110677
3 0.631836 0.601888 0.019531 0.072266
3 0.678955 0.603516 0.021973 0.072917
1 0.475830 0.596680 0.018066 0.056641
1 0.558105 0.598633 0.012695 0.056641
1 0.867188 0.479167 0.028320 0.111979
1 0.956787 0.474935 0.031738 0.116536
2 0.477783 0.458333 0.029785 0.084635
2 0.415771 0.462240 0.032715 0.083333
2 0.356201 0.462240 0.032715 0.089844
9 0.867920 0.460286 0.023926 0.032552
9 0.869141 0.504883 0.025391 0.034505
9 0.952148 0.459635 0.025391 0.036458
9 0.957031 0.506510 0.025391 0.032552
0 0.593750 0.680013 0.015625 0.054036
9 0.593506 0.663737 0.014160 0.017578
9 0.593262 0.694987 0.013672 0.017578
9 0.557861 0.588216 0.011230 0.014974
9 0.557373 0.616536 0.012207 0.016927
9 0.476074 0.587891 0.010742 0.015625
9 0.476074 0.614909 0.012695 0.018880
12 0.861816 0.693034 0.008789 0.031901
12 0.602539 0.093750 0.018555 0.062500
12 0.666748 0.085938 0.014160 0.059896
12 0.706787 0.077799 0.018066 0.060547
12 0.468994 0.113607 0.016113 0.055339
12 0.385010 0.127279 0.019043 0.050130
14 0.549316 0.792643 0.034180 0.099609
2 0.666504 0.453125 0.033203 0.095052
2 0.746826 0.452474 0.032715 0.092448
9 0.742188 0.342773 0.019531 0.022786
9 0.388184 0.533529 0.018555 0.024089
9 0.450928 0.531901 0.018066 0.024740
9 0.327637 0.532227 0.017578 0.022786
10 0.088135 0.443359 0.015137 0.015625
10 0.508545 0.240560 0.018066 0.026693
10 0.520752 0.287109 0.017090 0.023438
15 0.855469 0.659180 0.018555 0.035807
15 0.898926 0.660807 0.019531 0.036458
11 0.754639 0.746419 0.008301 0.054036
10 0.834229 0.727214 0.010254 0.015625
