14 0.355125 0.416500 0.135250 0.242333
14 0.334125 0.276333 0.072750 0.138000
15 0.225750 0.148333 0.022000 0.029333
12 0.076750 0.168167 0.014500 0.039000
12 0.059625 0.166500 0.017250 0.038333
12 0.048000 0.175000 0.014000 0.048000
12 0.006500 0.180500 0.012500 0.041000
9 0.115375 0.214333 0.011250 0.015333
9 0.139875 0.215167 0.009750 0.014333
9 0.164125 0.212500 0.011250 0.017000
9 0.204875 0.210333 0.010750 0.017333
1 0.116750 0.218333 0.016000 0.036000
1 0.140375 0.216667 0.012750 0.034667
1 0.165875 0.215333 0.015750 0.034000
1 0.205125 0.213333 0.015750 0.037333
10 0.081625 0.152833 0.009250 0.019667
10 0.006625 0.130667 0.012250 0.031333
6 0.405875 0.260667 0.022250 0.090667
10 0.402750 0.073500 0.013500 0.027000
10 0.425000 0.061333 0.016000 0.036000
10 0.435125 0.057500 0.016750 0.037000
2 0.369875 0.131333 0.040750 0.064000
13 0.849375 0.304500 0.082750 0.108333
13 0.741625 0.266500 0.063750 0.082333
13 0.668250 0.241167 0.047000 0.071000
13 0.614625 0.221667 0.037750 0.057333
13 0.572500 0.206500 0.033500 0.050333
13 0.541875 0.195833 0.027250 0.045000
13 0.516500 0.188833 0.023000 0.039667
9 0.539625 0.008833 0.010750 0.016333
9 0.564125 0.013833 0.009750 0.020333
9 0.612750 0.010667 0.013500 0.020667
9 0.984750 0.132167 0.030500 0.039000
9 0.977750 0.182833 0.033000 0.035667
9 0.887125 0.174667 0.026750 0.029333
9 0.892375 0.132500 0.025750 0.031000
9 0.814000 0.128833 0.020000 0.027667
9 0.850125 0.129667 0.024750 0.029333
9 0.844875 0.169833 0.023750 0.028333
9 0.810375 0.168167 0.023750 0.029667
9 0.756875 0.160833 0.021250 0.022333
9 0.759375 0.127333 0.021250 0.027333
9 0.732125 0.161667 0.020750 0.024667
9 0.734500 0.128667 0.022000 0.024667
9 0.707250 0.157000 0.019000 0.022667
9 0.710625 0.127500 0.021250 0.025667
9 0.672625 0.153833 0.018250 0.022333
9 0.673500 0.125833 0.017500 0.019667
9 0.656500 0.126333 0.015500 0.016667
9 0.655875 0.150500 0.013750 0.018333
9 0.639875 0.122500 0.015250 0.017667
9 0.640375 0.150667 0.016250 0.020000
15 0.657375 0.174833 0.013750 0.023000
15 0.678625 0.176833 0.015750 0.024333
15 0.690500 0.178167 0.013500 0.025667
15 0.724750 0.184000 0.013500 0.027333
15 0.743000 0.187000 0.022500 0.027333
15 0.778500 0.190833 0.020000 0.029667
1 0.508625 0.126500 0.009750 0.035667
1 0.516000 0.125667 0.009500 0.038000
1 0.525000 0.125667 0.010500 0.044000
1 0.531750 0.128333 0.009000 0.042000
1 0.540500 0.129333 0.010500 0.040000
1 0.552875 0.126833 0.011250 0.046333
1 0.561750 0.128333 0.011500 0.050000
1 0.571375 0.130333 0.012250 0.047333
1 0.588125 0.128667 0.014750 0.050667
1 0.600375 0.129500 0.014250 0.055000
1 0.612500 0.132333 0.012000 0.057333
1 0.638250 0.134667 0.018500 0.059333
1 0.654375 0.135167 0.016750 0.057000
1 0.670125 0.135667 0.018250 0.059333
1 0.707500 0.138000 0.023500 0.068000
1 0.729500 0.137667 0.022500 0.075333
1 0.756000 0.135667 0.024000 0.079333
1 0.809750 0.145167 0.027500 0.090333
1 0.844750 0.150000 0.032000 0.098667
1 0.885750 0.153500 0.037500 0.106333
1 0.977875 0.156167 0.044250 0.107667
11 0.009875 0.252667 0.007250 0.026000
11 0.014000 0.249500 0.006500 0.021667
11 0.017875 0.248333 0.008250 0.025333
