8 0.869375 0.203167 0.019250 0.023667
8 0.755750 0.256333 0.012500 0.021333
13 0.836875 0.692833 0.078250 0.086333
13 0.723875 0.649833 0.062750 0.083667
13 0.648750 0.620667 0.046000 0.070667
13 0.594500 0.602833 0.034000 0.059667
13 0.554500 0.589833 0.031000 0.051667
13 0.522875 0.577167 0.027750 0.046333
13 0.497375 0.568667 0.023750 0.039333
14 0.317500 0.651667 0.061000 0.126000
14 0.334875 0.796833 0.127250 0.269000
1 0.197000 0.589500 0.011500 0.037000
1 0.156750 0.589833 0.011500 0.037000
1 0.133250 0.590167 0.010500 0.034333
1 0.109500 0.591167 0.010500 0.034333
15 0.224125 0.527333 0.019250 0.030000
1 0.808500 0.537167 0.025000 0.091667
1 0.847500 0.541167 0.025000 0.091667
1 0.932750 0.549000 0.030000 0.105333
1 0.773500 0.536833 0.026500 0.089000
1 0.723875 0.530000 0.030750 0.086000
1 0.700875 0.530667 0.024750 0.084000
1 0.681375 0.524833 0.022250 0.070333
1 0.626875 0.520000 0.019750 0.053333
1 0.613000 0.520000 0.017000 0.048667
