8 0.089375 0.664000 0.013750 0.014000
8 0.048500 0.658000 0.012500 0.016667
12 0.099625 0.635667 0.010750 0.015333
12 0.070375 0.633167 0.012750 0.019000
12 0.128375 0.642500 0.012750 0.019000
8 0.125875 0.666000 0.013750 0.014000
8 0.186125 0.675333 0.013750 0.014000
8 0.218125 0.676667 0.013750 0.014000
8 0.250125 0.683333 0.013750 0.014000
10 0.227250 0.678333 0.009500 0.016000
10 0.093250 0.816333 0.017000 0.022000
10 0.148500 0.816333 0.017000 0.022000
10 0.198500 0.819000 0.017000 0.022000
1 0.361000 0.887833 0.015500 0.041000
1 0.332750 0.884167 0.015500 0.041000
1 0.302750 0.883167 0.015500 0.041000
1 0.249500 0.883500 0.015500 0.041000
1 0.215000 0.887500 0.015500 0.041000
9 0.214750 0.874167 0.010000 0.013667
9 0.249250 0.872833 0.010000 0.013667
9 0.212500 0.897500 0.010000 0.013667
9 0.247250 0.895500 0.010000 0.013667
9 0.302500 0.874167 0.010000 0.013667
9 0.302000 0.896500 0.010000 0.013667
9 0.331000 0.895167 0.010000 0.013667
9 0.331500 0.876500 0.010000 0.013667
9 0.360000 0.875167 0.010000 0.013667
9 0.361000 0.896167 0.010000 0.013667
10 0.322375 0.780500 0.010250 0.015000
10 0.306625 0.783833 0.010250 0.015000
10 0.292875 0.784833 0.010250 0.015000
10 0.186875 0.769500 0.010250 0.015000
10 0.174125 0.773500 0.010250 0.015000
10 0.164875 0.776500 0.010250 0.015000
10 0.027125 0.758167 0.010250 0.015000
13 0.319750 0.970333 0.050500 0.059333
12 0.280500 0.964500 0.010500 0.023667
12 0.109250 0.945500 0.010500 0.023667
15 0.157125 0.940167 0.016250 0.027667
15 0.119375 0.945833 0.016250 0.027667
13 0.193750 0.971667 0.058000 0.056667
11 0.241750 0.980333 0.006500 0.039333
