12 0.848250 0.826833 0.021000 0.044333
12 0.822500 0.829167 0.021000 0.044333
12 0.792000 0.829167 0.021000 0.044333
12 0.723750 0.833167 0.021000 0.044333
12 0.703000 0.832833 0.021000 0.044333
12 0.686750 0.833833 0.021000 0.044333
12 0.590500 0.841667 0.012500 0.023333
12 0.578500 0.842667 0.012500 0.023333
12 0.571000 0.842333 0.012500 0.023333
12 0.547750 0.843000 0.012500 0.023333
12 0.539250 0.844000 0.012500 0.023333
12 0.532250 0.842333 0.012500 0.023333
8 0.830500 0.866333 0.019500 0.018000
8 0.800750 0.864333 0.019500 0.018000
8 0.717250 0.865000 0.019500 0.018000
8 0.693500 0.863333 0.019500 0.018000
