14 0.379375 0.308500 0.139250 0.237667
13 0.859750 0.219167 0.087000 0.111667
13 0.764875 0.190667 0.072250 0.094667
13 0.688750 0.162000 0.063000 0.076667
1 0.881125 0.054000 0.025750 0.101333
1 0.844125 0.053667 0.025750 0.101333
1 0.809625 0.061333 0.025750 0.101333
1 0.769250 0.062667 0.022500 0.081333
1 0.746250 0.063000 0.022000 0.070667
1 0.731000 0.070000 0.022000 0.070667
1 0.698500 0.072333 0.022000 0.070667
1 0.678750 0.072667 0.018500 0.061333
1 0.648250 0.079333 0.018500 0.061333
1 0.625875 0.079000 0.016250 0.056667
1 0.608750 0.077333 0.016500 0.049333
13 0.651875 0.165167 0.036250 0.058333
13 0.613875 0.159167 0.036250 0.058333
