16 0.724875 0.705833 0.077250 0.115000
16 0.800000 0.725500 0.066000 0.109000
16 0.851625 0.729500 0.067250 0.107667
12 0.913250 0.976667 0.023000 0.046667
12 0.866000 0.923833 0.017000 0.052333
12 0.800750 0.917833 0.015500 0.045667
12 0.867000 0.976667 0.022500 0.046667
15 0.291125 0.886333 0.014250 0.022667
15 0.304250 0.886833 0.015000 0.025667
15 0.363375 0.888333 0.018750 0.026000
15 0.382875 0.890833 0.018250 0.028333
15 0.433125 0.891500 0.021250 0.034333
15 0.544750 0.896833 0.023500 0.041000
15 0.578250 0.902167 0.023000 0.040333
15 0.639375 0.902833 0.025250 0.047000
15 0.776375 0.915000 0.035750 0.052667
15 0.832250 0.921667 0.035000 0.051333
16 0.113875 0.827667 0.013750 0.026667
16 0.091125 0.826500 0.011250 0.024333
9 0.689500 0.814167 0.023000 0.031000
9 0.598500 0.817667 0.023500 0.030000
9 0.595875 0.774833 0.022250 0.027667
9 0.555125 0.821667 0.020750 0.026667
9 0.554625 0.779333 0.022250 0.030000
9 0.517500 0.822333 0.022500 0.027333
9 0.516250 0.784667 0.021000 0.027333
9 0.460375 0.826000 0.016750 0.022000
9 0.462750 0.791333 0.018500 0.026000
9 0.432125 0.826500 0.016750 0.021667
9 0.433250 0.793833 0.018500 0.024333
9 0.406750 0.829333 0.017500 0.022667
9 0.409500 0.797667 0.018500 0.024000
9 0.367250 0.830833 0.017000 0.019000
9 0.370625 0.801833 0.016750 0.020333
9 0.347625 0.833500 0.015750 0.018333
9 0.349375 0.804333 0.015250 0.018667
9 0.328875 0.834167 0.013250 0.019667
9 0.330125 0.806667 0.015250 0.022000
9 0.301250 0.811833 0.014000 0.017667
9 0.300750 0.835667 0.015500 0.018000
9 0.285750 0.836500 0.015000 0.017000
9 0.287500 0.813167 0.014000 0.019000
9 0.273000 0.838500 0.012500 0.018333
9 0.273875 0.813500 0.012750 0.017667
9 0.253875 0.816167 0.012750 0.017000
9 0.251375 0.839667 0.014250 0.017333
1 0.210125 0.831500 0.017750 0.047667
1 0.227000 0.830000 0.014500 0.048000
1 0.236875 0.829500 0.013250 0.054333
1 0.248000 0.827333 0.016000 0.055333
1 0.192250 0.833000 0.014500 0.046000
1 0.179625 0.833500 0.015750 0.043000
1 0.270625 0.829167 0.017250 0.057000
1 0.284250 0.823833 0.017000 0.059667
1 0.299625 0.821833 0.018750 0.059000
1 0.328250 0.818667 0.021000 0.064667
1 0.345125 0.817167 0.020750 0.067667
1 0.366250 0.816500 0.022500 0.069000
1 0.405625 0.812333 0.026250 0.072667
1 0.428875 0.810500 0.022250 0.077667
1 0.456125 0.807667 0.023750 0.082667
1 0.513625 0.803000 0.025250 0.086000
1 0.552500 0.800333 0.026500 0.098000
1 0.594625 0.794833 0.030750 0.099667
9 0.827000 0.808833 0.031500 0.040333
10 0.486250 0.550500 0.023000 0.043667
10 0.544000 0.566167 0.021000 0.041000
10 0.595500 0.582833 0.022000 0.042333
10 0.356500 0.616833 0.018500 0.035000
10 0.407500 0.627833 0.016500 0.033667
10 0.455500 0.635833 0.016500 0.033667
10 0.278000 0.661167 0.014000 0.028333
10 0.322000 0.668000 0.014500 0.028667
8 0.557250 0.479667 0.016500 0.016667
8 0.592250 0.459500 0.019500 0.019000
8 0.626250 0.438333 0.016500 0.018000
10 0.702125 0.434000 0.033750 0.062000
10 0.983000 0.937500 0.022000 0.043000
10 0.883125 0.927500 0.023750 0.039667
13 0.151250 0.900833 0.025000 0.041667
13 0.177500 0.904333 0.027500 0.044667
13 0.208750 0.912833 0.031500 0.049667
13 0.246250 0.918833 0.037500 0.057000
13 0.295750 0.926667 0.043500 0.065333
13 0.359750 0.936333 0.055000 0.071333
13 0.448625 0.953667 0.072750 0.092667
13 0.576875 0.959167 0.089250 0.081667
13 0.782875 0.969167 0.124250 0.061667
9 0.074875 0.802833 0.024750 0.030333
9 0.080500 0.756833 0.024500 0.030333
1 0.081750 0.781167 0.044500 0.105000
10 0.594375 0.665667 0.015250 0.032000
