14 0.910125 0.929833 0.176750 0.140333
15 0.158375 0.944167 0.016250 0.027667
12 0.109375 0.945167 0.010750 0.029667
12 0.279750 0.963167 0.012000 0.034333
13 0.319375 0.970000 0.049750 0.060000
13 0.202625 0.975000 0.036250 0.050000
10 0.093500 0.810667 0.017500 0.036667
10 0.147250 0.813167 0.016000 0.030333
10 0.197750 0.816333 0.015500 0.029333
16 0.433000 0.875000 0.016500 0.030667
16 0.416625 0.875667 0.014750 0.031333
16 0.401000 0.873500 0.016500 0.027667
9 0.214125 0.874000 0.011250 0.016000
9 0.212500 0.897000 0.012000 0.016000
9 0.301500 0.873333 0.010500 0.012000
9 0.301875 0.895667 0.012750 0.018667
9 0.331000 0.873667 0.011000 0.015333
9 0.360375 0.873167 0.009750 0.014333
9 0.358500 0.895833 0.011500 0.016333
9 0.329875 0.897000 0.009250 0.016000
1 0.360125 0.884500 0.017750 0.053667
1 0.331875 0.883833 0.015750 0.053667
1 0.302125 0.882833 0.018250 0.057000
1 0.213500 0.884000 0.016500 0.045333
8 0.051875 0.655167 0.014750 0.014333
8 0.089250 0.662500 0.016500 0.015000
8 0.126750 0.666667 0.014000 0.015333
12 0.127125 0.644000 0.009750 0.020000
12 0.101875 0.639667 0.011250 0.017333
12 0.070125 0.634833 0.010750 0.017000
10 0.186625 0.765833 0.012750 0.029000
10 0.174625 0.772167 0.012250 0.021000
10 0.292875 0.783833 0.009750 0.020333
10 0.322375 0.777167 0.011750 0.021000
