8 0.061875 0.579667 0.025750 0.022667
8 0.099750 0.571667 0.020500 0.028000
8 0.318625 0.532833 0.026750 0.030333
8 0.269000 0.538000 0.026000 0.025333
10 0.245125 0.537667 0.018750 0.026667
8 0.220250 0.550500 0.021000 0.023667
8 0.137500 0.564500 0.013500 0.022333
12 0.068000 0.539167 0.019500 0.027000
12 0.102250 0.531167 0.019500 0.027000
12 0.130250 0.523833 0.019500 0.027000
10 0.478875 0.655833 0.031750 0.057000
10 0.519750 0.675167 0.030000 0.046333
10 0.552625 0.694667 0.023750 0.040000
10 0.226750 0.695667 0.027000 0.054667
10 0.279750 0.706000 0.027000 0.054667
10 0.164250 0.680000 0.027000 0.054667
10 0.186875 0.754000 0.016750 0.034000
10 0.225875 0.761667 0.016750 0.034000
10 0.060750 0.731500 0.022500 0.037667
1 0.118875 0.937833 0.042250 0.124333
1 0.175875 0.937833 0.042250 0.124333
1 0.227125 0.937833 0.042250 0.124333
1 0.027625 0.937833 0.042250 0.124333
9 0.035625 0.916833 0.024750 0.031667
9 0.027375 0.963167 0.024750 0.031667
9 0.119625 0.972167 0.024750 0.031667
9 0.124875 0.923167 0.024750 0.031667
9 0.181125 0.923167 0.024750 0.031667
9 0.174875 0.976833 0.024750 0.031667
9 0.237375 0.979833 0.024750 0.031667
9 0.241875 0.929167 0.024750 0.031667
1 0.356375 0.943833 0.049750 0.112333
1 0.427750 0.941000 0.039500 0.118000
9 0.355375 0.931667 0.028250 0.037333
9 0.354125 0.986333 0.026750 0.027333
9 0.426875 0.987667 0.025250 0.024667
9 0.427750 0.937000 0.025000 0.040000
16 0.484625 0.956000 0.055750 0.088000
16 0.532125 0.957500 0.046750 0.085000
16 0.557000 0.956500 0.044500 0.073000
