14 0.561375 0.721833 0.102250 0.174333
12 0.472625 0.605833 0.018750 0.063667
12 0.122875 0.620167 0.029250 0.067000
12 0.249125 0.617167 0.027250 0.063667
12 0.520375 0.578667 0.007250 0.022000
12 0.662125 0.602000 0.009750 0.021333
12 0.678375 0.600667 0.006250 0.024667
15 0.556000 0.576500 0.013500 0.026333
15 0.065375 0.584333 0.015250 0.026667
9 0.119500 0.414833 0.011000 0.021000
9 0.130375 0.418667 0.010750 0.020000
9 0.144500 0.417000 0.009000 0.021333
9 0.154875 0.419833 0.008250 0.022333
9 0.164750 0.417500 0.008000 0.017667
9 0.172750 0.421833 0.008500 0.015667
5 0.299625 0.411500 0.086750 0.052333
5 0.146250 0.411167 0.100000 0.063000
16 0.807375 0.526167 0.019750 0.035667
16 0.789250 0.527167 0.017500 0.029000
16 0.771500 0.526167 0.018000 0.029000
1 0.733125 0.533167 0.012250 0.047667
1 0.704125 0.534333 0.015250 0.045333
1 0.675625 0.532000 0.014250 0.048000
1 0.625000 0.532167 0.012000 0.048333
1 0.596125 0.534000 0.015250 0.049333
1 0.571000 0.529667 0.013000 0.047333
2 0.039250 0.520667 0.046500 0.080000
3 0.017500 0.556833 0.031500 0.103667
15 0.178625 0.504833 0.066250 0.119667
15 0.299625 0.503167 0.050750 0.108333
15 0.425750 0.500667 0.052000 0.100667
6 0.023750 0.650500 0.031000 0.086333
13 0.589625 0.609000 0.042250 0.049333
13 0.696750 0.609500 0.043500 0.051667
11 0.629500 0.607667 0.008500 0.043333
11 0.463375 0.787667 0.017750 0.152667
11 0.433000 0.789167 0.020000 0.147667
11 0.401625 0.792333 0.019750 0.148667
11 0.329125 0.794333 0.021750 0.142667
11 0.297500 0.804167 0.023000 0.157667
11 0.264500 0.802333 0.021500 0.160000
11 0.187375 0.809500 0.021250 0.165000
11 0.152375 0.811500 0.020750 0.164333
11 0.116750 0.818667 0.024000 0.177333
8 0.075000 0.328333 0.013000 0.019333
8 0.110125 0.329500 0.012250 0.016333
8 0.146625 0.331667 0.010750 0.015333
8 0.332750 0.342500 0.010000 0.017000
8 0.365000 0.343500 0.012000 0.018333
8 0.396500 0.345833 0.010000 0.015000
8 0.449000 0.348167 0.010000 0.013667
8 0.477375 0.349667 0.011250 0.014000
8 0.507125 0.351833 0.012250 0.015000
12 0.459625 0.328333 0.009250 0.017333
12 0.484875 0.330000 0.007750 0.018000
12 0.505375 0.331000 0.008750 0.018000
12 0.080375 0.305667 0.010250 0.020000
12 0.139125 0.308667 0.009750 0.019333
8 0.008875 0.323333 0.014250 0.016667
10 0.497000 0.477167 0.012500 0.027000
10 0.540375 0.476833 0.011750 0.023667
10 0.581125 0.478333 0.013250 0.023333
