14 0.329375 0.796833 0.122750 0.254333
14 0.320500 0.646833 0.075000 0.118333
15 0.223125 0.528333 0.018750 0.026667
12 0.007750 0.549500 0.015000 0.043667
12 0.048375 0.547333 0.009750 0.041333
12 0.062375 0.541167 0.014250 0.030333
12 0.077875 0.543667 0.008250 0.034667
11 0.044625 0.604000 0.010250 0.033333
9 0.109500 0.586833 0.010500 0.015000
9 0.133625 0.586000 0.009750 0.013333
9 0.156500 0.586167 0.010000 0.013667
9 0.196750 0.585000 0.010000 0.014000
6 0.391875 0.634667 0.022750 0.088000
2 0.367250 0.511500 0.042000 0.056333
13 0.500000 0.569333 0.023500 0.035333
13 0.525500 0.575833 0.023500 0.039000
13 0.554125 0.588500 0.029750 0.046333
13 0.593875 0.601333 0.035250 0.054667
13 0.647875 0.617000 0.046250 0.058000
13 0.720625 0.644833 0.059750 0.073000
13 0.834125 0.684167 0.086250 0.099000
15 0.963875 0.612333 0.027750 0.041333
15 0.715625 0.573667 0.018750 0.026667
15 0.698500 0.570000 0.011500 0.021333
15 0.667500 0.564333 0.008500 0.019333
15 0.654000 0.560667 0.014500 0.021333
9 0.936750 0.529167 0.023500 0.027667
9 0.937000 0.572000 0.025000 0.028667
9 0.851750 0.526000 0.019500 0.024667
9 0.851625 0.563500 0.019250 0.024333
9 0.813000 0.558667 0.018500 0.024667
9 0.813250 0.523000 0.020500 0.020667
9 0.779000 0.554500 0.018500 0.022333
9 0.778750 0.522167 0.018500 0.023000
9 0.727875 0.548000 0.017750 0.020667
9 0.728375 0.519000 0.014250 0.016667
9 0.702625 0.519000 0.014750 0.016667
9 0.704000 0.545667 0.016000 0.020667
9 0.680375 0.544667 0.015250 0.021333
9 0.681875 0.519333 0.015250 0.020667
9 0.647750 0.538500 0.013500 0.015667
9 0.646875 0.516167 0.015250 0.017000
9 0.631125 0.513333 0.012750 0.016667
9 0.631125 0.537333 0.010750 0.016000
1 0.492375 0.514000 0.007250 0.029333
1 0.498750 0.515500 0.009500 0.031667
1 0.509250 0.514833 0.009000 0.034333
1 0.514875 0.516833 0.009750 0.037000
1 0.521875 0.518333 0.011250 0.034000
1 0.534000 0.516667 0.009500 0.040000
1 0.542500 0.516833 0.009000 0.037667
1 0.551875 0.517833 0.013250 0.039000
1 0.568875 0.520500 0.011750 0.041667
1 0.582000 0.522500 0.011500 0.042333
1 0.593125 0.521333 0.014250 0.042000
1 0.613875 0.523000 0.015750 0.052667
1 0.628750 0.526667 0.018500 0.056667
1 0.646250 0.526667 0.015500 0.060667
1 0.680625 0.530167 0.019750 0.063667
1 0.701125 0.530000 0.019250 0.064667
1 0.725625 0.532000 0.021750 0.070000
1 0.776500 0.539167 0.027500 0.079000
1 0.811125 0.540833 0.025250 0.083667
1 0.846625 0.546500 0.026250 0.092333
1 0.934875 0.547667 0.030750 0.097333
10 0.951750 0.275833 0.033500 0.067667
10 0.852125 0.357333 0.021250 0.040000
10 0.795625 0.351000 0.021250 0.047333
10 0.983500 0.367500 0.021000 0.040333
10 0.735250 0.348500 0.022500 0.044333
10 0.630875 0.383833 0.015750 0.037000
10 0.677125 0.387167 0.014250 0.031667
5 0.514375 0.408000 0.040250 0.051333
5 0.565000 0.396667 0.055000 0.061333
8 0.725000 0.277833 0.019000 0.018333
8 0.748375 0.265333 0.018750 0.020000
8 0.828375 0.223333 0.019750 0.023333
8 0.864625 0.204500 0.020750 0.026333
8 0.902500 0.184333 0.016500 0.029333
