14 0.105625 0.784000 0.181750 0.283333
6 0.086625 0.621833 0.027250 0.096333
6 0.067750 0.622167 0.024500 0.091000
6 0.050000 0.618833 0.026000 0.085667
2 0.061875 0.480000 0.044250 0.075333
3 0.053625 0.524833 0.024250 0.095000
3 0.025500 0.521833 0.026500 0.097000
13 0.188625 0.583833 0.037750 0.054333
13 0.355125 0.599333 0.060250 0.058000
13 0.470750 0.610167 0.064500 0.067667
13 0.614000 0.621833 0.071000 0.078333
13 0.799500 0.643000 0.088500 0.096000
12 0.719125 0.570667 0.009250 0.033333
12 0.744250 0.573667 0.009500 0.035333
12 0.864625 0.625000 0.015750 0.044000
16 0.899000 0.487167 0.043500 0.069667
15 0.609125 0.563667 0.020250 0.036000
15 0.563875 0.560000 0.019750 0.036000
15 0.504625 0.557500 0.018250 0.031667
15 0.466875 0.555500 0.017250 0.031000
15 0.339500 0.549500 0.017000 0.031667
15 0.163375 0.543000 0.012750 0.017333
15 0.194750 0.544500 0.017000 0.021000
15 0.249875 0.548000 0.014750 0.019333
10 0.157625 0.420000 0.019750 0.035333
10 0.194375 0.416167 0.020250 0.041000
10 0.236125 0.415667 0.018750 0.038000
10 0.454625 0.353667 0.015250 0.036000
10 0.320500 0.367667 0.015000 0.030000
10 0.352875 0.373000 0.014250 0.030000
10 0.483000 0.358167 0.016500 0.036333
10 0.510750 0.367000 0.015000 0.026667
10 0.640375 0.328667 0.017250 0.043333
10 0.683000 0.346167 0.014500 0.036333
10 0.887000 0.297333 0.025500 0.055333
9 0.105500 0.388167 0.012000 0.021667
9 0.228750 0.378500 0.011000 0.021667
9 0.240125 0.377333 0.012750 0.024000
9 0.271750 0.381500 0.010500 0.023000
9 0.161125 0.387833 0.010750 0.023000
9 0.126750 0.386000 0.009500 0.026667
5 0.117250 0.381833 0.066000 0.053667
5 0.219375 0.368833 0.080250 0.057000
10 0.099375 0.422167 0.018250 0.037667
8 0.180875 0.315000 0.013750 0.014667
8 0.198500 0.310667 0.013000 0.015333
8 0.345125 0.281167 0.014250 0.019667
8 0.371000 0.275500 0.014500 0.018333
8 0.398125 0.269000 0.014750 0.018000
8 0.452875 0.258833 0.014750 0.019000
8 0.485375 0.252667 0.015250 0.020000
8 0.519625 0.245000 0.016750 0.021333
8 0.587000 0.229333 0.018000 0.020000
8 0.672750 0.211667 0.018000 0.020667
12 0.178000 0.292500 0.012000 0.017667
12 0.191375 0.290667 0.010250 0.014000
12 0.209000 0.286667 0.011000 0.015333
12 0.343875 0.254167 0.012750 0.019667
12 0.361375 0.251333 0.012250 0.018667
12 0.388875 0.244000 0.009750 0.018667
12 0.459000 0.229167 0.011500 0.021667
12 0.486125 0.222000 0.011750 0.018000
12 0.511250 0.213667 0.014000 0.021333
9 0.855750 0.487333 0.018500 0.023333
9 0.856625 0.524833 0.017750 0.024333
9 0.795875 0.524333 0.016750 0.023333
9 0.795625 0.488000 0.016750 0.024667
9 0.740125 0.487167 0.016250 0.022333
9 0.741750 0.523667 0.017000 0.022667
9 0.651000 0.519667 0.015500 0.024667
9 0.651750 0.489333 0.015500 0.020667
9 0.605875 0.518500 0.013250 0.020333
9 0.606000 0.488333 0.014500 0.021333
9 0.564125 0.488667 0.014750 0.020000
9 0.563750 0.517000 0.016500 0.019333
9 0.496875 0.517333 0.014250 0.021333
9 0.496750 0.489167 0.013000 0.021667
9 0.461250 0.489333 0.015500 0.020000
9 0.461625 0.517000 0.013250 0.020667
9 0.428125 0.516333 0.015250 0.020667
9 0.428250 0.489333 0.013000 0.018667
9 0.374375 0.488000 0.015250 0.019333
9 0.374250 0.513333 0.013500 0.020000
9 0.344500 0.513333 0.013000 0.020000
9 0.345000 0.489500 0.014000 0.018333
9 0.316375 0.512833 0.013250 0.018333
9 0.316750 0.490500 0.014500 0.016333
1 0.314375 0.499167 0.020750 0.057667
1 0.343750 0.500167 0.018000 0.065000
1 0.371875 0.499500 0.019750 0.070333
1 0.425500 0.499667 0.022500 0.068667
1 0.459250 0.498833 0.018500 0.071000
1 0.495375 0.501333 0.018250 0.070000
1 0.562875 0.499833 0.022250 0.068333
1 0.605125 0.500500 0.018750 0.073000
1 0.651500 0.504167 0.020000 0.077667
1 0.740000 0.502667 0.021500 0.081333
1 0.795875 0.502500 0.018750 0.090333
1 0.857000 0.502000 0.023000 0.094667
10 0.872000 0.588833 0.014000 0.024333
10 0.837000 0.584333 0.012500 0.023333
