8 0.650250 0.549667 0.041000 0.038000
8 0.605500 0.562500 0.037000 0.031000
8 0.565750 0.581833 0.039500 0.035000
8 0.469125 0.616333 0.033250 0.030000
8 0.439625 0.626333 0.033250 0.030000
8 0.366000 0.654833 0.036000 0.027667
8 0.345750 0.663833 0.036000 0.027667
12 0.339125 0.629167 0.013750 0.021000
12 0.355125 0.624833 0.013750 0.021000
12 0.377625 0.615167 0.013750 0.021000
12 0.437625 0.592500 0.018250 0.024333
12 0.464875 0.581500 0.018250 0.024333
12 0.484875 0.573500 0.018250 0.024333
