14 0.639750 0.677500 0.101000 0.239667
11 0.289875 0.476500 0.010250 0.048333
11 0.296750 0.472000 0.008000 0.047333
11 0.302750 0.466667 0.008000 0.047333
11 0.375750 0.462000 0.008000 0.047333
15 0.334250 0.357000 0.044500 0.044667
15 0.355500 0.340000 0.044500 0.044667
15 0.375000 0.324667 0.044500 0.044667
10 0.371000 0.369333 0.015500 0.022000
10 0.352875 0.269833 0.006750 0.012333
10 0.346875 0.271167 0.006750 0.012333
10 0.356875 0.266167 0.006750 0.012333
15 0.568750 0.272500 0.016000 0.019667
1 0.547375 0.332500 0.010250 0.022333
9 0.547750 0.331333 0.008000 0.011333
9 0.513000 0.331667 0.008000 0.011333
9 0.495000 0.329667 0.008000 0.011333
9 0.476750 0.329333 0.008000 0.011333
12 0.450875 0.322667 0.008250 0.013333
12 0.430750 0.350333 0.008500 0.018000
14 0.652750 0.402333 0.057000 0.118667
1 0.789375 0.508333 0.039750 0.096667
9 0.783000 0.492333 0.023000 0.028000
9 0.780000 0.531333 0.023000 0.028000
10 0.754250 0.425833 0.019500 0.043000
10 0.747000 0.405833 0.021000 0.030333
10 0.740000 0.381000 0.019000 0.024000
13 0.958375 0.411667 0.039250 0.065333
13 0.913125 0.366167 0.034750 0.051667
1 0.919000 0.292000 0.017000 0.038667
9 0.921625 0.285000 0.009750 0.013333
9 0.919625 0.304333 0.009750 0.013333
10 0.887750 0.213500 0.009500 0.023000
10 0.874250 0.206833 0.009500 0.023000
10 0.845750 0.200167 0.009500 0.023000
16 0.775875 0.224500 0.009750 0.019000
16 0.798375 0.225500 0.009750 0.019000
16 0.821625 0.223833 0.009750 0.019000
10 0.822500 0.186167 0.009500 0.023000
10 0.786500 0.169167 0.008000 0.018333
10 0.985500 0.233500 0.013500 0.027000
10 0.986500 0.235167 0.013500 0.027000
5 0.937750 0.227667 0.021000 0.046000
9 0.943250 0.239000 0.011000 0.026667
9 0.933500 0.237000 0.011000 0.026667
