8 0.970500 0.222500 0.014500 0.019667
8 0.722250 0.304333 0.012000 0.016000
8 0.687000 0.310667 0.010000 0.014667
8 0.842375 0.262500 0.013250 0.019000
8 0.881500 0.255667 0.011500 0.018667
8 0.803250 0.279000 0.011500 0.020000
12 0.841875 0.226167 0.011250 0.021667
12 0.704250 0.282000 0.014000 0.025333
12 0.870000 0.221167 0.012500 0.019667
14 0.472875 0.776500 0.147750 0.263667
14 0.260125 0.661000 0.089750 0.148667
13 0.825875 0.652500 0.080250 0.081000
13 0.699250 0.633333 0.066500 0.078000
1 0.772375 0.528000 0.019250 0.074667
1 0.810125 0.533667 0.019250 0.074667
1 0.850375 0.532333 0.019250 0.074667
1 0.939125 0.532167 0.022250 0.067667
1 0.716125 0.528500 0.021750 0.071000
1 0.686375 0.531500 0.021750 0.071000
1 0.661500 0.531333 0.021500 0.064000
