14 0.284875 0.807000 0.074750 0.125333
15 0.190875 0.675167 0.017750 0.021000
1 0.163500 0.743333 0.013000 0.028667
1 0.122750 0.748667 0.013000 0.028667
9 0.099000 0.746333 0.008000 0.016000
9 0.074375 0.748000 0.007750 0.014667
9 0.123375 0.744667 0.007750 0.014667
9 0.164875 0.742000 0.007750 0.014667
12 0.041000 0.747000 0.009500 0.025333
12 0.009750 0.782000 0.009500 0.025333
10 0.398000 0.824500 0.020000 0.035000
10 0.387500 0.798167 0.020000 0.035000
10 0.379000 0.774167 0.020000 0.035000
1 0.433000 0.909500 0.028500 0.097000
9 0.427000 0.887500 0.020000 0.031667
9 0.426250 0.930500 0.020000 0.031667
13 0.677750 0.880833 0.062500 0.094333
13 0.610375 0.812000 0.045750 0.068667
13 0.559250 0.769000 0.040000 0.051333
13 0.520625 0.738500 0.032250 0.043000
13 0.471500 0.683500 0.021000 0.027667
12 0.528250 0.489333 0.008500 0.018667
12 0.535000 0.490333 0.008500 0.018667
12 0.542250 0.490000 0.008500 0.018667
12 0.564000 0.486667 0.008500 0.018667
12 0.573000 0.487000 0.008500 0.018667
12 0.584000 0.485333 0.008500 0.018667
12 0.677250 0.484333 0.011500 0.026667
12 0.692500 0.486333 0.011500 0.026667
12 0.715500 0.483000 0.011500 0.026667
12 0.780000 0.481333 0.014500 0.030000
12 0.809750 0.481333 0.014500 0.030000
12 0.833000 0.478000 0.014500 0.030000
8 0.812625 0.512333 0.017250 0.018000
8 0.779125 0.510333 0.017250 0.018000
8 0.703625 0.508667 0.015250 0.014667
8 0.680000 0.508500 0.013000 0.011000
10 0.687375 0.631833 0.012750 0.020333
10 0.683875 0.723333 0.018750 0.036667
1 0.925125 0.952833 0.036750 0.094333
1 0.869000 0.923000 0.030500 0.096667
1 0.792250 0.866167 0.028500 0.085667
1 0.758000 0.843000 0.025500 0.080000
1 0.725750 0.820500 0.022500 0.077667
1 0.680500 0.786333 0.024500 0.069333
1 0.606750 0.737833 0.019500 0.053000
1 0.639750 0.754500 0.019500 0.053000
9 0.873875 0.898833 0.021250 0.029000
9 0.873875 0.940500 0.021250 0.029000
9 0.926875 0.935167 0.021250 0.029000
9 0.929375 0.981500 0.021250 0.029000
9 0.797375 0.884667 0.017250 0.022667
9 0.796875 0.850667 0.017250 0.022667
9 0.760625 0.824000 0.017250 0.022667
9 0.761875 0.858333 0.017250 0.022667
9 0.730875 0.836333 0.017250 0.022667
9 0.730375 0.805000 0.017250 0.022667
9 0.686375 0.801000 0.017250 0.022667
9 0.685625 0.774667 0.017250 0.022667
10 0.874250 0.818500 0.038500 0.070333
10 0.947000 0.814833 0.038500 0.070333
10 0.740625 0.715333 0.018750 0.036667
10 0.776875 0.655167 0.014750 0.030333
9 0.641500 0.743500 0.014500 0.021000
9 0.641250 0.769167 0.014500 0.021000
9 0.611250 0.725167 0.014500 0.021000
3 0.567125 0.620167 0.020750 0.037667
3 0.604875 0.616500 0.020750 0.037667
3 0.527875 0.622167 0.020750 0.037667
9 0.536000 0.632000 0.010000 0.020667
9 0.525000 0.625333 0.010000 0.020667
9 0.563250 0.626000 0.010000 0.020667
9 0.571500 0.629333 0.010000 0.020667
9 0.590250 0.620000 0.010000 0.020667
9 0.600500 0.625000 0.010000 0.020667
1 0.521750 0.671333 0.013500 0.040667
1 0.511375 0.665167 0.012750 0.038333
1 0.503125 0.664000 0.009750 0.034667
9 0.505500 0.651833 0.009000 0.013000
9 0.505250 0.669167 0.009000 0.013000
9 0.514000 0.676500 0.009000 0.013000
9 0.513750 0.657833 0.009000 0.013000
9 0.521750 0.663833 0.009000 0.013000
9 0.522750 0.681833 0.009000 0.013000
16 0.396750 0.620333 0.009500 0.019333
16 0.415500 0.620000 0.009500 0.019333
16 0.435500 0.618000 0.009500 0.019333
