7 0.886678 0.026384 0.047145 0.052191
2 0.892625 0.058103 0.062500 0.115629
7 0.850238 0.038783 0.038711 0.047001
3 0.831747 0.177624 0.068772 0.175317
7 0.733888 0.111880 0.032223 0.050750
2 0.719831 0.122405 0.062067 0.154268
7 0.705882 0.213524 0.044118 0.043541
3 0.672686 0.248414 0.050822 0.163495
7 0.558175 0.337659 0.022059 0.029412
7 0.558932 0.411332 0.028330 0.024510
7 0.528547 0.223616 0.028979 0.042388
7 0.502271 0.282728 0.033088 0.046424
7 0.501189 0.349337 0.032656 0.044118
1 0.498919 0.305507 0.047578 0.158881
7 0.470048 0.379181 0.018815 0.028835
7 0.470696 0.447809 0.024870 0.025952
7 0.444637 0.270905 0.027249 0.038351
7 0.409278 0.392301 0.031791 0.044118
7 0.413387 0.330738 0.027465 0.040946
1 0.406791 0.346886 0.041522 0.139562
7 0.371648 0.312140 0.024438 0.034890
7 0.335856 0.366926 0.028547 0.037197
7 0.329477 0.426038 0.027465 0.037774
1 0.332612 0.385381 0.040657 0.131776
7 0.263192 0.371107 0.022059 0.032295
7 0.210424 0.399654 0.021626 0.028258
7 0.163711 0.426326 0.023356 0.026240
7 0.230536 0.483708 0.020329 0.019896
7 0.182093 0.504902 0.018599 0.021338
7 0.253568 0.557238 0.027465 0.036621
7 0.246107 0.618800 0.026384 0.036909
1 0.245999 0.580017 0.050389 0.133506
7 0.411765 0.661188 0.006488 0.016148
7 0.438257 0.687284 0.008002 0.013552
7 0.378136 0.727076 0.011462 0.016436
7 0.411873 0.722030 0.008434 0.014418
7 0.510597 0.706747 0.010381 0.018454
7 0.552119 0.700980 0.013841 0.016724
7 0.596237 0.694637 0.013408 0.019031
7 0.473292 0.680652 0.014490 0.019319
7 0.474481 0.648501 0.013841 0.017301
1 0.473400 0.659458 0.018599 0.065167
7 0.514273 0.672434 0.013841 0.019031
7 0.514381 0.640427 0.013192 0.017878
1 0.514381 0.650952 0.018382 0.064879
7 0.543253 0.668253 0.008218 0.013552
7 0.586938 0.660035 0.007785 0.014418
7 0.558715 0.663206 0.013192 0.019031
7 0.559256 0.630911 0.012543 0.019031
1 0.559472 0.644319 0.019896 0.070646
7 0.883759 0.568772 0.020112 0.023356
1 0.883867 0.572088 0.025952 0.066321
7 0.740268 0.674164 0.016436 0.019031
7 0.684580 0.682093 0.014922 0.019896
7 0.703395 0.641292 0.016652 0.020761
7 0.701016 0.604383 0.016652 0.020185
1 0.701665 0.615340 0.024005 0.076125
7 0.762327 0.592272 0.016869 0.022491
7 0.765571 0.630046 0.017301 0.022491
1 0.763300 0.604960 0.023573 0.082468
11 0.284170 0.776240 0.458045 0.447520
11 0.522599 0.824394 0.152465 0.255479
4 0.813473 0.494954 0.109213 0.262111
4 0.931985 0.478806 0.109213 0.262111
