13 0.992063 0.460979 0.015377 0.025794
9 0.867932 0.274967 0.031994 0.071759
7 0.461434 0.462467 0.012153 0.018849
7 0.017733 0.430721 0.017609 0.022817
7 0.231771 0.446429 0.015625 0.021825
1 0.420015 0.442130 0.019593 0.067460
4 0.566592 0.523810 0.031994 0.095899
7 0.461310 0.431382 0.011905 0.017526
1 0.409102 0.437335 0.035962 0.155093
7 0.231771 0.412864 0.015625 0.021495
6 0.508681 0.177249 0.020337 0.021825
6 0.348958 0.148479 0.019841 0.026455
4 0.636285 0.520668 0.029514 0.102183
11 0.865203 0.610780 0.117312 0.220899
1 0.727555 0.463624 0.019593 0.061508
8 0.376612 0.428902 0.036458 0.159392
4 0.601935 0.519511 0.030258 0.107143
8 0.408110 0.429894 0.034970 0.154101
13 0.980159 0.459656 0.021825 0.031746
7 0.169643 0.208995 0.017857 0.027116
7 0.039435 0.220734 0.022817 0.035384
7 0.915179 0.307870 0.038194 0.046296
6 0.585938 0.190311 0.020585 0.022817
7 0.078373 0.398644 0.016369 0.022156
7 0.402406 0.206019 0.045883 0.062169
7 0.541171 0.230489 0.045635 0.060847
8 0.710938 0.471892 0.032986 0.152778
8 0.522817 0.452712 0.039187 0.169974
1 0.232639 0.428902 0.021329 0.076720
2 0.223586 0.294312 0.036458 0.107143
1 0.760789 0.469246 0.020585 0.064815
1 0.855407 0.476356 0.020337 0.057209
3 0.032614 0.339451 0.030010 0.118056
10 0.212550 0.570271 0.067460 0.085648
9 0.061260 0.052910 0.014385 0.027778
12 0.354539 0.058697 0.093502 0.115410
7 0.669891 0.250165 0.042163 0.060516
6 0.010417 0.086640 0.019345 0.030423
8 0.686508 0.471396 0.033234 0.159722
12 0.620412 0.102017 0.099454 0.116071
8 0.440724 0.438327 0.037202 0.176257
8 0.658234 0.470734 0.034226 0.163029
12 0.493428 0.074735 0.100446 0.119048
9 0.766741 0.273313 0.039931 0.110119
12 0.955977 0.174107 0.087054 0.138558
9 0.006200 0.043320 0.011905 0.025132
2 0.147817 0.283399 0.034722 0.109127
1 0.018601 0.412202 0.025298 0.079696
8 0.584449 0.459491 0.034970 0.166336
8 0.938244 0.415840 0.029762 0.161045
1 0.079613 0.414187 0.023810 0.084987
8 0.914311 0.414683 0.030506 0.164683
10 0.027530 0.561012 0.054563 0.094907
12 0.855779 0.152943 0.112847 0.151786
6 0.066964 0.094246 0.019345 0.027778
1 0.462054 0.446594 0.020337 0.073743
8 0.557168 0.457507 0.035962 0.166997
8 0.963170 0.415509 0.030010 0.159061
10 0.406374 0.572586 0.076141 0.080357
3 0.114087 0.346726 0.028274 0.113426
2 0.070561 0.280258 0.032986 0.110780
3 0.190476 0.354001 0.028770 0.114749
4 0.165179 0.494709 0.043651 0.126984
4 0.066840 0.487434 0.044891 0.128307
4 0.116443 0.488757 0.043899 0.130952
