1 0.100868 0.461111 0.030903 0.101852
1 0.238368 0.491435 0.027431 0.089352
1 0.172049 0.478009 0.032292 0.098611
1 0.424826 0.537037 0.023264 0.074074
1 0.336111 0.516204 0.024306 0.084259
1 0.491840 0.553241 0.022569 0.069444
7 0.854514 0.382870 0.023611 0.040741
7 0.163889 0.408102 0.022222 0.043981
7 0.767882 0.320139 0.023264 0.043056
7 0.389931 0.264120 0.024306 0.048611
7 0.728819 0.286806 0.025694 0.051389
10 0.139757 0.664120 0.115625 0.106944
10 0.514062 0.692130 0.072569 0.077778
10 0.364410 0.681713 0.087153 0.091204
11 0.942882 0.791667 0.114236 0.337963
12 0.469444 0.692593 0.018750 0.038889
12 0.060764 0.671065 0.030556 0.052315
10 0.614410 0.698611 0.048264 0.065741
13 0.102951 0.318750 0.064931 0.090278
13 0.070486 0.355324 0.053472 0.083796
13 0.043924 0.387269 0.055208 0.081944
12 0.589236 0.701852 0.013194 0.033333
12 0.319097 0.688194 0.022917 0.043056
12 0.234028 0.682639 0.027083 0.044907
6 0.103819 0.122685 0.024306 0.047222
6 0.167708 0.154167 0.021528 0.045370
6 0.222396 0.186343 0.021875 0.040278
6 0.305556 0.225463 0.025694 0.031481
6 0.346701 0.244907 0.027431 0.024074
6 0.456597 0.303472 0.013194 0.025463
6 0.481597 0.323611 0.023611 0.027778
6 0.509028 0.336574 0.021528 0.023148
6 0.579514 0.372454 0.023611 0.018056
6 0.603125 0.384259 0.022917 0.020370
9 0.216667 0.719907 0.012500 0.030556
9 0.047917 0.716898 0.015278 0.033796
1 0.382812 0.526389 0.024653 0.076852
1 0.525347 0.561574 0.021528 0.067593
1 0.557292 0.568287 0.023611 0.064352
1 0.604688 0.581713 0.021875 0.062500
1 0.693229 0.602315 0.019792 0.056481
1 0.859375 0.642130 0.019444 0.042593
1 0.873958 0.438657 0.048611 0.106019
1 0.925347 0.473380 0.042361 0.093981
1 0.861458 0.554630 0.050000 0.109259
2 0.973090 0.476620 0.053819 0.077315
3 0.965451 0.523611 0.040625 0.075000
7 0.683854 0.246759 0.031597 0.055556
7 0.825347 0.362500 0.025000 0.046296
7 0.917535 0.430093 0.019097 0.036111
7 0.936632 0.443750 0.019097 0.037500
7 0.878993 0.403704 0.022569 0.040741
7 0.958507 0.583333 0.011458 0.018519
7 0.860764 0.558796 0.012500 0.018519
7 0.851215 0.613657 0.012153 0.018981
7 0.676910 0.422454 0.015625 0.025463
7 0.599479 0.443519 0.016319 0.027778
7 0.612326 0.505556 0.012153 0.025926
7 0.521701 0.473611 0.014236 0.025926
7 0.495660 0.484259 0.014236 0.025926
7 0.469271 0.494676 0.012847 0.024537
7 0.483160 0.392824 0.019097 0.034722
7 0.519618 0.375694 0.019097 0.034722
7 0.560590 0.357407 0.019792 0.041667
7 0.405729 0.431713 0.015625 0.030093
7 0.379514 0.445602 0.015278 0.028241
7 0.367014 0.468287 0.016667 0.031944
7 0.352431 0.458796 0.013194 0.026852
7 0.067882 0.213194 0.030208 0.056019
7 0.095833 0.170139 0.032639 0.062500
7 0.125174 0.121759 0.032986 0.064815
7 0.688542 0.473611 0.012500 0.023148
7 0.711806 0.458796 0.012500 0.023148
7 0.723264 0.465046 0.011111 0.021759
7 0.759028 0.507176 0.011111 0.021759
7 0.769271 0.509491 0.010069 0.019907
7 0.956076 0.465509 0.019792 0.026389
7 0.957118 0.500231 0.019792 0.026389
7 0.959201 0.535417 0.019792 0.026389
7 0.920312 0.497917 0.023264 0.029167
7 0.916493 0.456250 0.019792 0.026389
7 0.890799 0.440278 0.025347 0.028704
7 0.871007 0.464120 0.026042 0.031019
7 0.898090 0.481250 0.025347 0.029167
7 0.866493 0.421065 0.026042 0.031019
7 0.853819 0.530556 0.027778 0.033333
7 0.860417 0.579630 0.027778 0.033333
7 0.859375 0.652546 0.012500 0.012500
7 0.856944 0.636343 0.012500 0.012500
7 0.854861 0.669676 0.008333 0.012500
7 0.710590 0.597222 0.013542 0.017593
7 0.711632 0.620370 0.013542 0.017593
7 0.691493 0.615741 0.013542 0.017593
7 0.690104 0.593056 0.013542 0.017593
7 0.628125 0.577315 0.014583 0.020370
7 0.628819 0.601852 0.014583 0.020370
7 0.603819 0.595833 0.014583 0.020370
7 0.554167 0.556481 0.014583 0.020370
7 0.602778 0.568056 0.014583 0.020370
7 0.554861 0.583796 0.014583 0.020370
7 0.525000 0.577083 0.016667 0.021759
7 0.524306 0.547917 0.016667 0.021759
7 0.490972 0.539583 0.016667 0.021759
7 0.491319 0.570602 0.016667 0.021759
7 0.425694 0.556481 0.018056 0.022222
7 0.425000 0.524074 0.018056 0.022222
7 0.382292 0.512963 0.018056 0.022222
7 0.382292 0.546759 0.018056 0.022222
7 0.334722 0.537500 0.018750 0.024074
7 0.335764 0.500926 0.018750 0.024074
7 0.236285 0.516204 0.021181 0.026852
7 0.238368 0.475463 0.021181 0.026852
7 0.173785 0.461111 0.021875 0.027778
7 0.171007 0.502315 0.021875 0.027778
7 0.099132 0.486574 0.024653 0.029630
7 0.102778 0.442361 0.023611 0.028241
