12 0.915972 0.140625 0.168056 0.059028
12 0.850694 0.182986 0.160648 0.060417
12 0.968750 0.380208 0.051389 0.033333
12 0.945833 0.383507 0.046296 0.031597
12 0.927546 0.388715 0.048611 0.030903
8 0.876389 0.393056 0.045370 0.067361
8 0.853472 0.399826 0.043981 0.067014
8 0.832870 0.403993 0.043519 0.065625
8 0.793287 0.413715 0.041204 0.059375
8 0.776389 0.419097 0.036111 0.056944
8 0.763426 0.420833 0.036111 0.054861
8 0.732407 0.423958 0.036111 0.056250
8 0.721991 0.427431 0.034722 0.054167
8 0.709722 0.430035 0.034259 0.054514
7 0.898148 0.226736 0.047222 0.038194
7 0.815972 0.265104 0.044907 0.034375
7 0.751852 0.294444 0.038889 0.031250
7 0.141667 0.338889 0.029630 0.027083
7 0.570602 0.363542 0.025463 0.025000
7 0.559954 0.369444 0.025463 0.024306
7 0.550694 0.373264 0.024537 0.024306
7 0.180787 0.460590 0.026389 0.021875
7 0.238194 0.463715 0.026389 0.021875
7 0.324306 0.466840 0.025463 0.021875
7 0.379630 0.472049 0.025000 0.020486
7 0.460648 0.473611 0.025926 0.019444
7 0.513657 0.475868 0.026389 0.019097
7 0.613657 0.479340 0.024537 0.019097
1 0.209491 0.456944 0.032870 0.060417
1 0.287963 0.460764 0.031481 0.055556
1 0.363426 0.463194 0.030556 0.056250
1 0.491667 0.467014 0.030556 0.054167
1 0.672454 0.475000 0.028241 0.055556
7 0.672685 0.467708 0.027778 0.021528
7 0.491667 0.460243 0.028704 0.020486
7 0.363889 0.455382 0.028704 0.022569
7 0.287731 0.452257 0.030093 0.022569
7 0.210648 0.447917 0.030556 0.022222
