1 0.054167 0.255035 0.105556 0.255208
1 0.403241 0.278646 0.099074 0.250347
1 0.952083 0.332292 0.095833 0.265278
7 0.058796 0.228472 0.093519 0.070833
7 0.050694 0.339062 0.096759 0.073264
7 0.401389 0.251042 0.087963 0.068750
7 0.403241 0.359549 0.090741 0.069097
7 0.951157 0.290278 0.086574 0.063889
7 0.960648 0.390278 0.078704 0.065972
7 0.114583 0.503819 0.081944 0.063194
7 0.416667 0.518403 0.080556 0.059722
7 0.903241 0.539931 0.075926 0.057639
7 0.543519 0.138021 0.058333 0.046181
7 0.070602 0.144097 0.084722 0.059028
12 0.585185 0.922917 0.075000 0.085417
12 0.785417 0.923438 0.079167 0.085764
6 0.163889 0.631250 0.020370 0.017361
6 0.254398 0.636806 0.021759 0.015972
6 0.347454 0.639236 0.019907 0.015278
6 0.203704 0.583507 0.037037 0.018403
6 0.199537 0.605556 0.039815 0.016667
6 0.197454 0.625868 0.042130 0.015625
6 0.181481 0.506771 0.025000 0.017014
6 0.268287 0.511111 0.021759 0.015972
6 0.209954 0.484896 0.038426 0.017014
