7 0.653604 0.281870 0.021495 0.016121
2 0.415509 0.166915 0.099537 0.084821
1 0.074735 0.415303 0.044312 0.050843
7 0.693122 0.268601 0.020503 0.016369
7 0.857143 0.390749 0.024471 0.019097
13 0.993056 0.294519 0.013889 0.031994
10 0.987599 0.483383 0.024140 0.071925
13 0.297784 0.391245 0.023479 0.028522
2 0.146991 0.288318 0.064484 0.049355
7 0.813823 0.395833 0.023810 0.018849
7 0.172288 0.339038 0.022487 0.018353
7 0.822751 0.256944 0.019841 0.013889
3 0.161872 0.328745 0.038690 0.062252
7 0.071429 0.313740 0.018519 0.017857
7 0.697917 0.379836 0.020172 0.016617
7 0.659557 0.348214 0.030093 0.022817
7 0.659226 0.298859 0.034722 0.024802
1 0.115079 0.336186 0.039021 0.059772
7 0.994378 0.215898 0.011243 0.020585
7 0.668155 0.352679 0.025463 0.021825
7 0.086640 0.307292 0.016534 0.016369
7 0.237434 0.303199 0.025794 0.019593
2 0.371362 0.186508 0.092593 0.079861
7 0.549769 0.189360 0.043320 0.031994
7 0.637070 0.388269 0.021495 0.016617
7 0.073743 0.431548 0.026455 0.017361
7 0.188161 0.267237 0.026455 0.019097
7 0.787864 0.192336 0.023479 0.017113
12 0.755787 0.489583 0.022156 0.022321
7 0.662533 0.238715 0.018849 0.016617
1 0.668485 0.368056 0.038029 0.063492
7 0.403108 0.166791 0.039683 0.030506
7 0.075066 0.404638 0.025794 0.017113
7 0.496528 0.177331 0.038029 0.031746
7 0.688492 0.320933 0.017857 0.013393
2 0.182374 0.268849 0.081680 0.074405
3 0.456349 0.219122 0.062831 0.096974
2 0.461971 0.133805 0.119048 0.129216
7 0.375661 0.272445 0.031746 0.027034
3 0.145172 0.334697 0.039021 0.060268
7 0.208333 0.294767 0.029101 0.021577
7 0.736772 0.122396 0.052249 0.040427
7 0.734623 0.375744 0.024140 0.019345
7 0.251819 0.227927 0.027447 0.022321
7 0.212632 0.255828 0.028439 0.021577
7 0.197421 0.331845 0.025794 0.020833
7 0.227183 0.239831 0.028439 0.022321
7 0.453373 0.142485 0.046296 0.034474
3 0.186673 0.319072 0.043981 0.065724
4 0.194114 0.419519 0.047619 0.076637
11 0.064319 0.522817 0.127976 0.143849
7 0.423115 0.254464 0.035384 0.029266
7 0.669808 0.383185 0.023479 0.018353
7 0.815146 0.182168 0.025132 0.019097
1 0.089947 0.340278 0.037037 0.057540
10 0.803571 0.474330 0.108466 0.071677
12 0.857970 0.482763 0.030093 0.028522
7 0.476025 0.236855 0.042659 0.034226
7 0.827050 0.090650 0.057540 0.042907
3 0.406085 0.238591 0.058862 0.087302
3 0.353340 0.256076 0.053241 0.081597
1 0.731481 0.360863 0.039683 0.065476
7 0.678737 0.023189 0.049934 0.044395
7 0.559689 0.081349 0.044643 0.041667
1 0.819610 0.348338 0.041997 0.069196
7 0.506283 0.118056 0.043651 0.039187
7 0.779762 0.341394 0.024471 0.018601
7 0.821429 0.364335 0.026455 0.019841
7 0.776455 0.370536 0.025132 0.018849
7 0.737103 0.347718 0.024471 0.018849
11 0.492560 0.478051 0.365410 0.372272
1 0.774140 0.354663 0.041667 0.066964
7 0.823247 0.333705 0.026124 0.019593
4 0.223049 0.415055 0.053902 0.081597
10 0.671792 0.482267 0.065146 0.062748
