4 0.858102 0.408507 0.164352 0.234375
3 0.663889 0.108681 0.122222 0.216667
1 0.972917 0.447049 0.049537 0.099653
1 0.680093 0.461458 0.046296 0.086806
1 0.511574 0.469792 0.046296 0.079167
1 0.386343 0.474132 0.045833 0.072569
1 0.321759 0.477604 0.045370 0.070486
1 0.260185 0.480035 0.047222 0.068403
1 0.164352 0.483681 0.043519 0.064583
1 0.113657 0.486979 0.041204 0.064931
7 0.790509 0.230903 0.037500 0.033333
7 0.740046 0.240799 0.038426 0.030903
7 0.535880 0.186632 0.034722 0.039236
7 0.680093 0.165625 0.086111 0.063889
7 0.685417 0.445312 0.031944 0.023264
7 0.680093 0.484201 0.035185 0.024653
7 0.673843 0.521354 0.031944 0.022569
7 0.518287 0.454514 0.030093 0.022222
7 0.512963 0.490799 0.030556 0.023264
7 0.393981 0.461285 0.027778 0.021875
7 0.389583 0.494097 0.026389 0.020139
7 0.402083 0.525521 0.025463 0.019792
7 0.340741 0.527083 0.025926 0.018750
7 0.330324 0.464931 0.025463 0.019444
7 0.324537 0.497049 0.025926 0.019792
7 0.269676 0.467882 0.024537 0.019792
7 0.263889 0.498437 0.025926 0.019792
7 0.171528 0.473090 0.023611 0.019097
7 0.165972 0.501910 0.022685 0.019097
7 0.191898 0.530035 0.022685 0.017708
7 0.143056 0.530729 0.023148 0.016319
7 0.121065 0.475694 0.021759 0.018750
7 0.115046 0.503993 0.023611 0.017014
10 0.124074 0.617014 0.111111 0.075694
10 0.331713 0.624479 0.128241 0.089236
12 0.276852 0.623264 0.040741 0.031250
12 0.501852 0.629861 0.040741 0.034722
12 0.721296 0.639410 0.040741 0.042708
7 0.674306 0.640972 0.025463 0.025000
12 0.868056 0.641840 0.043519 0.047569
7 0.029398 0.148611 0.048611 0.041667
7 0.424537 0.302083 0.028704 0.029861
7 0.348148 0.380208 0.025000 0.021528
7 0.402778 0.397049 0.021296 0.020486
7 0.163426 0.397917 0.023148 0.021528
7 0.162963 0.437500 0.025000 0.022222
7 0.684259 0.391146 0.026852 0.022569
6 0.752546 0.400000 0.015278 0.009722
