10 0.200463 0.899132 0.174074 0.141319
1 0.090046 0.488889 0.106019 0.152778
1 0.151852 0.547396 0.092593 0.139236
1 0.206019 0.593576 0.080556 0.133681
1 0.278935 0.657813 0.067130 0.117708
1 0.306713 0.684722 0.066204 0.107639
1 0.335880 0.709549 0.057870 0.101736
1 0.376852 0.746007 0.050000 0.089236
7 0.346296 0.338889 0.047222 0.040278
7 0.365278 0.373611 0.039815 0.034722
7 0.494213 0.335764 0.047685 0.036806
7 0.662963 0.505556 0.031481 0.026389
7 0.544676 0.509896 0.033796 0.023958
7 0.432639 0.512847 0.032870 0.024306
7 0.020139 0.664757 0.039352 0.035764
7 0.079167 0.454340 0.054630 0.042014
7 0.066667 0.524653 0.057407 0.043056
7 0.142824 0.515451 0.051389 0.039931
7 0.133796 0.578646 0.051852 0.039931
7 0.194444 0.562674 0.050000 0.035069
7 0.189120 0.620660 0.046759 0.037847
7 0.267824 0.630382 0.038426 0.030903
7 0.264815 0.681424 0.038889 0.031597
7 0.367824 0.726215 0.028241 0.026042
7 0.366667 0.767708 0.030556 0.025694
13 0.588194 0.877083 0.026389 0.030556
13 0.643981 0.877951 0.023148 0.029514
13 0.704167 0.878125 0.023148 0.030556
7 0.521065 0.701215 0.022685 0.020486
7 0.683102 0.751042 0.018981 0.015972
7 0.614815 0.751042 0.019444 0.015972
7 0.546991 0.751736 0.018056 0.013889
7 0.566898 0.787500 0.016204 0.013889
7 0.686806 0.786285 0.016204 0.016319
6 0.345833 0.507639 0.044444 0.020139
