10 0.335417 0.574653 0.188426 0.104167
1 0.477315 0.408333 0.042593 0.090972
1 0.371528 0.390451 0.041204 0.096875
1 0.248843 0.368924 0.040278 0.103819
13 0.828472 0.308854 0.069907 0.073264
13 0.720602 0.346875 0.068056 0.061806
13 0.636343 0.376042 0.062500 0.059028
7 0.473380 0.394097 0.033796 0.023611
7 0.473843 0.434201 0.030093 0.023264
7 0.368750 0.375000 0.034722 0.025694
7 0.368750 0.418750 0.034722 0.025694
7 0.247917 0.354167 0.037500 0.027083
7 0.247917 0.400521 0.037500 0.028125
7 0.762731 0.135417 0.038426 0.026389
7 0.230093 0.037500 0.050000 0.036806
7 0.176852 0.110590 0.040741 0.029514
7 0.180787 0.580035 0.026389 0.015625
7 0.254167 0.579167 0.023148 0.014583
9 0.209491 0.604340 0.028241 0.050347
9 0.138889 0.601736 0.030556 0.052778
8 0.163889 0.638368 0.014815 0.067708
8 0.229861 0.636458 0.014352 0.068750
