7 0.640679 0.025807 0.058175 0.051038
12 0.459126 0.456747 0.285035 0.466551
7 0.042820 0.275663 0.011678 0.014994
7 0.043036 0.286909 0.011678 0.014994
7 0.058824 0.271050 0.011678 0.014994
7 0.058175 0.284025 0.011678 0.014994
7 0.087587 0.290081 0.011678 0.014994
7 0.086505 0.302191 0.011678 0.014994
7 0.101644 0.303057 0.011678 0.014994
7 0.102941 0.289216 0.011678 0.014994
6 0.084883 0.309544 0.008002 0.010669
6 0.032007 0.314302 0.017734 0.017301
6 0.068339 0.307958 0.019031 0.016148
6 0.075151 0.329152 0.017517 0.015859
6 0.110402 0.323385 0.015787 0.015859
9 0.860186 0.312572 0.028330 0.046136
8 0.890138 0.434112 0.015138 0.079873
8 0.909602 0.436707 0.015138 0.079873
8 0.929066 0.435265 0.015138 0.079873
8 0.981185 0.431517 0.015138 0.079873
4 0.940852 0.093426 0.117863 0.186275
11 0.251514 0.538783 0.149654 0.192907
