9 0.613839 0.644676 0.078869 0.326389
9 0.382564 0.637401 0.096974 0.334987
9 0.145709 0.630126 0.102431 0.320437
12 0.239955 0.662368 0.123264 0.264550
12 0.569692 0.674603 0.107143 0.251984
6 0.601438 0.032903 0.038690 0.061839
6 0.486731 0.028439 0.038938 0.056217
6 0.375124 0.027447 0.040427 0.054233
6 0.808408 0.036210 0.051339 0.071759
6 0.922743 0.041171 0.047371 0.074405
9 0.982763 0.028439 0.033978 0.056217
9 0.890873 0.033069 0.030258 0.065476
7 0.753472 0.151951 0.050099 0.079034
7 0.737351 0.253307 0.040675 0.068122
7 0.722098 0.336806 0.043403 0.060516
7 0.173859 0.148810 0.041171 0.082672
3 0.069320 0.762897 0.055308 0.168651
7 0.069196 0.797454 0.040675 0.055886
7 0.017113 0.646660 0.033730 0.059854
2 0.489831 0.666336 0.061508 0.180556
7 0.499008 0.645503 0.037202 0.050926
7 0.474082 0.601852 0.032986 0.044974
6 0.443328 0.758433 0.042907 0.023479
3 0.815352 0.764716 0.039931 0.192791
2 0.860615 0.678737 0.053571 0.173611
3 0.945312 0.766204 0.049851 0.199735
7 0.874752 0.852183 0.024306 0.042989
7 0.794395 0.851521 0.021825 0.037037
7 0.811508 0.815642 0.040179 0.055225
7 0.859995 0.652116 0.041419 0.048942
7 0.985367 0.656911 0.029266 0.041997
7 0.944444 0.816303 0.035714 0.055225
1 0.890749 0.939980 0.034970 0.120040
1 0.808036 0.940476 0.030754 0.119048
7 0.804439 0.917659 0.023562 0.031085
7 0.806796 0.972222 0.024306 0.035714
7 0.890129 0.974206 0.027282 0.037698
7 0.887277 0.922950 0.025050 0.035053
