11 0.321991 0.677778 0.281019 0.245139
4 0.692824 0.520833 0.091204 0.114583
4 0.643981 0.526215 0.085185 0.109375
4 0.606713 0.531597 0.082870 0.106250
2 0.665972 0.291146 0.118981 0.112153
3 0.651157 0.366146 0.070833 0.121181
3 0.578704 0.389062 0.065741 0.114236
3 0.523380 0.413021 0.057870 0.096181
1 0.455093 0.407465 0.057407 0.090625
1 0.409954 0.420660 0.050463 0.083681
1 0.370370 0.431771 0.050926 0.080903
1 0.332870 0.531597 0.042593 0.072222
1 0.963657 0.497049 0.040278 0.071875
1 0.865741 0.507292 0.032407 0.065278
7 0.706713 0.276042 0.037500 0.034028
7 0.663194 0.395313 0.037500 0.032292
7 0.595139 0.413194 0.032870 0.030556
7 0.533333 0.428819 0.031481 0.028472
7 0.463657 0.387153 0.031944 0.027083
7 0.462500 0.428819 0.034259 0.028472
7 0.420833 0.403299 0.028704 0.026042
7 0.417130 0.440104 0.032407 0.026736
7 0.381713 0.414583 0.029167 0.025000
7 0.377778 0.450521 0.029630 0.021181
7 0.334954 0.459549 0.022685 0.017708
7 0.340741 0.517882 0.024074 0.020486
7 0.338194 0.551389 0.029167 0.024306
7 0.969444 0.483160 0.025926 0.020486
7 0.966435 0.512326 0.025463 0.019792
7 0.869907 0.494792 0.024074 0.018750
7 0.868981 0.522049 0.024074 0.019097
7 0.896065 0.546875 0.022685 0.017361
7 0.735417 0.557986 0.018981 0.016667
13 0.446528 0.510243 0.033796 0.032986
13 0.499074 0.515278 0.033333 0.033333
7 0.746991 0.237500 0.043981 0.038889
7 0.511343 0.330729 0.031944 0.030208
7 0.425231 0.361285 0.035648 0.033681
7 0.332176 0.397569 0.029167 0.030556
7 0.304861 0.411458 0.027315 0.024306
7 0.954167 0.282986 0.031481 0.030556
12 0.984259 0.631944 0.031481 0.029861
6 0.906944 0.268229 0.042593 0.019792
