7 0.537642 0.344792 0.0355114 0.04375
7 0.487216 0.190625 0.0369318 0.04375
3 0.384943 0.059375 0.0909091 0.11875
7 0.53054 0.5875 0.0326705 0.0416667
5 0.603693 0.382292 0.0738636 0.13125
1 0.433239 0.3625 0.0568182 0.175
11 0.338778 0.785417 0.382102 0.416667
4 0.257102 0.296875 0.139205 0.335417
13 0.979403 0.635417 0.0355114 0.0708333
5 0.559659 0.304167 0.0823864 0.1375
1 0.527699 0.61875 0.0525568 0.1375
7 0.52983 0.651042 0.0340909 0.04375
5 0.512074 0.216667 0.0838068 0.154167
4 0.169744 0.221875 0.12642 0.33125
11 0.644886 0.745833 0.1875 0.325
4 0.0767045 0.154167 0.122159 0.308333
