7 0.629216 0.768849 0.047619 0.092593
6 0.304439 0.424603 0.051835 0.084656
6 0.678695 0.510913 0.059276 0.100529
9 0.307788 0.410549 0.052083 0.116733
7 0.179315 0.693948 0.057044 0.081680
7 0.687996 0.695437 0.052083 0.087302
7 0.203621 0.614418 0.058036 0.087302
7 0.862723 0.946263 0.040923 0.064484
7 0.811012 0.941634 0.037202 0.065807
9 0.678075 0.496362 0.049603 0.113757
6 0.856895 0.566138 0.061508 0.080688
6 0.095114 0.367394 0.071677 0.108466
6 0.412078 0.452216 0.052331 0.081019
6 0.511161 0.474372 0.057540 0.082341
6 0.767113 0.549769 0.058036 0.072421
7 0.753100 0.642692 0.063244 0.100860
7 0.228547 0.518519 0.062748 0.097884
9 0.383309 0.426587 0.043403 0.113095
9 0.819692 0.540013 0.049107 0.112434
9 0.764385 0.521495 0.047123 0.109788
9 0.466022 0.448578 0.047123 0.107474
