10 0.245139 0.518229 0.151389 0.112153
10 0.394676 0.549479 0.091204 0.075347
3 0.030324 0.183160 0.059722 0.139236
3 0.134722 0.250694 0.072222 0.119444
3 0.269444 0.334201 0.054630 0.089931
3 0.319907 0.365625 0.046296 0.081944
3 0.365278 0.393403 0.042593 0.077083
3 0.425694 0.427431 0.037500 0.061111
2 0.108333 0.139757 0.134259 0.125347
2 0.203704 0.212674 0.116667 0.107292
2 0.316435 0.296354 0.093981 0.082292
2 0.362037 0.328993 0.079630 0.076042
7 0.066667 0.117708 0.047222 0.044444
7 0.030787 0.160764 0.050463 0.047222
7 0.122917 0.277431 0.048611 0.038194
7 0.143750 0.236111 0.043981 0.037500
7 0.168981 0.194444 0.042593 0.036806
7 0.287037 0.281076 0.027778 0.026736
7 0.269676 0.317188 0.029167 0.025347
7 0.258796 0.355208 0.032407 0.029861
7 0.336574 0.317014 0.027778 0.023611
7 0.320602 0.349653 0.025463 0.023611
7 0.313657 0.383854 0.032870 0.026736
7 0.357639 0.406771 0.026389 0.022569
7 0.362731 0.375868 0.021759 0.021875
7 0.374537 0.346007 0.025926 0.021181
7 0.430093 0.385590 0.022222 0.018403
7 0.421296 0.412674 0.019444 0.018403
7 0.418750 0.440104 0.022685 0.019097
7 0.474769 0.419618 0.018056 0.016319
7 0.452546 0.403646 0.018056 0.015625
7 0.444907 0.429688 0.018519 0.017014
7 0.499074 0.463021 0.015741 0.014236
7 0.497917 0.484201 0.017130 0.014931
7 0.504630 0.441840 0.016667 0.014236
7 0.657176 0.234028 0.025463 0.018750
7 0.559491 0.240278 0.025463 0.018056
7 0.682639 0.333681 0.018056 0.013194
7 0.608333 0.337674 0.019444 0.013542
7 0.537500 0.341493 0.018519 0.014236
7 0.696065 0.393924 0.015278 0.010069
7 0.637269 0.395660 0.015278 0.011458
7 0.579861 0.397396 0.014352 0.010764
6 0.383796 0.045312 0.031481 0.018403
6 0.437500 0.127083 0.025000 0.016667
6 0.461806 0.159722 0.024537 0.017361
6 0.481250 0.193403 0.021759 0.015972
6 0.510417 0.239063 0.021759 0.014236
6 0.535417 0.281771 0.019907 0.014931
9 0.359028 0.018229 0.034722 0.035764
13 0.381250 0.477083 0.022685 0.028472
12 0.950926 0.511806 0.082407 0.046528
12 0.928241 0.520312 0.064815 0.037153
12 0.902546 0.539931 0.056019 0.035417
