7 0.380456 0.418031 0.0122354 0.0121528
7 0.472222 0.338294 0.0171958 0.0133929
7 0.0798611 0.228919 0.020172 0.0262897
7 0.42047 0.355407 0.0168651 0.0138889
7 0.368717 0.354539 0.0171958 0.0141369
9 0.020668 0.117932 0.0214947 0.0230655
7 0.352844 0.414435 0.0125661 0.0128968
7 0.0727513 0.216394 0.0218254 0.0265377
13 0.540013 0.328497 0.0291005 0.0295139
7 0.47371 0.356771 0.0168651 0.0141369
7 0.334821 0.211558 0.0274471 0.0302579
6 0.0315807 0.145337 0.0234788 0.0347222
1 0.268188 0.339658 0.0224868 0.0483631
6 0.141369 0.152406 0.0214947 0.031498
12 0.0714286 0.419891 0.0205026 0.0272817
7 0.556713 0.226562 0.025463 0.030506
6 0.255952 0.160218 0.0224868 0.0297619
1 0.209656 0.33755 0.0224868 0.0500992
1 0.147817 0.336434 0.0231481 0.0503472
7 0.0649802 0.196057 0.0261243 0.0324901
9 0.360119 0.430804 0.0165344 0.0257937
1 0.472884 0.34623 0.0224868 0.046627
13 0.572421 0.315724 0.0376984 0.0357143
1 0.368717 0.342758 0.0244709 0.0500992
1 0.420966 0.344246 0.0238095 0.0486111
10 0.419312 0.422619 0.0793651 0.047619
10 0.21131 0.421999 0.0846561 0.0553075
