1 0.507986 0.795833 0.031250 0.100000
1 0.436111 0.791204 0.031250 0.100926
2 0.484722 0.569213 0.055556 0.145833
1 0.696181 0.808333 0.036111 0.109259
3 0.645139 0.651852 0.042361 0.168519
7 0.849653 0.460880 0.027778 0.038426
7 0.587326 0.213426 0.032986 0.055556
7 0.509722 0.720370 0.020833 0.028704
7 0.139236 0.592593 0.066667 0.177778
9 0.908507 0.949537 0.016319 0.048148
10 0.367708 0.913657 0.109722 0.172685
12 0.848090 0.612500 0.081597 0.197222
12 0.318403 0.586806 0.088889 0.194907
10 0.775694 0.927315 0.141667 0.145370
4 0.648785 0.956481 0.029514 0.087037
4 0.690972 0.957870 0.034028 0.084259
12 0.954167 0.902315 0.031944 0.057407
12 0.901910 0.898843 0.028819 0.054167
9 0.613368 0.925000 0.015625 0.049074
9 0.802257 0.939120 0.015625 0.049537
9 0.968750 0.951157 0.010417 0.043981
9 0.321354 0.023148 0.027431 0.045370
9 0.387500 0.022917 0.022917 0.044907
9 0.462500 0.025926 0.029861 0.050926
9 0.685417 0.029398 0.024306 0.057870
9 0.784375 0.028704 0.027083 0.056481
9 0.845486 0.029167 0.027778 0.057407
2 0.071701 0.551852 0.064931 0.139815
2 0.269792 0.561806 0.055556 0.133796
2 0.388542 0.566898 0.054861 0.141204
2 0.694444 0.578935 0.051389 0.148611
2 0.807986 0.587500 0.058333 0.146296
2 0.928125 0.592824 0.064583 0.150463
3 0.756250 0.658796 0.045833 0.162037
3 0.445139 0.643056 0.040972 0.158333
1 0.627951 0.803935 0.034375 0.108796
1 0.767535 0.813426 0.035764 0.109259
1 0.371875 0.788657 0.035417 0.106019
6 0.035590 0.021296 0.042014 0.041667
6 0.131250 0.023611 0.039583 0.046296
6 0.301563 0.025000 0.033681 0.049074
6 0.399132 0.027778 0.030208 0.054630
6 0.496528 0.028009 0.038889 0.055093
6 0.668576 0.031713 0.030903 0.062500
6 0.768056 0.031944 0.036111 0.062963
6 0.874826 0.033796 0.038542 0.066667
7 0.579688 0.283102 0.031597 0.066204
7 0.593750 0.124074 0.042361 0.062963
7 0.084028 0.111343 0.040972 0.060648
7 0.871007 0.413657 0.032986 0.041204
7 0.923264 0.412731 0.030556 0.039352
7 0.920312 0.572685 0.038542 0.050926
7 0.804167 0.564815 0.038194 0.050000
7 0.690625 0.561111 0.034722 0.046296
7 0.759722 0.704630 0.034722 0.048148
7 0.643403 0.700000 0.036806 0.050926
7 0.494097 0.551852 0.034028 0.048148
7 0.444444 0.684028 0.035417 0.047685
7 0.387500 0.549074 0.036806 0.048148
7 0.279514 0.542593 0.032639 0.047222
7 0.086111 0.534028 0.035417 0.048611
7 0.506944 0.775463 0.021528 0.028704
7 0.505903 0.821528 0.022222 0.030093
7 0.437847 0.816204 0.022222 0.028704
7 0.439757 0.771759 0.021875 0.027778
7 0.372917 0.768750 0.021528 0.027315
7 0.370312 0.811806 0.021181 0.029167
7 0.384375 0.712500 0.013889 0.032407
7 0.443576 0.716204 0.023264 0.032407
7 0.690104 0.730093 0.021181 0.026852
