1 0.013368 0.657639 0.026042 0.118056
1 0.135937 0.682870 0.032292 0.103704
1 0.193750 0.697685 0.032639 0.095370
7 0.435417 0.198611 0.041667 0.068519
7 0.357639 0.097685 0.046528 0.072222
7 0.493576 0.278935 0.035764 0.057870
7 0.602604 0.419444 0.024653 0.038889
10 0.159549 0.896991 0.121875 0.118056
11 0.793403 0.834722 0.259028 0.330556
11 0.942535 0.844213 0.114931 0.143056
1 0.351042 0.732407 0.023611 0.073148
1 0.382639 0.738426 0.023611 0.073148
1 0.631424 0.794444 0.016319 0.039815
1 0.629861 0.600926 0.063889 0.148148
1 0.634201 0.464583 0.054514 0.121759
7 0.133507 0.666435 0.023264 0.029167
7 0.132118 0.711574 0.022569 0.027778
7 0.190278 0.680324 0.020139 0.026389
7 0.189583 0.721528 0.020833 0.025463
7 0.347396 0.718519 0.014931 0.019444
7 0.348438 0.751620 0.014931 0.020833
7 0.378472 0.724537 0.013194 0.017593
7 0.379861 0.757407 0.013194 0.019444
7 0.401562 0.406944 0.035764 0.048148
7 0.467014 0.461574 0.029861 0.041667
7 0.396007 0.337269 0.036458 0.047685
7 0.613368 0.571528 0.028819 0.040278
7 0.625000 0.640046 0.030556 0.042130
7 0.628819 0.497454 0.025694 0.038426
7 0.620486 0.443056 0.026389 0.036111
7 0.710590 0.539583 0.019097 0.026389
7 0.714410 0.577778 0.019792 0.025926
7 0.720660 0.617130 0.019792 0.027778
7 0.791667 0.651620 0.012500 0.016204
7 0.796181 0.677546 0.013889 0.019907
7 0.569097 0.379398 0.025694 0.038426
7 0.629861 0.459722 0.022222 0.027778
7 0.643750 0.714815 0.008333 0.011111
7 0.635590 0.687269 0.008681 0.012500
7 0.133333 0.630093 0.015278 0.020370
7 0.168750 0.614583 0.015278 0.020833
7 0.205729 0.595833 0.015625 0.023148
6 0.099653 0.355556 0.027778 0.036111
6 0.148785 0.384028 0.026042 0.034722
6 0.196528 0.406713 0.020833 0.020833
6 0.945660 0.675231 0.007292 0.012500
6 0.979340 0.665972 0.005903 0.010648
12 0.075174 0.912731 0.028125 0.053241
