4 0.080093 0.730903 0.159259 0.329861
1 0.248843 0.227083 0.194907 0.270139
5 0.926389 0.216146 0.147222 0.287847
7 0.284491 0.217882 0.096759 0.076736
7 0.258565 0.313542 0.098611 0.075694
7 0.921065 0.193056 0.117130 0.090278
7 0.920370 0.301215 0.125000 0.092708
7 0.361343 0.163368 0.081944 0.073264
7 0.077083 0.174132 0.091204 0.071181
7 0.393287 0.515104 0.087500 0.069097
12 0.166898 0.844444 0.103241 0.099306
12 0.326389 0.850521 0.085185 0.104514
9 0.283565 0.925174 0.044907 0.080903
9 0.106713 0.922222 0.050463 0.084722
