1 0.625926 0.080556 0.104630 0.160417
1 0.488657 0.111632 0.096759 0.161458
1 0.370602 0.333507 0.085648 0.142708
1 0.905556 0.381424 0.045370 0.084375
1 0.766204 0.396007 0.049074 0.076042
1 0.700000 0.402951 0.043519 0.074653
1 0.635880 0.409549 0.037500 0.071181
7 0.803704 0.064931 0.073148 0.061111
7 0.644676 0.038368 0.063426 0.051736
7 0.635417 0.116667 0.065278 0.052778
7 0.510417 0.085069 0.052315 0.047222
7 0.498843 0.157986 0.056019 0.047222
7 0.386343 0.305035 0.051389 0.044792
7 0.379630 0.373437 0.054630 0.040625
7 0.906944 0.403646 0.034259 0.023264
7 0.909259 0.365799 0.032407 0.023264
7 0.772685 0.381250 0.031481 0.023611
7 0.769676 0.415625 0.029167 0.022917
7 0.705093 0.388889 0.025926 0.020833
7 0.700694 0.422049 0.028241 0.021181
7 0.640509 0.395660 0.025463 0.019792
7 0.637037 0.426910 0.025926 0.020486
7 0.718750 0.451736 0.026389 0.020139
7 0.784491 0.448264 0.026389 0.019444
7 0.290741 0.232292 0.039815 0.031944
7 0.366435 0.211806 0.042130 0.034722
7 0.403472 0.070139 0.048611 0.052778
7 0.316204 0.106424 0.047222 0.046875
7 0.241435 0.136285 0.043981 0.043403
7 0.967824 0.254861 0.030093 0.029167
7 0.713426 0.298958 0.025000 0.025694
7 0.772222 0.312153 0.022222 0.022222
7 0.826389 0.324479 0.022222 0.020486
7 0.746065 0.342014 0.032870 0.028472
7 0.553241 0.262153 0.027778 0.029861
7 0.718750 0.191493 0.032870 0.032292
11 0.444213 0.646701 0.705093 0.587153
11 0.858796 0.575868 0.282407 0.295486
10 0.713889 0.543056 0.136111 0.075694
13 0.514815 0.385590 0.039815 0.044792
