7 0.697124 0.478230 0.024005 0.040657
7 0.079801 0.573529 0.022924 0.026528
7 0.661224 0.577710 0.019680 0.040657
3 0.894680 0.504181 0.052336 0.112745
1 0.766328 0.681373 0.025303 0.061130
7 0.556769 0.551903 0.015787 0.030565
7 0.636138 0.590830 0.015787 0.032872
9 0.584559 0.790369 0.012976 0.034025
7 0.550822 0.411909 0.016869 0.029123
3 0.845480 0.484429 0.050822 0.111303
7 0.581531 0.659314 0.014273 0.020473
7 0.158304 0.547001 0.021194 0.025375
7 0.993620 0.494521 0.012760 0.039216
6 0.615376 0.451701 0.026600 0.030854
9 0.568880 0.787630 0.014057 0.033737
7 0.882785 0.427768 0.037630 0.055652
1 0.702314 0.668253 0.025303 0.065456
3 0.938798 0.521626 0.054931 0.108420
7 0.485510 0.231546 0.026384 0.047290
1 0.833802 0.695213 0.027465 0.055940
12 0.489295 0.773068 0.016220 0.041522
3 0.452098 0.293685 0.048227 0.176182
7 0.154628 0.588379 0.022059 0.026240
1 0.551146 0.637399 0.017950 0.076413
7 0.573746 0.423587 0.019031 0.031719
7 0.468966 0.455017 0.013192 0.020761
7 0.439879 0.195213 0.028547 0.044406
4 0.921064 0.669983 0.075260 0.143310
7 0.843750 0.412486 0.037846 0.055652
13 0.990917 0.674596 0.018166 0.037774
1 0.671713 0.662774 0.025952 0.068339
1 0.746972 0.677191 0.026384 0.062572
7 0.253893 0.106401 0.038927 0.054787
1 0.431661 0.614187 0.020329 0.077855
1 0.640895 0.656286 0.024870 0.070358
2 0.508651 0.227941 0.059689 0.136967
10 0.376946 0.760525 0.063581 0.097751
4 0.864511 0.655277 0.078503 0.153691
2 0.394139 0.169118 0.062067 0.157728
3 0.332612 0.246251 0.054066 0.171857
3 0.181985 0.179354 0.060770 0.172434
4 0.394572 0.540081 0.071583 0.213379
7 0.798010 0.382497 0.035900 0.059689
1 0.583045 0.643887 0.023789 0.074394
2 0.266977 0.103518 0.072448 0.159746
10 0.854996 0.791811 0.056012 0.065167
1 0.156574 0.563581 0.035035 0.096597
12 0.043469 0.754902 0.030277 0.051903
10 0.762327 0.787053 0.057958 0.071223
4 0.223616 0.500144 0.095156 0.245963
10 0.124243 0.743656 0.120891 0.115917
1 0.082612 0.552191 0.038062 0.103230
10 0.665874 0.777826 0.073529 0.078143
4 0.316393 0.522491 0.081747 0.221453
7 0.583910 0.625721 0.019031 0.028835
7 0.642085 0.643599 0.019031 0.028835
7 0.641652 0.679354 0.019031 0.028835
7 0.672794 0.646770 0.019031 0.028835
7 0.673010 0.678201 0.019031 0.028835
7 0.704152 0.654556 0.019031 0.028835
7 0.703071 0.683679 0.019031 0.028835
7 0.748486 0.665225 0.019031 0.028835
7 0.748702 0.695502 0.019031 0.028835
7 0.084559 0.526528 0.027249 0.043829
