1 0.380787 0.173958 0.135648 0.217361
1 0.570833 0.274653 0.130556 0.200694
1 0.716204 0.345486 0.124074 0.174306
1 0.906250 0.451042 0.109722 0.155556
10 0.487269 0.732639 0.438426 0.291667
7 0.356713 0.152431 0.084722 0.069444
7 0.366435 0.247222 0.089352 0.067361
7 0.543056 0.249653 0.073148 0.062500
7 0.556944 0.337326 0.084259 0.062153
7 0.686806 0.326910 0.067130 0.052431
7 0.703704 0.401042 0.070370 0.051389
7 0.879861 0.423438 0.057870 0.047569
7 0.895370 0.494271 0.055556 0.044097
7 0.964583 0.470313 0.052315 0.041319
7 0.976852 0.532986 0.046296 0.044444
7 0.186343 0.402604 0.085648 0.062847
7 0.376389 0.463194 0.069444 0.055556
7 0.526157 0.515451 0.065278 0.048264
7 0.823843 0.610590 0.053241 0.039931
7 0.902083 0.636458 0.047685 0.035417
12 0.189352 0.858160 0.056481 0.085069
12 0.636343 0.881597 0.048611 0.063194
12 0.948148 0.906597 0.031481 0.031250
9 0.908796 0.913715 0.022222 0.039236
9 0.769213 0.055035 0.049537 0.056597
