10 0.815278 0.544271 0.231481 0.138542
10 0.550694 0.582292 0.127315 0.087500
10 0.422685 0.603125 0.089815 0.070833
3 0.790741 0.323958 0.065741 0.109722
3 0.696528 0.367361 0.056944 0.093056
3 0.622454 0.402083 0.048611 0.086111
3 0.522685 0.443576 0.042593 0.067708
3 0.479630 0.462153 0.038889 0.063889
3 0.444907 0.477604 0.036111 0.057986
2 0.808333 0.235417 0.117593 0.110417
2 0.706481 0.289931 0.102778 0.097222
2 0.633333 0.333160 0.089815 0.090625
2 0.525231 0.389410 0.084722 0.074653
1 0.967361 0.506076 0.031944 0.057292
7 0.969444 0.495139 0.020370 0.015278
7 0.971528 0.520139 0.018056 0.014583
7 0.844907 0.219792 0.044444 0.036806
7 0.826620 0.287153 0.043056 0.034722
7 0.802315 0.352257 0.042593 0.033681
7 0.739583 0.275347 0.038426 0.031250
7 0.726157 0.335069 0.038426 0.029167
7 0.704398 0.390278 0.036574 0.027778
7 0.646528 0.370139 0.035648 0.029167
7 0.630324 0.421701 0.031944 0.026736
7 0.551620 0.377257 0.026389 0.023264
7 0.544444 0.419271 0.025926 0.021875
7 0.530324 0.460243 0.024537 0.020486
7 0.469907 0.421875 0.022222 0.017361
7 0.487037 0.476736 0.023148 0.019444
7 0.451620 0.491319 0.021759 0.019444
7 0.507407 0.401736 0.023148 0.020833
7 0.413657 0.452083 0.018056 0.015278
7 0.407176 0.482465 0.017130 0.015625
7 0.388426 0.465799 0.018519 0.015625
7 0.398380 0.511806 0.018981 0.015972
7 0.374074 0.521701 0.016667 0.015625
7 0.318981 0.506597 0.014815 0.012500
7 0.324769 0.540972 0.014352 0.012500
7 0.353241 0.530208 0.015741 0.013889
7 0.290278 0.152257 0.035185 0.021181
7 0.410880 0.182986 0.032870 0.021528
7 0.519213 0.207465 0.034722 0.022569
7 0.208796 0.306250 0.024074 0.016667
7 0.299537 0.320660 0.024074 0.016319
7 0.568287 0.362847 0.020833 0.015278
7 0.166435 0.388021 0.019907 0.012847
7 0.237963 0.396181 0.018519 0.013889
7 0.306713 0.405382 0.017130 0.012153
7 0.199306 0.444792 0.016204 0.009722
7 0.140278 0.439236 0.016667 0.009722
7 0.108102 0.577951 0.019907 0.012847
7 0.090046 0.582292 0.018981 0.011111
8 0.051389 0.607812 0.019444 0.078819
9 0.154861 0.605556 0.019907 0.036111
8 0.715278 0.659722 0.006481 0.019444
8 0.736574 0.660243 0.005556 0.020486
8 0.741204 0.660590 0.005556 0.020486
8 0.746759 0.658507 0.007407 0.018403
8 0.712269 0.660590 0.006019 0.019792
8 0.709028 0.660243 0.004167 0.019792
8 0.689120 0.660417 0.005093 0.019444
8 0.685648 0.660590 0.003704 0.019097
8 0.682407 0.660937 0.003704 0.019097
13 0.441667 0.540972 0.018519 0.020139
6 0.544907 0.086979 0.029630 0.021875
6 0.504861 0.132118 0.029167 0.019097
6 0.469213 0.169965 0.027315 0.019097
6 0.419444 0.226215 0.024074 0.016319
6 0.394676 0.250868 0.022685 0.016319
9 0.551157 0.088021 0.027315 0.046875
9 0.515278 0.124653 0.027778 0.039583
9 0.492824 0.151042 0.026389 0.034028
