1 0.927083 0.113368 0.145833 0.226042
1 0.282407 0.387153 0.097222 0.131944
1 0.220370 0.413021 0.091667 0.123264
1 0.165278 0.434375 0.080556 0.116667
1 0.099074 0.468403 0.068519 0.101389
7 0.959491 0.168229 0.081019 0.069097
7 0.962731 0.071007 0.074537 0.072569
7 0.305787 0.367188 0.042130 0.038542
7 0.295833 0.422396 0.042593 0.034375
7 0.117130 0.449653 0.034259 0.027778
7 0.106481 0.493924 0.034259 0.028819
7 0.309491 0.512500 0.038426 0.027778
7 0.104398 0.608507 0.040278 0.030903
7 0.118287 0.561632 0.040278 0.029514
0 0.070602 0.582812 0.140278 0.107292
4 0.297917 0.612326 0.088426 0.133681
4 0.255556 0.616319 0.078704 0.126389
4 0.221991 0.617708 0.081944 0.120139
7 0.389120 0.290451 0.046759 0.059375
7 0.323843 0.323437 0.041204 0.048264
7 0.113889 0.427083 0.029630 0.033333
11 0.715972 0.824653 0.315278 0.164583
6 0.590046 0.592187 0.039352 0.014236
6 0.526157 0.580382 0.037500 0.012847
6 0.461574 0.567882 0.037037 0.015625
6 0.531019 0.594965 0.031481 0.012847
6 0.470370 0.585069 0.029630 0.013194
