1 0.255324 0.616146 0.044907 0.105903
1 0.392593 0.609722 0.041667 0.101389
1 0.526157 0.604167 0.045833 0.102778
7 0.254167 0.597569 0.040741 0.031250
7 0.254630 0.645312 0.042593 0.030903
7 0.391435 0.591493 0.038426 0.030208
7 0.394907 0.638194 0.039815 0.033333
7 0.524074 0.586979 0.037037 0.033681
7 0.528704 0.632986 0.039815 0.032639
7 0.985648 0.570833 0.028704 0.030556
12 0.279861 0.835417 0.038426 0.058333
12 0.060648 0.851562 0.040741 0.058681
7 0.215278 0.037326 0.079630 0.073958
7 0.492824 0.039931 0.074537 0.079167
7 0.755093 0.046875 0.075000 0.078472
11 0.650000 0.665104 0.700000 0.669792
7 0.121759 0.385764 0.043519 0.036806
7 0.118750 0.339583 0.043981 0.036806
