1 0.121296 0.259896 0.188889 0.288542
5 0.434028 0.413715 0.154167 0.242708
5 0.563889 0.472049 0.141667 0.223958
5 0.683565 0.517882 0.152315 0.205903
0 0.857870 0.576562 0.177778 0.169097
0 0.921296 0.605035 0.157407 0.153819
1 0.569213 0.811111 0.103241 0.172917
7 0.071991 0.222049 0.088426 0.073958
7 0.089120 0.339062 0.092130 0.073958
7 0.392824 0.361285 0.071759 0.061458
7 0.405324 0.459549 0.068056 0.058681
7 0.524537 0.421354 0.063889 0.054514
7 0.540741 0.512847 0.062037 0.054861
7 0.634722 0.473611 0.059259 0.049306
7 0.653009 0.556250 0.056019 0.050000
7 0.795370 0.543750 0.050000 0.043056
7 0.811574 0.616146 0.051852 0.042708
7 0.868287 0.577604 0.048611 0.042014
7 0.886111 0.643403 0.049074 0.040278
7 0.930787 0.605035 0.045833 0.037847
7 0.950463 0.669271 0.050926 0.037847
7 0.333796 0.561285 0.067593 0.050347
7 0.456019 0.598090 0.059259 0.048264
7 0.577315 0.762847 0.059259 0.047917
7 0.589120 0.844618 0.059722 0.048264
7 0.256481 0.249826 0.073148 0.051736
7 0.397222 0.318924 0.066667 0.047569
7 0.517130 0.374653 0.061111 0.043056
7 0.685648 0.455729 0.052778 0.037153
7 0.761111 0.493056 0.049074 0.034028
7 0.828704 0.526042 0.047222 0.031250
12 0.073611 0.814757 0.073148 0.055903
12 0.026157 0.809028 0.051389 0.060417
