7 0.590278 0.287946 0.060847 0.047619
7 0.695602 0.274678 0.069775 0.050347
7 0.807374 0.260293 0.069775 0.050347
7 0.481316 0.327505 0.047950 0.036458
7 0.543816 0.342634 0.047950 0.036458
7 0.412202 0.301959 0.047950 0.036458
7 0.071263 0.359747 0.047950 0.036458
7 0.017526 0.367436 0.034392 0.037946
12 0.036541 0.397693 0.065146 0.051339
7 0.235780 0.414187 0.025132 0.018353
7 0.108796 0.391617 0.025132 0.018353
7 0.134921 0.397073 0.021164 0.013889
7 0.090608 0.402034 0.021164 0.013889
7 0.209987 0.392981 0.019180 0.011657
1 0.138393 0.457217 0.039352 0.079117
7 0.134425 0.440848 0.028108 0.023065
7 0.130126 0.473338 0.028108 0.023065
3 0.255787 0.493180 0.038029 0.062252
7 0.246693 0.508681 0.023810 0.018353
7 0.038194 0.554439 0.043320 0.033482
7 0.130787 0.548983 0.043320 0.033482
7 0.196263 0.547991 0.043320 0.033482
7 0.374339 0.540675 0.044974 0.032738
2 0.425430 0.480655 0.043320 0.034722
7 0.445271 0.474330 0.014881 0.013145
6 0.439153 0.392981 0.017196 0.010665
6 0.296792 0.359995 0.018188 0.015129
9 0.429729 0.368552 0.013558 0.014385
9 0.456184 0.374504 0.013558 0.014385
9 0.483300 0.379216 0.013558 0.014385
6 0.408730 0.383061 0.008598 0.008185
7 0.888889 0.518353 0.063492 0.041667
7 0.777447 0.524058 0.063492 0.041667
7 0.633598 0.486483 0.021164 0.014633
7 0.489418 0.472966 0.014550 0.009921
