10 0.780787 0.512674 0.225463 0.133681
10 0.471759 0.524653 0.156481 0.110417
10 0.277778 0.528125 0.131481 0.087500
10 0.135648 0.532639 0.112037 0.072917
10 0.042593 0.533160 0.084259 0.058681
1 0.853009 0.247222 0.083796 0.135417
1 0.741667 0.272222 0.069444 0.125694
1 0.641667 0.292361 0.066667 0.113889
1 0.497685 0.326215 0.068519 0.096181
1 0.431481 0.339583 0.062037 0.100000
1 0.369676 0.348785 0.061574 0.088542
7 0.308565 0.144965 0.035648 0.028819
7 0.257176 0.168056 0.032870 0.026389
7 0.203472 0.122743 0.036574 0.028125
7 0.090278 0.098437 0.038889 0.027431
7 0.070139 0.111806 0.034722 0.027083
7 0.048843 0.127257 0.038426 0.028125
7 0.867593 0.222917 0.051852 0.038889
7 0.862500 0.283507 0.048148 0.037153
7 0.879630 0.352951 0.040741 0.030903
7 0.776852 0.368229 0.038889 0.028819
7 0.752778 0.250347 0.045370 0.035417
7 0.748611 0.305729 0.046296 0.033681
7 0.654630 0.271007 0.037037 0.031597
7 0.646296 0.322049 0.044444 0.031597
7 0.509954 0.305208 0.032870 0.027083
7 0.503472 0.349479 0.038426 0.026042
7 0.444213 0.319618 0.031019 0.026042
7 0.439120 0.363889 0.031944 0.022917
7 0.386111 0.332813 0.028704 0.026042
7 0.380324 0.372743 0.032870 0.025347
7 0.298380 0.351042 0.031019 0.025000
7 0.292361 0.389757 0.029167 0.019792
7 0.254861 0.363021 0.028241 0.021181
7 0.248843 0.397917 0.027315 0.020833
7 0.213426 0.370139 0.025926 0.019444
7 0.210417 0.404514 0.026389 0.022917
7 0.153009 0.384375 0.026389 0.020139
7 0.147222 0.414062 0.026852 0.018403
7 0.771528 0.144792 0.032870 0.033333
7 0.860185 0.172396 0.032407 0.028819
7 0.509954 0.222049 0.031019 0.028819
7 0.042593 0.220486 0.032407 0.027083
7 0.132639 0.237500 0.030093 0.023611
