2 0.106076 0.578009 0.064931 0.143056
1 0.179514 0.813657 0.038194 0.100463
3 0.151910 0.666898 0.048958 0.147685
6 0.190451 0.045370 0.057986 0.050000
7 0.433507 0.235417 0.043403 0.074537
7 0.703646 0.357176 0.042708 0.081019
7 0.101562 0.734259 0.019792 0.033333
9 0.446181 0.155324 0.033333 0.079167
9 0.332292 0.099537 0.035417 0.084259
9 0.401215 0.130324 0.034375 0.081019
9 0.743924 0.308565 0.020486 0.062500
10 0.060243 0.924537 0.119792 0.150926
12 0.389062 0.626852 0.098958 0.187963
12 0.605382 0.668981 0.096875 0.154630
10 0.396528 0.929861 0.141667 0.140278
10 0.646007 0.930556 0.117708 0.138889
10 0.819444 0.927778 0.084028 0.112037
10 0.957986 0.928704 0.084028 0.100000
4 0.136979 0.954398 0.035069 0.091204
4 0.486458 0.955787 0.025694 0.088426
4 0.461111 0.955787 0.025694 0.088426
12 0.837153 0.713426 0.099306 0.131481
12 0.955556 0.728704 0.088889 0.123148
12 0.578819 0.904861 0.022222 0.027315
9 0.143056 0.028472 0.030556 0.056019
9 0.013542 0.492130 0.026389 0.319444
9 0.272569 0.933102 0.012500 0.043056
9 0.169271 0.935185 0.012847 0.049074
9 0.011285 0.931250 0.017708 0.047685
9 0.786285 0.327083 0.019792 0.056019
9 0.810069 0.337037 0.023611 0.053704
9 0.887153 0.375694 0.019444 0.053241
9 0.916840 0.390509 0.018403 0.048611
9 0.935069 0.399074 0.017361 0.046296
1 0.113368 0.812500 0.037153 0.104630
1 0.047917 0.810417 0.036806 0.115278
2 0.208507 0.596065 0.056597 0.139352
3 0.324826 0.686343 0.052431 0.143981
2 0.451389 0.637037 0.063194 0.119444
1 0.661458 0.708333 0.035417 0.109259
1 0.713542 0.718056 0.040278 0.112037
5 0.674479 0.844444 0.023264 0.075000
3 0.459201 0.827778 0.026736 0.086111
0 0.788368 0.848843 0.044097 0.066204
6 0.097743 0.015972 0.057292 0.031019
6 0.336806 0.120602 0.043750 0.043056
6 0.408681 0.159954 0.041667 0.036574
6 0.476736 0.191204 0.044444 0.035185
6 0.802431 0.345139 0.036111 0.028241
6 0.840104 0.360648 0.038542 0.027778
6 0.760069 0.327546 0.036806 0.028241
6 0.959375 0.422222 0.033333 0.025000
6 0.931076 0.408796 0.037153 0.025926
6 0.898958 0.391435 0.036111 0.026389
7 0.575000 0.430324 0.034028 0.053241
7 0.638715 0.392593 0.028125 0.052778
7 0.835590 0.467361 0.027431 0.052315
7 0.902257 0.437037 0.029514 0.051852
7 0.772743 0.497222 0.029514 0.047222
7 0.985590 0.525694 0.024653 0.043981
7 0.925521 0.551620 0.023264 0.037500
7 0.794618 0.601157 0.021181 0.036574
7 0.520660 0.683796 0.057292 0.097222
7 0.923611 0.748843 0.043750 0.067130
7 0.302778 0.331944 0.039583 0.062037
7 0.363889 0.284722 0.041667 0.058333
7 0.455035 0.812731 0.017708 0.025463
7 0.457118 0.848843 0.019792 0.023611
7 0.496354 0.849306 0.016319 0.026389
7 0.494965 0.813889 0.018403 0.025000
7 0.776389 0.836343 0.016667 0.020833
7 0.780382 0.864352 0.015625 0.020370
7 0.789583 0.778704 0.024306 0.030556
7 0.709549 0.745370 0.024653 0.035185
7 0.435417 0.621296 0.028472 0.041667
7 0.321354 0.725231 0.034375 0.047685
7 0.155556 0.705787 0.038889 0.051389
7 0.201215 0.574769 0.034375 0.045833
7 0.097743 0.555556 0.040625 0.050000
7 0.161979 0.743981 0.017014 0.030556
7 0.035590 0.728241 0.019792 0.033333
7 0.321875 0.542130 0.027083 0.037963
7 0.361806 0.515278 0.025000 0.036111
7 0.407813 0.487963 0.023264 0.037037
7 0.443229 0.498148 0.023264 0.033333
7 0.471007 0.501157 0.023264 0.030093
7 0.593924 0.571991 0.021875 0.026389
7 0.617188 0.544676 0.021875 0.031944
7 0.639062 0.550000 0.019792 0.029630
7 0.664757 0.554167 0.019792 0.029630
7 0.174132 0.796296 0.024653 0.032407
7 0.175868 0.840278 0.024653 0.032407
7 0.111632 0.793056 0.024653 0.032407
7 0.111285 0.834722 0.024653 0.032407
7 0.045312 0.831944 0.024653 0.032407
7 0.046007 0.788889 0.024653 0.032407
