1 0.441493 0.425926 0.078125 0.175000
1 0.576215 0.359722 0.091319 0.233333
1 0.501042 0.390741 0.084722 0.193519
4 0.554688 0.718519 0.095486 0.317593
4 0.215625 0.752778 0.052083 0.125000
4 0.481771 0.743287 0.077431 0.261574
5 0.741146 0.261806 0.109375 0.262500
5 0.883854 0.190509 0.126736 0.294907
7 0.584896 0.410880 0.046181 0.062500
7 0.670139 0.221296 0.043056 0.075000
7 0.895660 0.944676 0.025347 0.034722
7 0.263021 0.481713 0.020486 0.042130
11 0.076563 0.857870 0.152431 0.284259
11 0.679688 0.814352 0.343403 0.371296
4 0.512847 0.720139 0.073611 0.219907
1 0.220833 0.543287 0.059028 0.124537
3 0.313715 0.631481 0.041319 0.093519
0 0.111285 0.706481 0.077431 0.103704
7 0.916667 0.135880 0.056250 0.079167
7 0.904340 0.256481 0.060069 0.078704
7 0.773785 0.218056 0.054514 0.069444
7 0.761458 0.322917 0.049306 0.072685
7 0.599306 0.325000 0.038889 0.056481
7 0.524306 0.367130 0.036111 0.052778
7 0.509549 0.445833 0.037153 0.050926
7 0.463021 0.401852 0.035764 0.048148
7 0.448090 0.473843 0.031597 0.047685
7 0.239583 0.526389 0.022917 0.032407
7 0.228472 0.575926 0.022917 0.033333
7 0.143576 0.618287 0.021181 0.028241
7 0.127951 0.736343 0.020486 0.029167
7 0.246701 0.652083 0.022569 0.029167
7 0.303299 0.636806 0.020486 0.032870
7 0.620313 0.542361 0.036458 0.051389
7 0.550694 0.562731 0.034722 0.045833
7 0.526910 0.318750 0.034375 0.051389
7 0.292014 0.462037 0.022917 0.038889
7 0.237847 0.496759 0.021528 0.033333
7 0.824653 0.767593 0.021528 0.028704
12 0.874653 0.771528 0.067361 0.102315
9 0.873090 0.843981 0.023958 0.069444
9 0.806076 0.842130 0.023958 0.063889
8 0.314063 0.939352 0.005903 0.042593
6 0.964236 0.661343 0.044444 0.029167
6 0.906250 0.625231 0.040278 0.024537
