1 0.687326 0.562037 0.047569 0.175926
1 0.586285 0.581250 0.046875 0.161574
1 0.362153 0.628241 0.049306 0.139815
1 0.435937 0.614352 0.048958 0.146296
1 0.805382 0.548611 0.049653 0.164815
1 0.094965 0.685880 0.046875 0.114352
1 0.143924 0.676852 0.046181 0.118519
1 0.193924 0.663889 0.049653 0.124074
1 0.022222 0.700926 0.043750 0.105556
1 0.297049 0.643519 0.050347 0.135185
7 0.688368 0.609722 0.039236 0.050926
7 0.147222 0.708102 0.029167 0.035648
7 0.099132 0.716898 0.028125 0.035648
7 0.065278 0.276157 0.045833 0.067130
7 0.318056 0.124537 0.050000 0.085185
7 0.207118 0.538657 0.032292 0.042130
10 0.374826 0.909954 0.150347 0.167130
10 0.705903 0.896528 0.205556 0.200463
10 0.143229 0.918519 0.123264 0.142593
13 0.697743 0.235880 0.119792 0.181944
13 0.797396 0.323611 0.106597 0.163889
13 0.869271 0.400463 0.095486 0.147222
12 0.467014 0.954630 0.037500 0.071296
9 0.890972 0.966667 0.031250 0.066667
9 0.819965 0.965046 0.030903 0.069907
6 0.099132 0.371528 0.035069 0.041204
6 0.244965 0.297917 0.035764 0.043056
6 0.290625 0.276852 0.034722 0.050000
6 0.435069 0.197917 0.037500 0.045833
6 0.499306 0.160880 0.043750 0.049537
6 0.550521 0.123611 0.035069 0.049074
7 0.643576 0.400000 0.035069 0.045370
7 0.694965 0.443056 0.032292 0.045370
7 0.741840 0.486343 0.028819 0.040278
7 0.393056 0.482176 0.029167 0.041204
7 0.448611 0.511806 0.026389 0.040278
7 0.497569 0.546991 0.027778 0.041204
7 0.415972 0.532407 0.033333 0.044444
7 0.260069 0.566667 0.030556 0.039815
7 0.171354 0.631019 0.023264 0.032407
7 0.056944 0.657639 0.020833 0.030093
7 0.009896 0.641435 0.019097 0.031019
7 0.067014 0.584259 0.024306 0.037963
7 0.052604 0.454861 0.034375 0.048611
7 0.150521 0.329167 0.038542 0.055556
7 0.228646 0.380787 0.035764 0.049537
7 0.404687 0.192824 0.039236 0.067130
7 0.485764 0.266435 0.040278 0.060648
7 0.030556 0.682407 0.025694 0.032407
7 0.025000 0.731250 0.028472 0.036574
7 0.105382 0.665278 0.025347 0.036111
7 0.152257 0.656481 0.028125 0.033333
7 0.205729 0.643519 0.025347 0.035185
7 0.196875 0.699537 0.027083 0.036111
7 0.307118 0.619907 0.028819 0.040741
7 0.300868 0.680093 0.031597 0.040741
7 0.365972 0.667361 0.031250 0.042130
7 0.372049 0.603935 0.028125 0.040278
7 0.443750 0.588889 0.031944 0.041667
7 0.438715 0.653241 0.031597 0.042593
7 0.589063 0.628009 0.036458 0.048611
7 0.591667 0.556019 0.034028 0.048148
7 0.689063 0.531944 0.039236 0.049074
7 0.808507 0.589815 0.042014 0.056481
7 0.807639 0.507870 0.042361 0.052778
