7 0.289360 0.258074 0.047145 0.047290
7 0.700584 0.168973 0.046064 0.059400
7 0.573313 0.112745 0.062716 0.074971
7 0.582072 0.254181 0.039144 0.056228
7 0.488214 0.324394 0.042171 0.048443
7 0.459451 0.224337 0.061635 0.070934
7 0.481726 0.125865 0.051687 0.067762
7 0.500000 0.028835 0.061851 0.057093
7 0.406574 0.126153 0.052336 0.053345
7 0.389922 0.216984 0.047145 0.050461
7 0.368620 0.306228 0.058175 0.055940
7 0.276492 0.335496 0.038711 0.038351
7 0.255731 0.405421 0.045631 0.040946
7 0.207072 0.446511 0.042171 0.035467
7 0.164468 0.483708 0.036981 0.034890
7 0.133218 0.424164 0.032007 0.034025
7 0.120242 0.479960 0.031142 0.033737
7 0.077747 0.559544 0.032223 0.031430
7 0.106726 0.531574 0.039576 0.036044
7 0.055363 0.576413 0.030277 0.034025
9 0.560337 0.739908 0.010381 0.031719
12 0.726427 0.678777 0.045415 0.036332
12 0.687933 0.686130 0.041522 0.036621
9 0.678201 0.722895 0.012543 0.034025
9 0.718858 0.718137 0.011678 0.033160
0 0.979347 0.471309 0.041306 0.111015
7 0.983997 0.499279 0.028547 0.037197
7 0.976968 0.452422 0.030926 0.034602
7 0.973292 0.392589 0.026168 0.038927
7 0.715398 0.493945 0.016869 0.030565
7 0.665009 0.512687 0.017301 0.029988
5 0.702530 0.562572 0.044334 0.095156
7 0.708369 0.580594 0.023573 0.025663
7 0.706315 0.540657 0.024221 0.027105
3 0.359429 0.254469 0.073962 0.167532
2 0.368945 0.152970 0.105104 0.180796
3 0.451773 0.165802 0.076990 0.186275
3 0.249892 0.362745 0.059472 0.129181
2 0.256704 0.287197 0.094291 0.138985
5 0.647599 0.572520 0.038279 0.061419
7 0.654952 0.593426 0.020545 0.021915
7 0.652574 0.557526 0.019680 0.025087
4 0.488646 0.749567 0.027465 0.087947
10 0.541522 0.521482 0.251730 0.294406
10 0.244593 0.655277 0.144464 0.189446
