10 0.543287 0.359549 0.186574 0.126042
10 0.072685 0.347743 0.144444 0.128819
3 0.677546 0.133160 0.053241 0.137847
3 0.524306 0.131250 0.055093 0.138194
3 0.371528 0.128125 0.046759 0.136806
3 0.102778 0.126562 0.059259 0.133681
2 0.163889 0.072049 0.073148 0.117708
2 0.431481 0.075174 0.055556 0.117708
2 0.590046 0.074306 0.049537 0.119444
2 0.749306 0.074479 0.051389 0.120486
1 0.220602 0.300000 0.026389 0.061111
1 0.361806 0.303993 0.024537 0.064236
5 0.634259 0.311806 0.023148 0.065278
0 0.767361 0.311458 0.029167 0.059028
0 0.919213 0.313715 0.031944 0.060069
7 0.028704 0.061806 0.046296 0.034722
7 0.109722 0.171354 0.042593 0.032986
7 0.144676 0.118229 0.040278 0.033681
7 0.177083 0.063889 0.043981 0.035417
7 0.437963 0.065451 0.040741 0.034375
7 0.404398 0.122222 0.042130 0.034028
7 0.369213 0.175347 0.040278 0.034722
7 0.519444 0.176215 0.041667 0.031597
7 0.556019 0.122743 0.039815 0.033681
7 0.593750 0.065799 0.041204 0.035069
7 0.673611 0.178125 0.042593 0.032639
7 0.711343 0.123958 0.042130 0.035417
7 0.750000 0.065972 0.043519 0.036806
7 0.916204 0.303125 0.021296 0.015972
7 0.914352 0.330035 0.021296 0.015625
7 0.765509 0.300347 0.020833 0.015278
7 0.763657 0.327257 0.019907 0.016319
7 0.560417 0.297049 0.020833 0.014931
7 0.323611 0.342882 0.017593 0.014931
11 0.543750 0.469965 0.119907 0.096181
7 0.907407 0.269618 0.021296 0.013542
7 0.761343 0.267535 0.019907 0.012847
7 0.633565 0.265625 0.019907 0.012500
7 0.562963 0.264583 0.019444 0.013889
7 0.492593 0.263368 0.018519 0.013542
7 0.371991 0.260937 0.018981 0.012153
7 0.235648 0.258333 0.018519 0.013889
6 0.024306 0.259375 0.032870 0.009722
6 0.057176 0.272917 0.029167 0.009028
12 0.767130 0.375174 0.024074 0.017708
12 0.735648 0.374306 0.023148 0.017361
7 0.751389 0.400000 0.013889 0.009722
7 0.725463 0.399479 0.012963 0.007986
7 0.720139 0.413542 0.009722 0.006250
4 0.339815 0.396701 0.032407 0.057986
9 0.395370 0.386806 0.011111 0.023611
12 0.401157 0.360590 0.028241 0.028819
12 0.348843 0.358681 0.025463 0.028472
8 0.395370 0.441667 0.010185 0.016667
8 0.406250 0.442535 0.009722 0.014931
8 0.365741 0.442535 0.012037 0.015625
9 0.194676 0.379167 0.013426 0.023611
9 0.138657 0.376910 0.012500 0.021875
7 0.205093 0.409375 0.012037 0.009722
7 0.158796 0.353299 0.012037 0.008681
8 0.190741 0.424653 0.007407 0.029861
8 0.152315 0.423785 0.007407 0.028819
8 0.140741 0.423785 0.007407 0.028819
8 0.128009 0.423090 0.007870 0.028125
8 0.117593 0.423958 0.014815 0.029861
