12 0.729671 0.653547 0.025952 0.043541
7 0.514057 0.032584 0.064879 0.064591
8 0.992431 0.763264 0.014273 0.039216
7 0.027033 0.404700 0.045415 0.049885
7 0.969831 0.480536 0.033953 0.036044
1 0.512976 0.043973 0.076990 0.087370
7 0.945394 0.379325 0.022275 0.027970
7 0.155493 0.424020 0.036765 0.045271
11 0.326665 0.871684 0.100130 0.154556
12 0.976535 0.610294 0.033088 0.045271
11 0.044118 0.875000 0.087803 0.250000
8 0.726427 0.776817 0.011678 0.052480
7 0.955882 0.426471 0.029844 0.035755
7 0.429498 0.683535 0.016436 0.025663
7 0.576341 0.496107 0.017734 0.035467
7 0.135705 0.201990 0.052984 0.067186
7 0.727184 0.653258 0.012760 0.018743
7 0.710316 0.735727 0.012327 0.015283
7 0.273032 0.129902 0.048227 0.076413
2 0.096453 0.213235 0.111592 0.173299
9 0.665657 0.703576 0.015138 0.038062
7 0.670848 0.752307 0.014273 0.019031
3 0.071907 0.313870 0.090182 0.188293
7 0.162846 0.361303 0.041522 0.050750
7 0.117863 0.281430 0.050606 0.061707
7 0.379001 0.125865 0.052984 0.083910
9 0.980969 0.646770 0.025087 0.046713
4 0.538603 0.722030 0.032656 0.113610
7 0.677984 0.661188 0.012543 0.017878
11 0.402682 0.849048 0.099481 0.184256
7 0.381163 0.047001 0.056012 0.092272
7 0.428417 0.720588 0.015571 0.025952
3 0.563581 0.558679 0.032872 0.096597
7 0.086397 0.357122 0.052119 0.061419
8 0.705990 0.777105 0.011029 0.052480
7 0.267085 0.208045 0.051903 0.076413
8 0.716696 0.776817 0.011246 0.053057
1 0.255515 0.149942 0.093209 0.222030
4 0.568880 0.715975 0.037846 0.113610
3 0.961830 0.447953 0.058607 0.121972
12 0.691176 0.659602 0.033737 0.051615
1 0.372297 0.091119 0.087154 0.181661
10 0.428417 0.499712 0.263841 0.324106
10 0.084991 0.632209 0.169550 0.224048
