1 0.267882 0.103704 0.060069 0.206481
1 0.092014 0.093287 0.065972 0.185648
2 0.941840 0.093519 0.094097 0.186111
2 0.598958 0.078241 0.077778 0.155556
3 0.528646 0.153009 0.060764 0.245833
3 0.694965 0.171296 0.061458 0.241667
3 0.858854 0.184028 0.058681 0.235648
1 0.476562 0.477546 0.037153 0.127315
1 0.557639 0.489352 0.033333 0.127778
4 0.546354 0.677546 0.039931 0.127315
5 0.867361 0.512037 0.040278 0.122222
5 0.940451 0.515741 0.034375 0.116667
7 0.762847 0.054398 0.051389 0.066204
7 0.860938 0.486343 0.025347 0.031944
7 0.629687 0.405787 0.021181 0.043981
7 0.767014 0.415278 0.026389 0.042593
7 0.845833 0.419444 0.025694 0.049074
7 0.553472 0.402315 0.023611 0.037963
9 0.361458 0.645602 0.015972 0.052315
10 0.716667 0.584028 0.229167 0.250463
10 0.094792 0.549769 0.188889 0.258796
11 0.896875 0.829861 0.152083 0.221759
4 0.495139 0.674306 0.040972 0.131944
4 0.596528 0.682176 0.038889 0.127315
12 0.225174 0.575694 0.023958 0.074537
12 0.939931 0.640741 0.027778 0.041667
9 0.248438 0.636343 0.019792 0.056019
9 0.434549 0.645139 0.013542 0.056944
8 0.440104 0.769444 0.012847 0.036111
8 0.474653 0.768750 0.011111 0.040278
8 0.347222 0.765509 0.014583 0.037500
8 0.151389 0.738426 0.010417 0.073148
8 0.139583 0.737963 0.020833 0.075926
8 0.166319 0.736806 0.013194 0.068981
8 0.201215 0.736806 0.012847 0.069907
8 0.217361 0.738194 0.011806 0.071759
8 0.232465 0.739352 0.012153 0.072222
2 0.774306 0.086574 0.090278 0.172222
7 0.475000 0.393519 0.023611 0.037963
7 0.923264 0.423611 0.025694 0.049074
7 0.862326 0.538194 0.025347 0.031944
7 0.941493 0.544213 0.025347 0.031944
7 0.940104 0.493287 0.025347 0.031944
7 0.857639 0.258102 0.049306 0.066204
7 0.693056 0.245602 0.049306 0.066204
7 0.922222 0.069213 0.049306 0.066204
7 0.602431 0.041435 0.049306 0.066204
7 0.527083 0.231250 0.049306 0.066204
7 0.265278 0.160185 0.049306 0.066667
7 0.271528 0.061111 0.049306 0.066667
7 0.088021 0.144676 0.053125 0.076389
7 0.096701 0.045833 0.052431 0.071296
7 0.368403 0.039583 0.029861 0.052315
7 0.483333 0.053009 0.033333 0.047685
7 0.137847 0.574769 0.018056 0.037500
7 0.211458 0.577315 0.018056 0.033333
7 0.252778 0.701389 0.017361 0.024074
7 0.322917 0.702778 0.017361 0.024074
7 0.023958 0.691204 0.017361 0.024074
7 0.892535 0.686806 0.015625 0.028241
7 0.014757 0.353472 0.028125 0.048611
