1 0.426736 0.090509 0.063194 0.180093
2 0.032813 0.080093 0.064931 0.159259
1 0.917188 0.400926 0.037847 0.136111
1 0.280208 0.433333 0.035417 0.122222
1 0.824826 0.405787 0.034375 0.134722
4 0.293576 0.621296 0.039236 0.122222
4 0.917882 0.610880 0.046181 0.142130
4 0.970139 0.606944 0.038194 0.140741
4 0.861632 0.611111 0.046181 0.143519
7 0.428299 0.129167 0.049653 0.067593
7 0.028472 0.362037 0.023611 0.046296
7 0.099653 0.358102 0.024306 0.046759
7 0.374479 0.342361 0.025347 0.044907
7 0.224479 0.351620 0.023958 0.042130
7 0.905035 0.308333 0.025347 0.039815
8 0.505903 0.693519 0.013889 0.068519
9 0.714236 0.587731 0.015278 0.049537
10 0.439583 0.514352 0.227778 0.246296
11 0.056250 0.758102 0.111806 0.297685
4 0.245486 0.624537 0.040972 0.126852
12 0.573438 0.531944 0.025347 0.073148
9 0.599826 0.585880 0.019097 0.056944
8 0.517188 0.692361 0.007292 0.070833
8 0.530556 0.692593 0.009028 0.072222
8 0.562326 0.690046 0.009375 0.072685
8 0.578299 0.690046 0.011458 0.070833
8 0.592187 0.689120 0.010764 0.068981
8 0.707812 0.709954 0.013542 0.037500
8 0.721007 0.710648 0.011458 0.036111
8 0.802951 0.711111 0.015625 0.033333
8 0.842708 0.708333 0.012500 0.039815
1 0.270486 0.095602 0.057639 0.190278
1 0.591319 0.083102 0.063889 0.165278
3 0.869444 0.090046 0.070139 0.179167
1 0.076910 0.447222 0.035069 0.118519
1 0.012500 0.445139 0.024306 0.108796
7 0.010590 0.477546 0.020486 0.034722
7 0.010937 0.426620 0.021181 0.034722
7 0.079340 0.422454 0.026042 0.031944
7 0.078646 0.472454 0.026042 0.031944
7 0.211979 0.418056 0.019097 0.032407
7 0.211285 0.463889 0.017014 0.030556
7 0.283160 0.413426 0.026042 0.032407
7 0.282465 0.465741 0.026042 0.032407
7 0.869444 0.131944 0.059028 0.072222
7 0.591146 0.113657 0.053819 0.066204
7 0.590799 0.022685 0.051042 0.044444
7 0.429340 0.032870 0.051042 0.064815
7 0.270313 0.144907 0.049653 0.067593
7 0.271701 0.048148 0.049653 0.067593
7 0.040104 0.026852 0.047569 0.052778
7 0.299653 0.345139 0.025694 0.050463
7 0.817708 0.314583 0.025694 0.039352
7 0.990278 0.305787 0.019444 0.042130
7 0.494618 0.532639 0.017708 0.038426
7 0.561285 0.533333 0.017014 0.037037
7 0.088021 0.151157 0.045486 0.053241
