12 0.900694 0.189062 0.153241 0.054514
12 0.944676 0.145313 0.110648 0.057292
12 0.978704 0.398438 0.042593 0.033681
7 0.952083 0.233681 0.050463 0.040278
7 0.867130 0.272049 0.046296 0.035069
7 0.803704 0.302083 0.042593 0.031250
7 0.622685 0.371528 0.032407 0.027083
7 0.610648 0.377431 0.024074 0.024306
7 0.600231 0.381944 0.026389 0.025000
7 0.194907 0.348264 0.028704 0.029167
8 0.930093 0.401042 0.045370 0.069444
8 0.906944 0.409028 0.042593 0.069444
8 0.886574 0.412500 0.044444 0.067361
8 0.845602 0.423090 0.042130 0.062153
8 0.829630 0.428472 0.037963 0.059028
8 0.816204 0.430903 0.037037 0.059028
8 0.782407 0.434722 0.037037 0.061111
8 0.761574 0.439931 0.035185 0.055556
7 0.233796 0.468576 0.027778 0.021181
7 0.288657 0.472569 0.027315 0.019444
7 0.374537 0.476215 0.026852 0.017708
7 0.427546 0.479861 0.023611 0.019444
7 0.509954 0.480903 0.026389 0.018750
7 0.561806 0.484722 0.025463 0.019444
7 0.661806 0.488194 0.027315 0.019444
1 0.722454 0.479861 0.031944 0.051389
1 0.540972 0.473958 0.030093 0.051389
1 0.413194 0.468229 0.029167 0.050347
1 0.338426 0.466667 0.032407 0.052778
1 0.262500 0.462500 0.031481 0.055556
7 0.262731 0.456076 0.029167 0.023264
7 0.339120 0.459896 0.029167 0.023958
7 0.413889 0.463889 0.026852 0.022222
7 0.541204 0.469097 0.027778 0.020833
7 0.723611 0.476736 0.029630 0.022917
