10 0.871759 0.387326 0.256481 0.196875
10 0.587731 0.431597 0.188426 0.131944
10 0.412500 0.452604 0.134259 0.098264
1 0.825231 0.069792 0.101389 0.138889
1 0.723148 0.104340 0.085185 0.146875
1 0.588426 0.174826 0.067593 0.128125
1 0.530093 0.204167 0.064815 0.116667
1 0.481944 0.229687 0.057407 0.108681
1 0.412037 0.264410 0.059259 0.094792
1 0.377546 0.280382 0.052315 0.086458
1 0.350231 0.296007 0.043981 0.081597
13 0.230787 0.278125 0.041204 0.050694
13 0.127778 0.265799 0.048148 0.053819
13 0.026389 0.254340 0.046296 0.056597
7 0.962037 0.039931 0.065741 0.054861
7 0.841204 0.024826 0.061111 0.047569
7 0.834491 0.098611 0.062500 0.048611
7 0.738889 0.078125 0.052778 0.043750
7 0.731944 0.144618 0.051852 0.044097
7 0.603241 0.147917 0.041667 0.036111
7 0.597685 0.206771 0.048148 0.037153
7 0.545139 0.182118 0.033796 0.032986
7 0.537037 0.235243 0.037037 0.035069
7 0.494444 0.208681 0.033333 0.032639
7 0.489120 0.257812 0.035648 0.031597
7 0.422685 0.246701 0.030556 0.026042
7 0.418750 0.289583 0.031019 0.027778
7 0.926389 0.195660 0.052778 0.040625
7 0.628704 0.294271 0.037037 0.030903
7 0.062963 0.108681 0.030556 0.025000
7 0.169444 0.124826 0.030556 0.023264
7 0.271991 0.136458 0.029167 0.023611
7 0.448843 0.206424 0.033796 0.032292
7 0.618981 0.104861 0.040741 0.040278
7 0.673843 0.077431 0.034722 0.031250
7 0.380787 0.030903 0.034722 0.031250
7 0.252546 0.014583 0.040278 0.028472
