1 0.851389 0.225463 0.204861 0.365741
1 0.667535 0.285880 0.187847 0.324537
1 0.440104 0.368519 0.148958 0.259259
1 0.335764 0.400000 0.138889 0.237037
1 0.246528 0.423611 0.133333 0.220370
0 0.403646 0.692824 0.173264 0.304167
7 0.915278 0.211343 0.076389 0.099537
7 0.864931 0.358333 0.077778 0.101852
7 0.726389 0.272454 0.067361 0.088426
7 0.679514 0.402083 0.065278 0.092130
7 0.485764 0.344676 0.055556 0.078241
7 0.440625 0.458333 0.054861 0.076852
7 0.380208 0.379630 0.048611 0.067593
7 0.335590 0.482639 0.049653 0.070833
7 0.289931 0.407407 0.046528 0.066667
7 0.246701 0.501852 0.045486 0.063889
7 0.456944 0.658102 0.062500 0.085648
7 0.400000 0.795602 0.063194 0.093056
7 0.846181 0.650231 0.064583 0.088426
7 0.852083 0.501852 0.066667 0.078704
7 0.616493 0.257639 0.053125 0.068056
7 0.503993 0.297685 0.047569 0.063889
7 0.407813 0.329167 0.046181 0.057407
6 0.024306 0.581944 0.027083 0.028704
6 0.077778 0.758796 0.020139 0.022222
6 0.223090 0.759028 0.028125 0.025463
6 0.298611 0.825231 0.029167 0.023611
6 0.238194 0.895833 0.020833 0.024074
6 0.297396 0.946528 0.019792 0.024537
6 0.532292 0.987963 0.026389 0.024074
