13 0.877841 0.772917 0.034091 0.058333
13 0.823153 0.787500 0.029830 0.054167
13 0.771307 0.796875 0.028409 0.064583
10 0.183949 0.588542 0.234375 0.260417
10 0.442472 0.791667 0.126420 0.170833
10 0.585938 0.894792 0.086648 0.122917
1 0.202415 0.163542 0.100852 0.218750
1 0.289062 0.266667 0.092330 0.183333
7 0.200284 0.129167 0.059659 0.066667
7 0.189631 0.198958 0.055398 0.068750
7 0.283381 0.238542 0.049716 0.056250
7 0.273438 0.300000 0.049716 0.066667
7 0.411932 0.635417 0.034091 0.045833
7 0.457386 0.673958 0.039773 0.039583
7 0.262784 0.471875 0.051136 0.068750
7 0.183949 0.395833 0.052557 0.062500
7 0.098722 0.305208 0.058239 0.072917
