10 0.114583 0.719213 0.228472 0.254167
10 0.743229 0.687269 0.362153 0.352315
12 0.528472 0.827083 0.043750 0.099537
1 0.722917 0.089583 0.077778 0.178241
1 0.521354 0.118519 0.089236 0.236111
1 0.234549 0.185880 0.091319 0.236574
1 0.102431 0.232870 0.093056 0.225926
7 0.131944 0.456250 0.046528 0.058796
7 0.249306 0.435648 0.047917 0.063889
7 0.646007 0.356944 0.057986 0.075000
7 0.840278 0.315741 0.064583 0.083333
7 0.961806 0.059259 0.076389 0.109259
7 0.723958 0.128009 0.072222 0.095833
7 0.726736 0.026389 0.067361 0.051852
7 0.527257 0.066435 0.068403 0.087500
7 0.519618 0.187731 0.063542 0.084722
7 0.239410 0.264583 0.060764 0.074537
7 0.252083 0.161574 0.052778 0.073148
7 0.122569 0.206019 0.050694 0.069444
7 0.110243 0.304398 0.053819 0.074537
7 0.017882 0.243056 0.035069 0.070370
7 0.010417 0.335185 0.020139 0.069444
7 0.162326 0.117593 0.041319 0.047222
