11 0.557870 0.628819 0.221296 0.243750
11 0.194907 0.754514 0.388889 0.360417
1 0.147222 0.146701 0.128704 0.189236
5 0.321991 0.252431 0.111574 0.159028
5 0.395139 0.292014 0.111574 0.146528
5 0.453472 0.325000 0.100463 0.136806
0 0.547454 0.363542 0.112500 0.106944
0 0.584491 0.383160 0.108796 0.098264
0 0.613194 0.400694 0.100463 0.090278
1 0.364815 0.502951 0.063889 0.105903
7 0.118519 0.120833 0.065741 0.051389
7 0.128009 0.197222 0.060648 0.050694
7 0.295370 0.218229 0.055556 0.041319
7 0.302546 0.282986 0.052315 0.040972
7 0.373380 0.320486 0.044907 0.035417
7 0.433565 0.349306 0.039352 0.034028
7 0.509722 0.343403 0.035185 0.028472
7 0.516435 0.389410 0.033796 0.029514
7 0.547917 0.365104 0.032870 0.026736
7 0.579861 0.384201 0.032870 0.024653
7 0.371991 0.474653 0.041204 0.029861
7 0.376852 0.524653 0.040741 0.031250
4 0.062963 0.452951 0.125000 0.236458
7 0.197685 0.126042 0.056481 0.059028
7 0.278241 0.176389 0.050926 0.055556
7 0.481250 0.302083 0.036574 0.037500
