4 0.871875 0.445833 0.163194 0.476852
4 0.732639 0.486111 0.137500 0.427778
4 0.620139 0.522222 0.127778 0.392593
1 0.277778 0.122685 0.109722 0.244444
1 0.186806 0.176389 0.097917 0.262963
1 0.107986 0.239120 0.095833 0.246759
0 0.276736 0.425463 0.239583 0.328704
7 0.507465 0.035648 0.064931 0.070370
7 0.304514 0.051389 0.054167 0.078704
7 0.291840 0.182407 0.057292 0.077778
7 0.211806 0.133333 0.045833 0.073148
7 0.197222 0.252546 0.048611 0.074537
7 0.133681 0.200694 0.045833 0.067130
7 0.118056 0.308565 0.046528 0.066204
7 0.909201 0.082176 0.077431 0.103241
7 0.722569 0.188194 0.063889 0.094907
7 0.360764 0.366435 0.061111 0.085648
7 0.341493 0.517824 0.060764 0.091204
7 0.226910 0.069907 0.046181 0.062037
7 0.269792 0.871759 0.011111 0.016667
7 0.311458 0.864815 0.013194 0.018519
6 0.220312 0.676620 0.022569 0.019907
6 0.290972 0.695833 0.022222 0.019444
6 0.171181 0.560648 0.027083 0.028704
6 0.258333 0.589120 0.029861 0.026389
6 0.518750 0.634259 0.027083 0.025926
6 0.544444 0.638657 0.015278 0.018056
6 0.530208 0.670139 0.028472 0.023611
6 0.145139 0.836574 0.028472 0.027778
