1 0.896528 0.374537 0.126389 0.391667
1 0.715625 0.439352 0.118750 0.358333
1 0.451389 0.519676 0.117361 0.321759
1 0.326215 0.564583 0.110069 0.301389
1 0.208854 0.600463 0.115625 0.284259
1 0.043750 0.657176 0.086806 0.259722
7 0.918056 0.315278 0.076389 0.097222
7 0.904861 0.488657 0.073611 0.101389
7 0.736979 0.376389 0.071875 0.090741
7 0.724653 0.538194 0.075000 0.094907
7 0.472917 0.466204 0.061806 0.083333
7 0.459201 0.612731 0.064931 0.084722
7 0.347049 0.510648 0.062847 0.080556
7 0.332118 0.648380 0.063542 0.081019
7 0.230382 0.549306 0.056597 0.075463
7 0.215451 0.680787 0.063542 0.075463
7 0.054167 0.610880 0.052778 0.068981
7 0.038368 0.731944 0.055208 0.070370
7 0.050000 0.882639 0.047917 0.063426
7 0.133160 0.863889 0.045486 0.063889
7 0.420139 0.805787 0.056944 0.072685
7 0.543576 0.780093 0.058681 0.075000
7 0.968403 0.697917 0.061806 0.089352
6 0.739062 0.811574 0.022569 0.025000
7 0.468056 0.229861 0.051389 0.068056
7 0.610417 0.297454 0.044444 0.062500
7 0.063368 0.038426 0.055903 0.074074
7 0.131250 0.383565 0.041667 0.056019
