1 0.132118 0.901157 0.091319 0.197685
7 0.137674 0.877083 0.047569 0.060648
7 0.113021 0.972454 0.053819 0.055093
7 0.277257 0.966204 0.046181 0.060185
7 0.257292 0.847917 0.041667 0.074537
7 0.359896 0.122685 0.058681 0.075000
7 0.163889 0.376157 0.045833 0.068981
7 0.351042 0.374769 0.032639 0.041204
6 0.026910 0.168750 0.052431 0.093981
6 0.214410 0.316667 0.044792 0.054630
6 0.304861 0.395139 0.049306 0.047685
6 0.388715 0.477778 0.047569 0.052778
6 0.594618 0.672454 0.042708 0.052315
6 0.814931 0.874537 0.050000 0.049074
6 0.869097 0.917130 0.037500 0.038889
