8 0.496107 0.587659 0.009516 0.049020
7 0.908629 0.585928 0.013192 0.016724
7 0.968642 0.379181 0.022491 0.022491
8 0.628893 0.598760 0.010381 0.026817
8 0.515355 0.581315 0.011678 0.051326
12 0.716479 0.481834 0.031142 0.034025
8 0.656034 0.597318 0.012327 0.027970
7 0.513625 0.477941 0.009516 0.014706
8 0.647059 0.597607 0.010813 0.027970
7 0.484429 0.487889 0.017301 0.027105
7 0.639490 0.297434 0.016003 0.040081
0 0.485510 0.468858 0.028547 0.086505
8 0.526925 0.581459 0.011462 0.048155
9 0.725670 0.520617 0.011894 0.033160
7 0.923984 0.375433 0.021410 0.023068
7 0.485294 0.447232 0.017301 0.026528
3 0.973616 0.381488 0.038495 0.058247
8 0.669983 0.595012 0.011678 0.028547
8 0.505623 0.586073 0.011678 0.049885
7 0.930039 0.408737 0.022275 0.022780
9 0.644788 0.518887 0.011462 0.034890
7 0.284710 0.311995 0.022708 0.033449
4 0.627595 0.512399 0.037630 0.110150
7 0.984429 0.342993 0.022924 0.032007
4 0.934040 0.517589 0.038927 0.085928
7 0.902574 0.328576 0.028763 0.041811
7 0.284386 0.356113 0.023356 0.033449
7 0.285792 0.255623 0.025735 0.051615
3 0.659386 0.361736 0.029412 0.098328
12 0.666955 0.483420 0.028114 0.037774
10 0.489187 0.211649 0.307526 0.385236
11 0.344507 0.613033 0.158304 0.269319
4 0.553201 0.511967 0.034170 0.112168
1 0.284818 0.326990 0.030709 0.114187
4 0.590182 0.513264 0.034170 0.113033
3 0.933391 0.388264 0.042388 0.074683
