1 0.424479 0.180787 0.054514 0.150463
7 0.372222 0.057639 0.032639 0.065278
11 0.654340 0.628241 0.068403 0.140741
11 0.507465 0.676389 0.232986 0.448148
10 0.373090 0.599074 0.035069 0.053704
10 0.410069 0.603009 0.022222 0.045833
6 0.043229 0.056713 0.026042 0.027315
6 0.077778 0.094676 0.039583 0.026389
1 0.123090 0.413657 0.026736 0.080093
1 0.271354 0.470139 0.023958 0.063426
1 0.372222 0.509722 0.018056 0.049074
1 0.385590 0.514583 0.014236 0.046759
1 0.398438 0.519444 0.015625 0.042593
1 0.455382 0.234722 0.047569 0.135185
1 0.482118 0.281481 0.042014 0.123148
1 0.381771 0.323843 0.060764 0.168056
3 0.519965 0.365741 0.035069 0.088889
2 0.536632 0.308796 0.059375 0.086111
7 0.580035 0.412963 0.012153 0.026852
7 0.502951 0.273843 0.018403 0.040278
7 0.441840 0.173843 0.025347 0.050463
7 0.412326 0.120139 0.029514 0.053241
7 0.132986 0.168287 0.022222 0.040278
7 0.189931 0.163657 0.022917 0.041204
7 0.414062 0.401389 0.011458 0.020370
7 0.446354 0.398611 0.011458 0.020370
7 0.381076 0.404630 0.011458 0.020370
7 0.425521 0.437037 0.011458 0.020370
7 0.358160 0.443750 0.008681 0.020833
7 0.376563 0.470370 0.007986 0.017593
7 0.400521 0.467593 0.007986 0.017593
7 0.042708 0.321296 0.019444 0.030556
7 0.217188 0.436343 0.018403 0.023611
7 0.269444 0.458796 0.015278 0.022222
7 0.269097 0.485648 0.015278 0.022222
7 0.370139 0.520833 0.012500 0.016667
7 0.369444 0.541667 0.011806 0.014815
7 0.410417 0.554861 0.009028 0.013426
7 0.396181 0.529861 0.009028 0.013426
7 0.396875 0.510880 0.009028 0.013426
7 0.384375 0.525926 0.011806 0.014815
7 0.384028 0.506019 0.011806 0.014815
7 0.369792 0.499074 0.011806 0.014815
7 0.592882 0.457407 0.014236 0.019444
7 0.594097 0.431019 0.013194 0.018519
7 0.515104 0.377083 0.021181 0.029167
7 0.516146 0.336343 0.021181 0.029167
7 0.547917 0.346991 0.018056 0.023611
7 0.518576 0.296991 0.021875 0.030093
7 0.476389 0.255093 0.028472 0.036111
7 0.477778 0.306944 0.028472 0.036111
7 0.450347 0.268750 0.032639 0.038426
7 0.452083 0.209028 0.032639 0.038426
7 0.415972 0.150231 0.034722 0.043056
7 0.417014 0.215972 0.036111 0.045833
7 0.377604 0.288657 0.039931 0.053241
7 0.384375 0.335185 0.013194 0.021296
7 0.379514 0.366435 0.041667 0.047685
7 0.270486 0.278241 0.014583 0.025000
7 0.223264 0.284259 0.013194 0.022222
7 0.212153 0.107407 0.043750 0.061111
