10 0.841898 0.635764 0.316204 0.191667
10 0.168519 0.564931 0.336111 0.247917
1 0.217824 0.100521 0.107870 0.200347
1 0.449537 0.154861 0.100000 0.207639
1 0.767361 0.247049 0.106944 0.181597
1 0.915741 0.288715 0.100926 0.170486
7 0.215741 0.053993 0.088889 0.064931
7 0.212731 0.152951 0.081944 0.060764
7 0.445139 0.122569 0.076389 0.055556
7 0.446296 0.212674 0.076852 0.057292
7 0.753472 0.217882 0.062500 0.049653
7 0.759259 0.298438 0.066667 0.051736
7 0.899074 0.261806 0.059259 0.045139
7 0.906481 0.337326 0.063889 0.044792
7 0.091435 0.284375 0.073611 0.056944
7 0.305556 0.330556 0.065741 0.047222
7 0.614583 0.390799 0.059722 0.042708
7 0.756713 0.418924 0.055093 0.041319
7 0.881481 0.444618 0.052778 0.041319
12 0.437269 0.670833 0.057870 0.070139
7 0.705093 0.191319 0.041667 0.027083
7 0.832176 0.152778 0.044907 0.031250
