0 0.651389 0.740046 0.167361 0.281944
5 0.319618 0.686343 0.151042 0.339352
5 0.073958 0.645833 0.145833 0.379630
7 0.056597 0.728935 0.093750 0.121759
7 0.214062 0.549537 0.063542 0.085185
0 0.803993 0.765278 0.171875 0.270370
0 0.923785 0.788194 0.152431 0.235648
7 0.014931 0.489120 0.029167 0.078241
7 0.518056 0.625231 0.055556 0.074537
7 0.654687 0.655324 0.050347 0.072685
7 0.773785 0.685648 0.048958 0.056481
7 0.877257 0.761806 0.055903 0.073611
7 0.918576 0.862269 0.055903 0.073611
7 0.789931 0.840278 0.059028 0.076852
7 0.753819 0.739815 0.059028 0.076852
7 0.643403 0.816435 0.065278 0.084722
7 0.607986 0.705324 0.059722 0.072685
7 0.310937 0.769676 0.071875 0.094907
7 0.286632 0.640509 0.071875 0.094907
7 0.047222 0.583565 0.082639 0.102315
