10 0.775422 0.454530 0.155506 0.163029
10 0.452133 0.468254 0.137401 0.130952
10 0.202009 0.482804 0.124256 0.126323
7 0.135913 0.499173 0.018353 0.032077
7 0.691096 0.481647 0.022073 0.041336
12 0.901538 0.460979 0.039187 0.072090
12 0.645461 0.466435 0.030010 0.068452
1 0.115947 0.267526 0.042907 0.128307
1 0.174851 0.259259 0.040179 0.126984
1 0.240699 0.250661 0.044395 0.128968
1 0.359127 0.233631 0.038194 0.140542
1 0.433656 0.223710 0.039435 0.147156
1 0.512401 0.204530 0.047123 0.148479
1 0.663070 0.187169 0.044891 0.160053
1 0.759673 0.167989 0.041667 0.164021
1 0.863467 0.155919 0.038938 0.177579
7 0.779638 0.052579 0.033482 0.058201
7 0.863343 0.122851 0.034722 0.049934
7 0.861979 0.192130 0.033482 0.044974
7 0.921503 0.267361 0.032490 0.067130
7 0.824405 0.277116 0.029266 0.062169
7 0.757937 0.204861 0.033730 0.045304
7 0.760913 0.140708 0.035714 0.049934
7 0.663938 0.218419 0.033234 0.042659
7 0.664559 0.154431 0.031994 0.043651
7 0.727803 0.288690 0.032490 0.062831
7 0.502108 0.311508 0.028026 0.050926
7 0.511409 0.241898 0.031250 0.045304
7 0.513393 0.179894 0.031250 0.037037
7 0.435888 0.195106 0.033482 0.039021
7 0.437872 0.252646 0.032490 0.040344
7 0.427827 0.318122 0.031746 0.050926
7 0.360119 0.260086 0.029266 0.038029
7 0.362227 0.206019 0.030010 0.036376
7 0.241815 0.278604 0.028770 0.040013
7 0.242808 0.224372 0.029762 0.035384
7 0.179936 0.232143 0.030010 0.033730
7 0.177083 0.286045 0.024802 0.031746
7 0.250744 0.335317 0.026290 0.037698
7 0.190848 0.342262 0.029514 0.040344
7 0.121528 0.295304 0.026786 0.033069
7 0.124008 0.242725 0.026290 0.032407
7 0.265749 0.139054 0.021577 0.042659
7 0.222470 0.120536 0.022817 0.038029
7 0.171751 0.098214 0.024554 0.039021
7 0.390129 0.044478 0.024306 0.043320
7 0.432044 0.074570 0.025794 0.038029
7 0.472222 0.100529 0.026290 0.033069
12 0.513641 0.471561 0.029762 0.066138
