12 0.162269 0.391319 0.092130 0.088194
12 0.318287 0.412153 0.088426 0.078472
12 0.459028 0.433160 0.093056 0.082292
9 0.181713 0.470139 0.031019 0.078472
9 0.343750 0.482639 0.035648 0.070833
9 0.497454 0.504687 0.026389 0.070486
8 0.067130 0.638368 0.037037 0.051736
8 0.101389 0.640799 0.030556 0.048264
8 0.133796 0.643576 0.030556 0.044097
8 0.222685 0.651910 0.029630 0.051042
8 0.251620 0.654167 0.029167 0.050000
8 0.282639 0.656771 0.031019 0.050347
8 0.316667 0.601389 0.033333 0.058333
8 0.364352 0.655729 0.027778 0.050347
8 0.393056 0.658854 0.027778 0.051042
8 0.422685 0.660069 0.027778 0.047917
7 0.046528 0.545660 0.039352 0.030208
7 0.540046 0.587500 0.034722 0.027778
7 0.754630 0.611806 0.023148 0.022222
7 0.790741 0.614583 0.021296 0.023611
7 0.827315 0.617882 0.023148 0.023958
1 0.899074 0.696007 0.046296 0.048264
1 0.815509 0.698785 0.043981 0.043403
1 0.773611 0.700174 0.042593 0.042014
1 0.733102 0.700174 0.043981 0.043403
7 0.735417 0.698438 0.023611 0.019097
7 0.775926 0.697222 0.023148 0.019444
7 0.818056 0.697049 0.026852 0.020486
7 0.900000 0.693924 0.029630 0.021875
