10 0.838889 0.747222 0.243519 0.145833
10 0.508102 0.757986 0.173611 0.113194
10 0.296065 0.766493 0.142130 0.093403
10 0.138657 0.770486 0.116204 0.079861
1 0.905324 0.468576 0.077315 0.134375
1 0.791667 0.490104 0.071296 0.123264
1 0.690509 0.510590 0.065278 0.117014
1 0.543750 0.538368 0.063426 0.105208
1 0.473843 0.553472 0.059722 0.100000
1 0.408565 0.565625 0.056944 0.094444
1 0.309491 0.584896 0.053241 0.087153
1 0.261111 0.594792 0.052778 0.084028
1 0.217130 0.603299 0.050000 0.080208
1 0.148148 0.617361 0.050000 0.076389
1 0.112269 0.625174 0.044907 0.072569
1 0.078241 0.631250 0.043519 0.070139
1 0.027315 0.640104 0.044444 0.064931
7 0.916667 0.444097 0.046296 0.035417
7 0.910185 0.504340 0.050000 0.035764
7 0.802315 0.467708 0.039815 0.032639
7 0.796991 0.523611 0.043056 0.033333
7 0.702778 0.489583 0.039815 0.032639
7 0.696528 0.541667 0.038426 0.030556
7 0.557407 0.519271 0.034259 0.027431
7 0.550000 0.567535 0.037037 0.028125
7 0.486343 0.534201 0.032870 0.028125
7 0.479861 0.580729 0.033796 0.026042
7 0.421759 0.547743 0.030556 0.026042
7 0.415278 0.591146 0.030556 0.025347
7 0.370139 0.593750 0.026389 0.020833
7 0.315972 0.609375 0.029167 0.022917
7 0.322685 0.568576 0.026852 0.022569
7 0.267361 0.616667 0.028241 0.022917
7 0.274074 0.578819 0.025926 0.022222
7 0.229630 0.587500 0.026852 0.020833
7 0.221528 0.625000 0.026389 0.022222
7 0.159722 0.602431 0.024074 0.019444
7 0.152083 0.637153 0.026389 0.020139
7 0.122685 0.610590 0.024074 0.019097
7 0.116204 0.643576 0.025000 0.019097
7 0.083102 0.648958 0.023611 0.018750
7 0.091204 0.616840 0.022222 0.019097
7 0.037269 0.627778 0.023611 0.017361
7 0.030324 0.657986 0.022685 0.018750
7 0.948843 0.574306 0.044907 0.032639
7 0.839583 0.588194 0.042130 0.031250
7 0.605093 0.618924 0.034259 0.026042
7 0.536343 0.628299 0.032870 0.025347
7 0.350463 0.350694 0.033333 0.025694
7 0.319676 0.363715 0.032870 0.023264
7 0.121759 0.302257 0.036111 0.026042
7 0.068981 0.405556 0.029630 0.020139
7 0.168056 0.422049 0.027778 0.018403
7 0.147685 0.430208 0.027778 0.018750
7 0.050463 0.414583 0.024074 0.018750
7 0.631713 0.048264 0.056019 0.039583
7 0.791667 0.097569 0.052778 0.036111
7 0.937269 0.143403 0.051389 0.034722
7 0.441435 0.256944 0.041204 0.029167
7 0.563889 0.288368 0.037037 0.028125
7 0.309259 0.221528 0.040741 0.031944
7 0.928935 0.382465 0.035648 0.023958
7 0.831713 0.357465 0.037500 0.024653
7 0.562731 0.432639 0.029167 0.019444
7 0.370602 0.547049 0.022685 0.014931
7 0.299537 0.535417 0.023148 0.014583
7 0.224769 0.523611 0.020833 0.015278
7 0.023380 0.492188 0.025463 0.016319
7 0.736111 0.468056 0.027778 0.020139
6 0.643519 0.171701 0.034259 0.027431
6 0.578241 0.202257 0.037037 0.026042
6 0.863194 0.074479 0.042130 0.032292
6 0.961111 0.031250 0.045370 0.033333
6 0.848148 0.508854 0.016667 0.010764
6 0.838889 0.527431 0.016667 0.010417
6 0.796296 0.609201 0.015741 0.010069
6 0.830093 0.607812 0.016667 0.010764
12 0.589583 0.781424 0.039352 0.048264
