7 0.542130 0.661111 0.233333 0.274306
5 0.805093 0.234722 0.151852 0.177778
5 0.721065 0.275174 0.135648 0.162847
5 0.650463 0.308507 0.118519 0.148264
1 0.558796 0.351042 0.090741 0.125000
1 0.506250 0.377257 0.066204 0.123958
1 0.473380 0.391840 0.074537 0.108681
1 0.321296 0.466319 0.059259 0.084028
0 0.233102 0.578299 0.090278 0.069792
7 0.835880 0.199826 0.057870 0.044792
7 0.825694 0.273090 0.056944 0.044097
7 0.907176 0.268576 0.048611 0.040625
7 0.752315 0.241319 0.054630 0.040278
7 0.740509 0.308507 0.050463 0.041319
7 0.900694 0.337674 0.051389 0.035069
7 0.815972 0.365451 0.045833 0.032986
7 0.716435 0.428646 0.037500 0.032292
7 0.670602 0.340972 0.043981 0.037500
7 0.680556 0.277951 0.045370 0.035764
7 0.583102 0.330035 0.036574 0.032292
7 0.571759 0.383333 0.037037 0.031944
7 0.610880 0.460243 0.031019 0.027431
7 0.419676 0.515278 0.026389 0.021528
7 0.334491 0.451215 0.022685 0.020486
7 0.328472 0.486111 0.024537 0.020139
7 0.258102 0.595660 0.021759 0.019097
7 0.262963 0.564583 0.025000 0.018750
7 0.940741 0.103125 0.057407 0.043056
7 0.846991 0.156771 0.054167 0.035764
7 0.608102 0.286979 0.037500 0.026736
7 0.364583 0.416667 0.024537 0.016667
7 0.385880 0.404167 0.022685 0.018056
7 0.343981 0.427604 0.024074 0.015625
4 0.335185 0.599306 0.060185 0.080556
6 0.734722 0.548958 0.019444 0.009028
6 0.138889 0.488368 0.012037 0.014236
6 0.206019 0.495833 0.014815 0.013889
