4 0.131250 0.843403 0.239352 0.297222
1 0.058102 0.336285 0.115278 0.253125
1 0.260880 0.423958 0.175463 0.223611
5 0.541435 0.551736 0.136574 0.193750
5 0.661806 0.596875 0.127315 0.169444
5 0.753704 0.631944 0.125926 0.161806
0 0.910185 0.677604 0.151852 0.135764
7 0.214815 0.404514 0.081481 0.067361
7 0.236806 0.492535 0.091204 0.072569
7 0.503472 0.512847 0.061574 0.056944
7 0.528241 0.588715 0.071296 0.056597
7 0.620139 0.560069 0.058796 0.051389
7 0.649537 0.627778 0.060185 0.051389
7 0.748611 0.662153 0.055556 0.047222
7 0.857870 0.653646 0.047222 0.039236
7 0.885417 0.709201 0.053241 0.041319
7 0.946991 0.729514 0.049537 0.038889
7 0.972222 0.697049 0.042593 0.031597
7 0.919907 0.677604 0.046296 0.032986
7 0.815741 0.616319 0.053704 0.042361
1 0.721065 0.892014 0.104167 0.148611
7 0.725926 0.845833 0.059259 0.044444
7 0.747685 0.914236 0.056481 0.046528
7 0.088194 0.317188 0.086574 0.080903
7 0.381481 0.436458 0.073148 0.069444
7 0.603009 0.528125 0.063426 0.054167
7 0.494213 0.689063 0.064352 0.051736
7 0.599306 0.714757 0.055093 0.048264
12 0.290278 0.932986 0.085185 0.055556
