3 0.138542 0.397454 0.037500 0.111574
7 0.586979 0.298380 0.019792 0.038426
7 0.493229 0.315509 0.019097 0.035648
7 0.539410 0.308565 0.019097 0.036574
9 0.707812 0.556019 0.017708 0.066667
10 0.105208 0.585417 0.122917 0.129167
10 0.275174 0.591435 0.080903 0.098611
10 0.386285 0.598843 0.050347 0.087500
12 0.313542 0.410880 0.078472 0.123611
12 0.413368 0.434491 0.055208 0.099537
12 0.508681 0.472917 0.070139 0.071759
12 0.570660 0.479630 0.068403 0.075000
12 0.638368 0.502315 0.054514 0.069444
12 0.666667 0.515046 0.050000 0.059722
12 0.711979 0.526620 0.051042 0.051389
9 0.722049 0.557176 0.015625 0.062500
9 0.737153 0.559491 0.014583 0.059722
9 0.773438 0.571296 0.014931 0.054630
9 0.786111 0.572917 0.010417 0.054167
9 0.796354 0.574769 0.011458 0.050463
3 0.083160 0.381019 0.046181 0.114815
3 0.190278 0.410417 0.037500 0.106944
2 0.172917 0.350231 0.061806 0.093981
2 0.118750 0.329398 0.063194 0.091204
6 0.390451 0.110648 0.034375 0.025926
6 0.419618 0.125926 0.029514 0.021296
6 0.441840 0.150463 0.031597 0.025926
6 0.338889 0.066435 0.041667 0.030093
6 0.306250 0.038657 0.042361 0.031944
6 0.269792 0.014120 0.046528 0.027315
7 0.386632 0.442593 0.042014 0.062963
7 0.554688 0.491435 0.030903 0.048611
7 0.504340 0.242593 0.021875 0.042593
7 0.452431 0.254167 0.020139 0.038889
7 0.400174 0.264815 0.022569 0.037963
7 0.392361 0.163889 0.027778 0.048148
7 0.330903 0.177778 0.023611 0.047222
7 0.271007 0.191667 0.025347 0.045370
7 0.280208 0.289583 0.020139 0.036574
7 0.276562 0.348380 0.019792 0.032870
7 0.233681 0.305787 0.016667 0.025463
7 0.131597 0.224074 0.024306 0.042593
7 0.079861 0.236806 0.020833 0.040278
7 0.101389 0.317824 0.026389 0.036574
7 0.075521 0.414352 0.026042 0.035185
7 0.134028 0.425694 0.025694 0.033796
7 0.184028 0.437037 0.022917 0.033333
7 0.154167 0.334954 0.023611 0.034722
7 0.263542 0.453704 0.022917 0.031481
7 0.391319 0.389120 0.017361 0.032870
7 0.079861 0.085648 0.039583 0.062963
7 0.147743 0.062963 0.034375 0.065741
7 0.218576 0.041898 0.037153 0.068056
