7 0.052876 0.134083 0.067258 0.116494
7 0.278006 0.340398 0.059905 0.104095
7 0.371215 0.222030 0.046929 0.070358
7 0.460856 0.389418 0.054498 0.083910
7 0.491890 0.320934 0.055147 0.068051
7 0.523032 0.254181 0.053417 0.077566
7 0.623811 0.422866 0.055147 0.074683
7 0.661116 0.292388 0.044550 0.083045
7 0.867863 0.479671 0.060554 0.072376
2 0.922470 0.350346 0.098400 0.149366
3 0.881163 0.414216 0.087154 0.207324
3 0.626730 0.348472 0.067474 0.234429
3 0.463776 0.312572 0.071151 0.237024
3 0.286873 0.270040 0.089749 0.251730
2 0.366566 0.206459 0.072664 0.173010
2 0.540874 0.251730 0.081315 0.168973
2 0.693447 0.292099 0.099697 0.168397
3 0.981942 0.892878 0.033088 0.086217
7 0.922470 0.811275 0.027465 0.043541
7 0.647491 0.779268 0.024221 0.051615
7 0.534494 0.770329 0.027033 0.051038
3 0.679174 0.856690 0.043036 0.108997
1 0.294766 0.830161 0.038927 0.121107
7 0.303093 0.749567 0.030493 0.059689
