12 0.650868 0.168750 0.121181 0.212500
12 0.334201 0.217130 0.133681 0.181481
10 0.149826 0.581713 0.154514 0.157870
10 0.473958 0.595370 0.172917 0.180556
10 0.904514 0.612037 0.190972 0.212037
3 0.027951 0.336806 0.054514 0.145833
3 0.105208 0.336574 0.052083 0.140741
3 0.180729 0.324074 0.055208 0.155556
3 0.744618 0.284722 0.060764 0.190741
3 0.876215 0.269444 0.063542 0.200926
2 0.915972 0.171528 0.066667 0.180093
2 0.785243 0.191435 0.062153 0.174537
2 0.570486 0.214120 0.065972 0.159722
2 0.208333 0.252546 0.065278 0.135648
2 0.128299 0.264352 0.071875 0.135185
2 0.052083 0.269444 0.065972 0.126852
1 0.782292 0.469213 0.025694 0.112500
1 0.861458 0.468981 0.025694 0.115741
7 0.862674 0.445139 0.022569 0.028241
7 0.861458 0.497685 0.022917 0.030556
7 0.784375 0.447222 0.022222 0.027778
7 0.782639 0.497917 0.022222 0.028241
7 0.709201 0.497454 0.019097 0.029167
7 0.710764 0.449074 0.019444 0.026852
7 0.929514 0.148611 0.040278 0.050926
7 0.864931 0.328241 0.038194 0.050926
7 0.812500 0.255093 0.031944 0.047222
7 0.734549 0.336806 0.036458 0.049537
7 0.796181 0.167361 0.038889 0.051389
7 0.764931 0.251852 0.036111 0.050926
7 0.897222 0.241204 0.038194 0.050926
7 0.585243 0.192361 0.032986 0.046759
7 0.225694 0.233796 0.027778 0.039815
7 0.180903 0.369907 0.028472 0.040741
7 0.146875 0.242361 0.027778 0.036574
7 0.103125 0.374074 0.027083 0.037963
7 0.031597 0.378704 0.025000 0.037037
7 0.071181 0.251389 0.025694 0.035185
7 0.455556 0.256713 0.068750 0.084722
7 0.135417 0.127083 0.025694 0.031944
7 0.194965 0.161574 0.022569 0.030556
7 0.248611 0.193750 0.022917 0.028241
7 0.175868 0.203704 0.027431 0.037037
7 0.510417 0.158102 0.023611 0.031019
7 0.462153 0.119213 0.026389 0.033796
7 0.410243 0.077778 0.028125 0.036111
7 0.876042 0.377083 0.021528 0.029167
7 0.799653 0.381481 0.020833 0.028704
7 0.725694 0.384259 0.021528 0.025926
11 0.821354 0.784722 0.158681 0.255556
8 0.035590 0.694444 0.010069 0.048148
8 0.042361 0.695139 0.007639 0.049537
8 0.047743 0.694676 0.006597 0.047685
8 0.083333 0.694676 0.009028 0.050463
8 0.088194 0.696296 0.006250 0.050000
8 0.094618 0.697222 0.006597 0.049074
6 0.924479 0.361574 0.017708 0.019444
7 0.930382 0.589815 0.022569 0.031481
