11 0.264716 0.449281 0.162368 0.160466
8 0.083333 0.247272 0.042328 0.157242
8 0.020668 0.247272 0.040675 0.176587
6 0.345569 0.218254 0.016534 0.013393
6 0.303241 0.212674 0.018519 0.011161
6 0.261078 0.208705 0.018188 0.016121
13 0.611607 0.352183 0.030754 0.024802
13 0.587632 0.354539 0.023148 0.021081
13 0.566138 0.358383 0.022487 0.020833
1 0.512401 0.367436 0.016865 0.034474
1 0.476356 0.367808 0.015542 0.038690
1 0.440146 0.365947 0.014550 0.038938
1 0.328373 0.358879 0.016534 0.035218
1 0.288029 0.357639 0.017196 0.039683
7 0.298611 0.256944 0.019180 0.023313
7 0.456019 0.272569 0.015873 0.021825
7 0.598049 0.284598 0.014220 0.018105
7 0.553241 0.296379 0.015873 0.014385
7 0.507275 0.309896 0.015212 0.014633
7 0.489749 0.316592 0.013228 0.013145
7 0.474702 0.320064 0.012235 0.013641
10 0.468915 0.424975 0.064815 0.038442
9 0.421792 0.431548 0.014220 0.019345
