7 0.626215 0.380556 0.093403 0.125926
7 0.401562 0.422454 0.082292 0.116204
7 0.217882 0.455556 0.081597 0.106481
4 0.207813 0.898380 0.156597 0.202315
4 0.330208 0.891435 0.172222 0.217130
4 0.460590 0.899074 0.170486 0.201852
1 0.610590 0.252315 0.232986 0.425000
1 0.385590 0.302083 0.219097 0.384722
1 0.205035 0.342593 0.206597 0.334259
7 0.807986 0.119907 0.086111 0.121296
7 0.159028 0.300000 0.061111 0.084259
7 0.044097 0.331250 0.059722 0.080093
7 0.028299 0.384028 0.055903 0.093981
7 0.267535 0.323611 0.076736 0.102778
7 0.451562 0.281481 0.082292 0.108333
7 0.673090 0.225463 0.093403 0.125926
7 0.568403 0.701389 0.082639 0.112037
