9 0.204985 0.476521 0.075149 0.247354
9 0.420387 0.487434 0.064980 0.241402
9 0.616567 0.498016 0.062500 0.220238
12 0.506820 0.389881 0.095982 0.214286
12 0.206721 0.390873 0.106895 0.148810
10 0.191096 0.759425 0.181300 0.204034
10 0.647941 0.762897 0.166915 0.183201
7 0.925223 0.047454 0.034970 0.045304
7 0.860987 0.112434 0.035962 0.044312
7 0.733259 0.242890 0.028522 0.036045
7 0.694940 0.286872 0.028770 0.033399
7 0.657490 0.321263 0.024802 0.028770
7 0.617436 0.325562 0.031994 0.041336
1 0.740203 0.480159 0.052827 0.155423
7 0.733383 0.514881 0.032738 0.050926
7 0.770957 0.365245 0.037946 0.067791
7 0.668403 0.357308 0.038690 0.072421
7 0.561508 0.348214 0.039187 0.075397
0 0.570064 0.381944 0.057788 0.144841
0 0.679315 0.395007 0.052579 0.147817
0 0.786086 0.396825 0.072173 0.140212
12 0.072049 0.731978 0.032986 0.040675
0 0.049355 0.620370 0.037698 0.120370
7 0.050347 0.532903 0.024802 0.032738
7 0.132564 0.536541 0.024058 0.026786
7 0.132192 0.599537 0.024802 0.035053
7 0.132068 0.649636 0.025050 0.036045
7 0.048363 0.647652 0.026786 0.032077
7 0.048983 0.597222 0.022569 0.033069
0 0.131820 0.618882 0.031498 0.099537
2 0.363219 0.365906 0.052331 0.159722
7 0.356895 0.347388 0.036210 0.045966
7 0.235615 0.333333 0.034722 0.050265
13 0.667535 0.535549 0.039435 0.070437
0 0.099454 0.342593 0.049603 0.172619
3 0.041543 0.425099 0.066220 0.190146
7 0.038938 0.476521 0.045139 0.056878
7 0.100198 0.324074 0.040675 0.048942
7 0.095238 0.779597 0.014881 0.022817
7 0.084573 0.806548 0.013393 0.021164
7 0.054191 0.807044 0.012153 0.017526
