11 0.750926 0.386632 0.416667 0.471181
4 0.600000 0.279167 0.112963 0.181944
4 0.538889 0.290104 0.100926 0.160764
4 0.487037 0.305382 0.118519 0.161458
4 0.205093 0.384201 0.072222 0.099653
1 0.464815 0.064583 0.100926 0.128472
1 0.395602 0.083160 0.092130 0.151042
1 0.164583 0.229167 0.059722 0.097917
7 0.569213 0.030208 0.057870 0.047222
7 0.480787 0.079514 0.056019 0.044444
7 0.413194 0.119965 0.050463 0.039931
7 0.418519 0.057292 0.052778 0.041667
7 0.487963 0.017361 0.058333 0.034028
7 0.660648 0.130729 0.050926 0.042014
7 0.575231 0.165625 0.048611 0.035417
7 0.178704 0.211458 0.030556 0.025000
7 0.176852 0.252431 0.031481 0.025694
7 0.288194 0.281250 0.031019 0.024306
7 0.105787 0.388021 0.027315 0.021181
0 0.075926 0.369792 0.100000 0.077083
7 0.201157 0.171354 0.031944 0.026736
7 0.230556 0.150521 0.034259 0.027431
7 0.174769 0.190278 0.031019 0.025000
7 0.933102 0.271181 0.026389 0.023611
12 0.924074 0.278299 0.089815 0.059375
8 0.977778 0.423958 0.035185 0.068750
