1 0.375694 0.420833 0.031250 0.093519
7 0.377431 0.446528 0.022222 0.025463
7 0.067187 0.312269 0.021875 0.037500
7 0.795139 0.437731 0.016667 0.027315
7 0.213542 0.264583 0.021528 0.039352
7 0.165278 0.236111 0.022917 0.041667
9 0.220139 0.118287 0.018056 0.050463
10 0.836285 0.567824 0.124653 0.129167
10 0.547743 0.584259 0.094097 0.110185
10 0.040799 0.615741 0.080903 0.079630
12 0.606250 0.293981 0.077083 0.169444
12 0.905729 0.230556 0.098958 0.210185
12 0.316146 0.380787 0.083681 0.129167
11 0.856424 0.687500 0.089931 0.128704
10 0.338368 0.598380 0.092708 0.094907
10 0.171181 0.609259 0.086111 0.088889
4 0.383160 0.618056 0.017014 0.059259
4 0.402083 0.616204 0.015972 0.060185
4 0.418229 0.615972 0.009375 0.059722
4 0.649479 0.606019 0.023264 0.073148
4 0.705035 0.605324 0.019097 0.075463
12 0.163889 0.408102 0.087500 0.115278
12 0.560937 0.560417 0.017014 0.031019
12 0.529861 0.561343 0.016667 0.031944
12 0.703819 0.551852 0.018750 0.034259
9 0.081597 0.175926 0.015278 0.044444
9 0.053646 0.186343 0.018403 0.043981
9 0.034722 0.192130 0.019444 0.047222
9 0.157812 0.146528 0.020486 0.046759
9 0.194271 0.130093 0.020486 0.047222
9 0.494792 0.019213 0.019444 0.037500
9 0.568056 0.587269 0.009722 0.030093
9 0.505729 0.588426 0.010069 0.033333
9 0.658507 0.584722 0.010069 0.035185
9 0.736979 0.581250 0.012153 0.034722
6 0.534549 0.012037 0.021181 0.023148
6 0.475000 0.021065 0.024306 0.041204
6 0.212847 0.134491 0.034028 0.026389
6 0.176910 0.149537 0.025347 0.026852
6 0.135590 0.162731 0.032986 0.027315
6 0.077604 0.184954 0.033681 0.028241
6 0.014410 0.208333 0.028125 0.023148
6 0.046701 0.197917 0.032292 0.023611
5 0.796528 0.489583 0.021528 0.067130
5 0.847222 0.485185 0.020833 0.068519
8 0.533160 0.646991 0.005903 0.024537
8 0.539062 0.646991 0.005903 0.024537
8 0.546007 0.647917 0.005903 0.024537
8 0.554861 0.647454 0.006944 0.023611
8 0.719618 0.650231 0.008681 0.021759
8 0.741493 0.647454 0.008681 0.021759
8 0.750174 0.647685 0.007986 0.022222
1 0.710590 0.498611 0.020486 0.068519
2 0.834201 0.299306 0.038542 0.096759
2 0.480382 0.376157 0.038542 0.085648
2 0.544792 0.364583 0.036806 0.089352
2 0.052083 0.453935 0.047917 0.074537
3 0.456597 0.424306 0.031250 0.095833
3 0.517014 0.417593 0.030556 0.102778
1 0.392361 0.532407 0.020833 0.056481
1 0.362500 0.531250 0.021528 0.050463
7 0.109375 0.200694 0.026389 0.045833
7 0.014583 0.287037 0.024306 0.038889
7 0.058160 0.389120 0.016319 0.028241
7 0.098090 0.404398 0.014931 0.026389
7 0.217882 0.412500 0.051736 0.073148
7 0.744271 0.309028 0.062847 0.104167
7 0.311458 0.124537 0.031250 0.050000
7 0.986806 0.031250 0.026389 0.054167
7 0.593403 0.023380 0.034722 0.045833
7 0.622396 0.082639 0.029514 0.049537
7 0.644965 0.135648 0.026736 0.048148
7 0.844965 0.432176 0.015625 0.027315
7 0.714757 0.449074 0.015625 0.022222
7 0.298264 0.503472 0.010417 0.018056
7 0.325521 0.499074 0.010069 0.018519
7 0.374826 0.492130 0.010764 0.019444
7 0.405556 0.488889 0.011111 0.019444
7 0.846701 0.472222 0.015625 0.019444
7 0.848437 0.502778 0.015625 0.019444
7 0.797396 0.507870 0.015625 0.019444
7 0.795660 0.478241 0.015625 0.019444
7 0.711806 0.487963 0.015972 0.020370
7 0.711458 0.515278 0.015972 0.020370
7 0.362847 0.546528 0.014583 0.017130
7 0.364063 0.523611 0.014236 0.015741
7 0.833854 0.294676 0.028125 0.037500
7 0.521007 0.443519 0.021181 0.027778
7 0.547396 0.353935 0.021875 0.028241
7 0.487153 0.367130 0.021528 0.027778
7 0.459896 0.453241 0.021875 0.028704
7 0.377431 0.408102 0.022222 0.025463
7 0.169965 0.427546 0.016319 0.024537
7 0.110590 0.503935 0.017708 0.024537
7 0.047569 0.512731 0.020833 0.024537
7 0.066319 0.446065 0.018056 0.023611
7 0.014410 0.517130 0.017014 0.022222
7 0.388021 0.354167 0.014236 0.022222
7 0.371007 0.358565 0.012847 0.020833
7 0.361111 0.335648 0.013889 0.022222
7 0.330208 0.312731 0.016667 0.021759
7 0.310243 0.319213 0.017708 0.023611
7 0.480903 0.278935 0.016667 0.027315
7 0.509375 0.271528 0.016667 0.029167
7 0.533160 0.298148 0.015625 0.027778
7 0.553819 0.322685 0.015972 0.025926
7 0.412674 0.426157 0.019792 0.023611
7 0.503993 0.410880 0.019792 0.023611
12 0.742188 0.548380 0.017014 0.033796
