10 0.778770 0.475942 0.149471 0.085317
12 0.694114 0.485367 0.029762 0.036210
7 0.732308 0.493428 0.018188 0.017113
10 0.551257 0.481895 0.094577 0.076885
12 0.602017 0.492188 0.030093 0.028522
10 0.359292 0.488343 0.104828 0.070437
12 0.313161 0.504960 0.023148 0.018849
10 0.222884 0.496652 0.078042 0.062748
0 0.249173 0.341642 0.116071 0.099950
7 0.213624 0.311880 0.038360 0.033482
7 0.213624 0.364459 0.038360 0.033482
7 0.104332 0.091146 0.038690 0.037946
7 0.221396 0.040179 0.044643 0.038194
7 0.282407 0.142609 0.043651 0.034226
7 0.365079 0.114335 0.043651 0.034226
7 0.032242 0.183160 0.035384 0.037450
7 0.017857 0.245908 0.035053 0.037450
1 0.978505 0.291915 0.042989 0.093750
1 0.824901 0.305060 0.050595 0.092758
1 0.750000 0.316840 0.050265 0.088046
1 0.675265 0.327257 0.050265 0.088046
1 0.562831 0.340402 0.045635 0.074653
1 0.374835 0.365823 0.043981 0.067460
1 0.332011 0.371652 0.035053 0.060268
1 0.291005 0.375620 0.036376 0.056796
7 0.292989 0.365451 0.023810 0.019097
7 0.294643 0.392733 0.023810 0.019097
7 0.334656 0.360491 0.023810 0.019097
7 0.333995 0.388765 0.023810 0.019097
7 0.228175 0.400174 0.023810 0.019097
7 0.194114 0.402902 0.023810 0.019097
1 0.194114 0.390749 0.034392 0.040427
1 0.227017 0.383805 0.032077 0.047867
7 0.375992 0.383061 0.023810 0.019097
7 0.378307 0.353547 0.023810 0.019097
7 0.567626 0.361359 0.024802 0.020337
7 0.569279 0.326389 0.024802 0.020337
7 0.682374 0.310392 0.028108 0.023065
7 0.680721 0.347346 0.028108 0.023065
7 0.751488 0.338666 0.028108 0.023065
7 0.829861 0.287822 0.028108 0.023065
7 0.752480 0.298735 0.028108 0.023065
7 0.828208 0.327257 0.028108 0.023065
7 0.982308 0.265625 0.035384 0.027282
7 0.982308 0.308532 0.035384 0.027282
9 0.873677 0.323041 0.012566 0.012153
9 0.792328 0.330977 0.012566 0.012153
7 0.824735 0.211930 0.027116 0.021577
7 0.888558 0.224578 0.027116 0.021577
7 0.756944 0.201513 0.027116 0.021577
7 0.769015 0.073041 0.034061 0.028522
7 0.678075 0.049727 0.034061 0.028522
7 0.854993 0.091642 0.034061 0.024554
7 0.300761 0.011781 0.047950 0.023065
7 0.043155 0.124256 0.040675 0.036706
12 0.411210 0.496280 0.020833 0.027282
