1 0.495486 0.413194 0.029167 0.100463
6 0.217188 0.199537 0.030208 0.025926
6 0.190799 0.213426 0.032292 0.025926
7 0.495486 0.441667 0.022222 0.025926
7 0.341840 0.271528 0.019097 0.036574
7 0.849132 0.439120 0.017014 0.029167
7 0.062500 0.342824 0.015972 0.029167
7 0.296701 0.246528 0.021181 0.035648
7 0.432292 0.126852 0.024306 0.048148
7 0.107465 0.359491 0.015625 0.026389
7 0.115799 0.280093 0.017708 0.030556
7 0.939583 0.426157 0.017361 0.031944
9 0.346354 0.129630 0.015625 0.049074
10 0.674132 0.578704 0.106597 0.112963
10 0.188194 0.604398 0.072917 0.075463
10 0.958681 0.573611 0.082639 0.150000
10 0.305382 0.598148 0.080208 0.081481
12 0.440104 0.379167 0.084375 0.132407
12 0.745313 0.281250 0.091319 0.191204
10 0.460243 0.590741 0.089931 0.097222
10 0.022396 0.611806 0.044097 0.058796
10 0.094792 0.607407 0.062500 0.070370
4 0.840799 0.606481 0.020486 0.087037
4 0.778646 0.609259 0.021875 0.084259
4 0.534896 0.613889 0.012153 0.068519
4 0.517535 0.614352 0.018403 0.066667
4 0.500174 0.614815 0.017014 0.067593
12 0.303299 0.407407 0.087153 0.113889
13 0.112847 0.537731 0.020139 0.031019
9 0.872569 0.578704 0.011806 0.036111
9 0.786458 0.582639 0.009722 0.031944
9 0.689410 0.585185 0.011458 0.031481
9 0.622222 0.586806 0.010417 0.029167
9 0.322569 0.142130 0.017361 0.047222
9 0.289583 0.158333 0.017361 0.047222
9 0.222569 0.193056 0.015972 0.043519
9 0.200000 0.204630 0.015972 0.040741
9 0.181944 0.214120 0.015278 0.042130
6 0.079861 0.266204 0.032639 0.026852
6 0.099653 0.253935 0.032639 0.023611
6 0.123264 0.245833 0.034028 0.024074
6 0.165451 0.225000 0.033681 0.025000
6 0.269792 0.174537 0.029861 0.024074
6 0.303125 0.159491 0.030556 0.023611
6 0.337500 0.143519 0.032639 0.023148
6 0.590972 0.016898 0.029167 0.032870
9 0.612674 0.014815 0.017014 0.028704
6 0.619965 0.468750 0.023958 0.016204
6 0.604340 0.457176 0.022569 0.016204
8 0.886806 0.650694 0.009722 0.026389
8 0.877083 0.649769 0.010417 0.026389
8 0.853125 0.653241 0.009028 0.026852
3 0.853646 0.364352 0.035764 0.121296
3 0.639062 0.407870 0.029514 0.103704
3 0.574479 0.417130 0.030903 0.098148
3 0.246354 0.479630 0.029514 0.079630
3 0.191146 0.488657 0.026736 0.068981
3 0.162153 0.494213 0.024306 0.067130
3 0.136632 0.500926 0.022569 0.062037
2 0.200000 0.454630 0.045139 0.062963
2 0.597222 0.371065 0.041667 0.089352
2 0.662847 0.355556 0.041667 0.094444
2 0.974306 0.274074 0.051389 0.103704
5 0.994965 0.475463 0.010069 0.074074
5 0.940972 0.483565 0.024306 0.076389
1 0.844271 0.492824 0.021875 0.078241
1 0.478993 0.527083 0.020486 0.056944
1 0.510243 0.526389 0.019792 0.057407
1 0.536806 0.523611 0.013889 0.060185
7 0.074132 0.527315 0.019097 0.022222
7 0.095660 0.523611 0.019097 0.022222
7 0.139063 0.516667 0.019097 0.022222
7 0.164410 0.512037 0.019097 0.022222
7 0.193403 0.507870 0.018750 0.024074
7 0.248264 0.500000 0.018750 0.024074
7 0.211111 0.445833 0.017361 0.020370
7 0.401562 0.422685 0.021875 0.026852
7 0.497049 0.404630 0.021875 0.026852
7 0.578472 0.446296 0.022222 0.027778
7 0.605903 0.358796 0.022222 0.027778
7 0.641146 0.436574 0.022569 0.029630
7 0.669271 0.342130 0.022569 0.029630
7 0.986632 0.268750 0.026736 0.042130
7 0.940799 0.470370 0.019792 0.024074
7 0.941840 0.500463 0.019792 0.024074
7 0.482465 0.518056 0.012847 0.015741
7 0.481771 0.540741 0.012847 0.015741
7 0.025347 0.387269 0.015278 0.027315
7 0.011632 0.325463 0.017014 0.031481
7 0.203125 0.393287 0.013889 0.026389
7 0.236458 0.405093 0.012500 0.024074
7 0.210417 0.319907 0.018750 0.033333
7 0.165972 0.299537 0.018750 0.033333
7 0.246528 0.214352 0.023611 0.041667
7 0.721007 0.012037 0.030208 0.023148
7 0.749826 0.058796 0.028819 0.053704
7 0.774132 0.112731 0.026042 0.047685
7 0.893403 0.283333 0.068056 0.112037
7 0.994271 0.420833 0.011458 0.030556
7 0.354167 0.413889 0.043056 0.071296
7 0.598785 0.268750 0.018403 0.031944
7 0.628819 0.260880 0.018750 0.032870
7 0.652431 0.285648 0.017361 0.031481
7 0.674306 0.309722 0.017361 0.031481
7 0.450521 0.313426 0.014931 0.030556
7 0.432118 0.319444 0.014931 0.030556
7 0.478819 0.332870 0.015278 0.025926
7 0.504514 0.351389 0.015278 0.025926
