4 0.677546 0.401562 0.112500 0.168403
4 0.569444 0.414757 0.099074 0.154514
4 0.475231 0.424653 0.097685 0.142361
11 0.264583 0.601215 0.268056 0.232986
1 0.712731 0.088542 0.099537 0.176389
1 0.523611 0.139236 0.086111 0.164583
1 0.375000 0.182986 0.080556 0.145833
1 0.173843 0.244444 0.071759 0.118750
1 0.081019 0.269444 0.070370 0.108333
0 0.216435 0.379167 0.144907 0.132639
7 0.724306 0.145833 0.062500 0.051389
7 0.722917 0.071354 0.061574 0.048958
7 0.539352 0.128472 0.052778 0.043750
7 0.538889 0.192188 0.051852 0.042708
7 0.389352 0.170486 0.047222 0.038889
7 0.385185 0.227778 0.048148 0.038889
7 0.188194 0.227257 0.039352 0.032986
7 0.182176 0.278993 0.041204 0.032986
7 0.094676 0.254340 0.037500 0.029514
7 0.087037 0.301910 0.039815 0.030903
7 0.016898 0.277083 0.032870 0.028472
7 0.012963 0.321181 0.025000 0.027778
7 0.265509 0.356771 0.043981 0.034375
7 0.258333 0.415104 0.045370 0.035069
7 0.075694 0.226736 0.036574 0.024306
7 0.156019 0.201389 0.037037 0.027083
7 0.247454 0.174132 0.039352 0.032292
7 0.442130 0.112500 0.042593 0.033333
7 0.586111 0.067708 0.047222 0.038194
7 0.758333 0.015451 0.053704 0.030208
7 0.868750 0.523264 0.020833 0.016667
9 0.865509 0.465625 0.023611 0.042361
9 0.040972 0.507812 0.006944 0.012847
8 0.003704 0.590799 0.006481 0.024653
6 0.750231 0.384722 0.037500 0.015972
