4 0.853935 0.526215 0.093056 0.145486
4 0.746759 0.532813 0.094444 0.137153
4 0.651852 0.536806 0.090741 0.131944
2 0.913194 0.236285 0.091204 0.142708
2 0.736574 0.260417 0.088889 0.136806
2 0.577778 0.280729 0.090741 0.125347
3 0.526620 0.365104 0.064352 0.126736
3 0.679861 0.344271 0.063426 0.136458
3 0.850000 0.322049 0.065741 0.146875
1 0.136574 0.535069 0.035185 0.063194
1 0.196296 0.530903 0.034259 0.063194
1 0.307407 0.525174 0.034259 0.067014
1 0.376620 0.521875 0.033796 0.066667
1 0.446528 0.515451 0.033796 0.071875
1 0.582639 0.506424 0.034722 0.073958
7 0.584259 0.493403 0.026852 0.021528
7 0.583796 0.526389 0.027778 0.020833
7 0.449306 0.502257 0.026389 0.019792
7 0.378472 0.507465 0.028241 0.020486
7 0.378241 0.537153 0.025926 0.020139
7 0.310648 0.511111 0.025926 0.018056
7 0.309954 0.540972 0.025463 0.019444
7 0.200694 0.518056 0.023611 0.018056
7 0.197685 0.546007 0.025000 0.018403
7 0.202315 0.568229 0.024074 0.017014
7 0.139815 0.522396 0.024074 0.018403
7 0.139120 0.549132 0.025463 0.017708
7 0.145370 0.571528 0.025000 0.016667
7 0.927083 0.218403 0.055093 0.041667
7 0.751620 0.244271 0.053241 0.041319
7 0.595602 0.268576 0.053241 0.038542
7 0.333565 0.316319 0.028241 0.029861
7 0.379398 0.311806 0.028241 0.027083
7 0.419676 0.305556 0.029167 0.028472
10 0.151389 0.652257 0.115741 0.067014
10 0.392593 0.645833 0.120370 0.071528
12 0.580093 0.640278 0.036111 0.039583
12 0.206019 0.650694 0.033333 0.027778
9 0.298843 0.671875 0.012500 0.025694
9 0.232407 0.672917 0.012037 0.027083
7 0.105556 0.360243 0.027778 0.028819
7 0.166204 0.376042 0.025000 0.022222
7 0.221759 0.390972 0.024074 0.021528
7 0.341435 0.421701 0.019907 0.023264
7 0.382870 0.434201 0.020370 0.021181
7 0.421528 0.444618 0.020833 0.020486
7 0.219444 0.462500 0.018519 0.018750
7 0.176852 0.452431 0.019444 0.019444
7 0.131019 0.441840 0.020370 0.021181
6 0.159259 0.308333 0.039815 0.025000
6 0.213194 0.300000 0.034722 0.026389
6 0.268981 0.290278 0.033333 0.020833
6 0.376157 0.274826 0.034722 0.023958
7 0.031019 0.404167 0.037963 0.029167
