11 0.675347 0.512963 0.497917 0.654630
13 0.158681 0.171759 0.029861 0.053704
13 0.195660 0.189815 0.028125 0.049074
9 0.433160 0.404167 0.008681 0.033333
1 0.316319 0.222685 0.023611 0.078704
1 0.455035 0.120139 0.046181 0.179167
1 0.560069 0.211574 0.022917 0.086111
1 0.662674 0.205093 0.026042 0.085185
1 0.725868 0.204398 0.027431 0.095833
1 0.789931 0.200463 0.027778 0.095370
1 0.913194 0.196065 0.028472 0.096759
7 0.912847 0.179861 0.022917 0.029167
7 0.910417 0.221991 0.022917 0.029167
7 0.790451 0.184954 0.021875 0.030093
7 0.789410 0.224769 0.020486 0.027315
7 0.726042 0.189352 0.020139 0.028704
7 0.725347 0.227778 0.020139 0.028704
7 0.663542 0.231481 0.020139 0.028704
7 0.664757 0.192361 0.019792 0.028241
7 0.561458 0.196991 0.017361 0.024537
7 0.560764 0.233565 0.017361 0.024537
7 0.506597 0.200000 0.017361 0.024074
7 0.457813 0.171528 0.037847 0.051389
7 0.459722 0.092130 0.035417 0.051852
7 0.318750 0.208796 0.017361 0.022222
7 0.318229 0.241898 0.017014 0.023611
7 0.895660 0.390278 0.015625 0.022222
7 0.517188 0.158102 0.017014 0.028241
7 0.333160 0.168056 0.015625 0.027778
7 0.310069 0.137500 0.015972 0.024074
7 0.285417 0.117361 0.015972 0.026389
7 0.211979 0.062037 0.018403 0.025926
