4 0.207176 0.539062 0.234722 0.382986
4 0.494213 0.567708 0.218056 0.368750
4 0.756481 0.588715 0.215741 0.348264
7 0.575000 0.047049 0.117593 0.093403
7 0.954861 0.118403 0.090278 0.091667
7 0.842824 0.329861 0.102315 0.074306
7 0.490509 0.273438 0.104167 0.082986
7 0.087731 0.215451 0.116204 0.091319
12 0.039120 0.634375 0.077315 0.125000
7 0.079861 0.637847 0.053241 0.033333
7 0.313194 0.655903 0.047685 0.032639
12 0.858333 0.713715 0.148148 0.101736
9 0.932176 0.799306 0.044907 0.088889
8 0.915972 0.957986 0.040278 0.067361
8 0.231481 0.956076 0.026852 0.087847
8 0.181713 0.954861 0.029167 0.090278
8 0.130093 0.953125 0.028704 0.093750
8 0.018056 0.952604 0.027778 0.094792
8 0.050231 0.944618 0.056944 0.110764
