10 0.337963 0.571701 0.187963 0.105208
1 0.483333 0.406771 0.040741 0.089236
1 0.377778 0.388542 0.039815 0.095833
1 0.257639 0.365625 0.041204 0.103472
1 0.013657 0.319444 0.026389 0.115972
13 0.839120 0.312153 0.068981 0.075000
13 0.729398 0.348785 0.066204 0.061458
13 0.645833 0.376910 0.056481 0.059375
7 0.478935 0.393750 0.030093 0.024306
7 0.479167 0.433333 0.030556 0.023611
7 0.375463 0.372917 0.033333 0.025694
7 0.374537 0.416146 0.034259 0.024653
7 0.256944 0.350347 0.037037 0.027778
7 0.256019 0.396354 0.037037 0.027431
7 0.778935 0.135937 0.038426 0.026736
7 0.246991 0.034375 0.044907 0.035417
7 0.192593 0.107813 0.040741 0.030208
7 0.184491 0.573438 0.026389 0.016319
7 0.257176 0.574132 0.022685 0.014236
9 0.142824 0.593924 0.031019 0.055208
9 0.212500 0.598958 0.028704 0.050694
8 0.165972 0.626215 0.018056 0.073958
8 0.231944 0.630035 0.016667 0.070486
