4 0.906481 0.607986 0.146296 0.193750
4 0.112037 0.690625 0.084259 0.121528
4 0.061574 0.694965 0.079630 0.114236
4 0.029167 0.699826 0.057407 0.112153
2 0.774537 0.264583 0.139815 0.154861
3 0.918750 0.327431 0.104167 0.189583
3 0.718981 0.376389 0.099074 0.175694
3 0.070602 0.531424 0.071759 0.114931
2 0.093981 0.457986 0.121296 0.116667
1 0.767824 0.628993 0.040278 0.084375
1 0.611806 0.643750 0.041204 0.077083
1 0.496528 0.652951 0.041204 0.069792
1 0.435880 0.660764 0.036574 0.068056
1 0.380324 0.665625 0.037500 0.066667
1 0.291898 0.672917 0.031944 0.058333
7 0.809028 0.244097 0.062500 0.049306
7 0.733565 0.419271 0.065278 0.051736
7 0.134028 0.442882 0.040278 0.032986
7 0.085417 0.559722 0.038426 0.031944
7 0.015741 0.575347 0.030556 0.031944
7 0.162731 0.725868 0.018981 0.015625
7 0.296065 0.661458 0.020833 0.017361
7 0.293981 0.689757 0.022222 0.017014
7 0.386343 0.652083 0.025463 0.018056
7 0.384028 0.680556 0.023611 0.019444
7 0.273380 0.718229 0.021759 0.017014
7 0.319676 0.714410 0.020833 0.014931
7 0.440741 0.645833 0.026852 0.018056
7 0.440509 0.676910 0.023611 0.018403
7 0.457639 0.702431 0.023611 0.019444
7 0.514583 0.698264 0.022685 0.018056
7 0.500926 0.639931 0.026852 0.020139
7 0.499537 0.670833 0.025926 0.020139
7 0.615046 0.627778 0.028241 0.020139
7 0.615509 0.661806 0.026389 0.020833
7 0.770602 0.612153 0.029167 0.022222
7 0.771528 0.648611 0.031019 0.022222
7 0.770370 0.682465 0.026852 0.021875
10 0.461574 0.794792 0.124074 0.083333
10 0.266667 0.801215 0.100926 0.071181
12 0.402315 0.798611 0.039815 0.031250
12 0.550000 0.794444 0.038889 0.030556
12 0.617824 0.795139 0.036574 0.034722
12 0.832407 0.790104 0.049074 0.038542
7 0.789120 0.797049 0.023611 0.020486
7 0.178704 0.406424 0.041667 0.044097
7 0.376389 0.464931 0.025926 0.024306
7 0.447222 0.481771 0.026852 0.022569
7 0.513194 0.497396 0.026389 0.021181
7 0.299074 0.446181 0.019444 0.015278
7 0.447685 0.565104 0.019444 0.017014
7 0.498380 0.576042 0.018981 0.016667
7 0.278704 0.592014 0.020370 0.016667
7 0.285417 0.630035 0.021759 0.018403
7 0.761343 0.556076 0.022685 0.019792
7 0.603704 0.394965 0.031481 0.034375
6 0.337731 0.447396 0.040278 0.018403
6 0.470602 0.419097 0.041204 0.024306
6 0.522917 0.407465 0.040278 0.025347
