11 0.177778 0.646701 0.266667 0.207986
4 0.540509 0.520660 0.068981 0.096181
4 0.495602 0.521528 0.068056 0.091667
4 0.457870 0.523958 0.069444 0.088194
2 0.533796 0.334028 0.099074 0.097222
3 0.509954 0.394618 0.059722 0.094792
3 0.447222 0.405208 0.053704 0.087500
3 0.387731 0.413889 0.051389 0.083333
1 0.320370 0.406771 0.053704 0.079514
1 0.271991 0.413368 0.049537 0.077431
1 0.231019 0.419618 0.048148 0.073264
1 0.950231 0.483854 0.038426 0.071181
1 0.834954 0.487153 0.036574 0.065972
1 0.778472 0.490972 0.034722 0.060417
1 0.723843 0.494271 0.036574 0.059375
1 0.597222 0.501736 0.030556 0.052778
1 0.183102 0.509722 0.045833 0.066667
7 0.953241 0.468056 0.025926 0.020139
7 0.951620 0.498785 0.028241 0.019097
7 0.840046 0.475347 0.026389 0.020139
7 0.837269 0.502431 0.026389 0.019444
7 0.782870 0.478993 0.024074 0.018403
7 0.780324 0.505556 0.022685 0.017361
7 0.729398 0.482986 0.023611 0.019444
7 0.727546 0.508160 0.021759 0.017708
7 0.601157 0.490799 0.019907 0.016319
7 0.598611 0.513889 0.020370 0.015278
7 0.428241 0.521875 0.017593 0.013889
7 0.564583 0.321875 0.032870 0.026389
7 0.522454 0.415972 0.031019 0.027083
7 0.457870 0.425000 0.028704 0.024306
7 0.398611 0.432465 0.026852 0.023264
7 0.330556 0.390451 0.026852 0.023264
7 0.325000 0.425000 0.029630 0.020833
7 0.283102 0.398090 0.025463 0.021875
7 0.277778 0.431424 0.028704 0.021875
7 0.240278 0.405556 0.025926 0.020833
7 0.235185 0.437500 0.026852 0.020139
7 0.205093 0.433333 0.023148 0.018056
7 0.171759 0.437847 0.022222 0.017361
7 0.188889 0.526910 0.026852 0.019792
7 0.192130 0.495660 0.025000 0.019792
10 0.796296 0.610243 0.115741 0.073958
11 0.389120 0.625000 0.126389 0.112500
13 0.254167 0.481597 0.030556 0.035417
13 0.303935 0.488715 0.030093 0.033681
13 0.351620 0.495486 0.030093 0.030556
12 0.726157 0.606597 0.030093 0.026389
12 0.871065 0.610417 0.043981 0.031944
7 0.600231 0.281771 0.043056 0.046181
7 0.530787 0.299132 0.043981 0.042014
7 0.284259 0.358333 0.029630 0.029167
7 0.215741 0.374826 0.025000 0.024653
7 0.181250 0.382118 0.026389 0.023958
7 0.147222 0.388715 0.025926 0.023264
7 0.738889 0.313021 0.028704 0.033681
7 0.802315 0.325521 0.027778 0.032292
7 0.864120 0.340104 0.031019 0.032986
7 0.787731 0.397396 0.026389 0.027431
7 0.834491 0.406250 0.022685 0.026389
7 0.964583 0.264236 0.031019 0.026389
6 0.925231 0.237847 0.031019 0.018750
6 0.872917 0.253125 0.041204 0.022917
6 0.820139 0.264931 0.043056 0.023611
7 0.536343 0.439583 0.018056 0.020139
