10 0.128241 0.419097 0.255556 0.183333
10 0.479167 0.464931 0.198148 0.128472
10 0.687731 0.489236 0.134722 0.102083
10 0.822685 0.509028 0.117593 0.084028
10 0.925926 0.518750 0.096296 0.068056
1 0.055093 0.067535 0.095370 0.134375
1 0.192361 0.092708 0.093056 0.169444
1 0.306713 0.135590 0.088426 0.153819
1 0.468056 0.197396 0.078704 0.132292
1 0.539352 0.226215 0.075000 0.126042
1 0.602778 0.248785 0.072222 0.114931
1 0.693750 0.287674 0.063426 0.105903
1 0.739815 0.304514 0.058333 0.098611
1 0.781250 0.319792 0.054167 0.095139
1 0.840972 0.342187 0.053241 0.085764
1 0.943287 0.380556 0.049537 0.073611
7 0.030324 0.207639 0.057870 0.043056
7 0.149537 0.238889 0.048148 0.038889
7 0.043287 0.087847 0.062500 0.051389
7 0.180556 0.059375 0.053704 0.047917
7 0.184722 0.136632 0.054630 0.044792
7 0.297222 0.106424 0.048148 0.040625
7 0.300694 0.175694 0.048611 0.040972
7 0.456713 0.171875 0.044907 0.036111
7 0.460648 0.232465 0.045370 0.036458
7 0.529630 0.201215 0.041667 0.032986
7 0.532870 0.258160 0.041667 0.034375
7 0.591667 0.226736 0.037963 0.031250
7 0.594444 0.279861 0.039815 0.031944
7 0.686343 0.265799 0.034722 0.027431
7 0.687037 0.313368 0.033333 0.027431
7 0.731944 0.329514 0.031481 0.027083
7 0.728935 0.283681 0.032870 0.026389
7 0.771759 0.342361 0.029630 0.025000
7 0.769676 0.300347 0.031019 0.025694
7 0.834722 0.323958 0.029630 0.022222
7 0.835648 0.363368 0.028704 0.023264
7 0.938194 0.366146 0.025463 0.021181
7 0.940509 0.398090 0.025463 0.019792
7 0.665046 0.375521 0.030093 0.023264
7 0.624074 0.364063 0.031481 0.025347
7 0.471296 0.323958 0.037963 0.028472
7 0.403241 0.304861 0.037963 0.031250
7 0.860648 0.105382 0.034259 0.028819
7 0.880556 0.121354 0.031481 0.026042
7 0.979861 0.090451 0.034722 0.028819
7 0.967361 0.189583 0.026389 0.019444
7 0.981481 0.199132 0.022222 0.017708
7 0.874769 0.013542 0.040278 0.026389
7 0.732639 0.033160 0.038426 0.026042
7 0.418519 0.082118 0.035185 0.028125
7 0.923148 0.321875 0.019444 0.013889
8 0.829861 0.570312 0.009722 0.044097
