11 0.086574 0.799479 0.172222 0.401042
12 0.035417 0.597049 0.069907 0.065625
5 0.117361 0.119271 0.193981 0.237847
0 0.560880 0.257118 0.231019 0.209375
0 0.727315 0.333160 0.209259 0.201042
0 0.868287 0.392882 0.216204 0.178125
1 0.085185 0.519965 0.101852 0.223264
7 0.414352 0.126736 0.081481 0.059028
7 0.578704 0.207465 0.070370 0.056597
7 0.714120 0.276389 0.065278 0.052083
7 0.811343 0.439063 0.071759 0.053819
7 0.806019 0.361458 0.066667 0.052083
7 0.669676 0.383507 0.075463 0.057986
7 0.667824 0.300868 0.075463 0.057986
7 0.496528 0.314583 0.086574 0.063194
7 0.500926 0.222396 0.084259 0.064236
7 0.073843 0.141667 0.101389 0.079861
7 0.085417 0.038368 0.116204 0.076042
7 0.097917 0.477604 0.074537 0.069097
