1 0.601042 0.484722 0.027083 0.094444
1 0.668056 0.488194 0.026389 0.095833
1 0.532813 0.481713 0.024653 0.093981
3 0.851215 0.517824 0.033681 0.103241
7 0.601042 0.510185 0.021528 0.029630
7 0.668576 0.357407 0.019792 0.035185
7 0.476389 0.223380 0.023611 0.038426
7 0.785937 0.175231 0.032986 0.056944
7 0.478299 0.272222 0.021181 0.040741
9 0.875868 0.117824 0.022569 0.057870
9 0.319965 0.085880 0.032292 0.076389
10 0.860069 0.687037 0.117361 0.122222
10 0.596701 0.672917 0.104514 0.115278
12 0.084549 0.435185 0.085069 0.126852
11 0.252778 0.757639 0.088194 0.152315
11 0.902083 0.782176 0.081944 0.126389
10 0.334201 0.659722 0.104514 0.115741
10 0.083160 0.649306 0.109375 0.116204
4 0.685937 0.706019 0.026042 0.076852
4 0.400000 0.689120 0.023611 0.079167
4 0.426910 0.690741 0.023264 0.076852
12 0.292535 0.445139 0.062847 0.128241
12 0.428646 0.633796 0.019792 0.037037
12 0.903472 0.673843 0.014583 0.025463
12 0.919444 0.675231 0.017361 0.027315
6 0.069271 0.081944 0.030903 0.044444
6 0.131771 0.087731 0.029514 0.043056
6 0.196701 0.090972 0.023958 0.041204
6 0.304688 0.098843 0.023958 0.042130
6 0.367188 0.102546 0.020486 0.040278
6 0.430556 0.107407 0.018750 0.037963
6 0.776736 0.123611 0.029167 0.042593
6 0.838021 0.128241 0.031597 0.037037
6 0.902083 0.132407 0.037500 0.033333
9 0.838194 0.116898 0.020139 0.056944
9 0.779167 0.113657 0.020139 0.056944
9 0.421528 0.093981 0.019444 0.059259
9 0.382292 0.092130 0.019444 0.059259
9 0.322743 0.089352 0.019792 0.060185
9 0.183333 0.081250 0.022222 0.062500
9 0.132465 0.076620 0.017708 0.059722
9 0.090104 0.072685 0.021181 0.062963
9 0.516319 0.667593 0.011806 0.031481
9 0.576562 0.672917 0.009375 0.031019
9 0.612500 0.674769 0.010417 0.031944
9 0.650347 0.677546 0.011111 0.031944
8 0.648958 0.742361 0.009028 0.025463
8 0.614583 0.741435 0.006944 0.023611
8 0.606597 0.740509 0.006944 0.023611
8 0.600000 0.740046 0.006944 0.023611
8 0.572222 0.739583 0.006944 0.023611
8 0.564931 0.739120 0.006944 0.023611
8 0.578299 0.740046 0.004514 0.023611
8 0.503993 0.722685 0.006597 0.041667
8 0.487674 0.722685 0.006597 0.041667
8 0.435937 0.719444 0.006597 0.041667
2 0.947743 0.474537 0.051042 0.090741
2 0.877083 0.471528 0.053472 0.090278
2 0.806424 0.468981 0.051042 0.090741
2 0.421701 0.450926 0.040625 0.087037
2 0.353819 0.447685 0.040972 0.090741
2 0.023611 0.428935 0.046528 0.093056
3 0.394965 0.491435 0.026042 0.102315
3 0.778299 0.510648 0.029514 0.100000
3 0.917014 0.516204 0.031944 0.103704
1 0.246007 0.581250 0.019097 0.061574
1 0.361979 0.586111 0.019097 0.065741
1 0.402778 0.587269 0.021528 0.066204
1 0.443750 0.589120 0.021528 0.066204
1 0.674653 0.603009 0.021528 0.066204
1 0.758160 0.607639 0.020486 0.063426
5 0.831424 0.611574 0.026736 0.061111
5 0.873437 0.614352 0.026736 0.061111
5 0.915799 0.616204 0.026736 0.061111
7 0.178299 0.450231 0.047569 0.081944
7 0.299653 0.539815 0.010417 0.019444
7 0.256771 0.537500 0.012847 0.017593
7 0.368403 0.541204 0.012500 0.020370
7 0.407986 0.543056 0.012500 0.020370
7 0.448264 0.543981 0.012500 0.020370
7 0.668056 0.555787 0.013194 0.024537
7 0.747917 0.561574 0.012500 0.023148
7 0.818403 0.564352 0.013889 0.025926
7 0.858681 0.566898 0.014583 0.025463
7 0.898611 0.568750 0.015278 0.025463
7 0.990625 0.291667 0.018750 0.048148
7 0.477604 0.164352 0.028819 0.049074
7 0.168924 0.143750 0.033681 0.053241
7 0.050174 0.330324 0.024653 0.041204
7 0.079687 0.360185 0.022569 0.037037
7 0.035590 0.416667 0.024653 0.030556
7 0.361632 0.435880 0.023264 0.030093
7 0.429514 0.438889 0.022222 0.028704
7 0.395486 0.520370 0.022222 0.028704
7 0.532986 0.465509 0.020833 0.026389
7 0.531944 0.507176 0.020833 0.026389
7 0.600347 0.470139 0.020833 0.026389
7 0.669097 0.472685 0.021528 0.029630
7 0.669444 0.513889 0.021528 0.029630
7 0.802778 0.457870 0.021528 0.029630
7 0.777604 0.539120 0.023264 0.031019
7 0.847396 0.543519 0.023264 0.031481
7 0.870139 0.460185 0.022222 0.029630
7 0.915625 0.545833 0.024306 0.029630
7 0.939583 0.464352 0.024306 0.029630
7 0.911111 0.604630 0.016667 0.019444
7 0.913889 0.631481 0.016667 0.019444
7 0.871528 0.628241 0.016667 0.019444
7 0.869444 0.602778 0.016667 0.019444
7 0.828819 0.600000 0.016667 0.019444
7 0.829514 0.625926 0.016667 0.019444
7 0.756771 0.597454 0.015625 0.018981
7 0.757465 0.622917 0.015625 0.018981
7 0.672222 0.590972 0.014583 0.018981
7 0.673611 0.616898 0.014583 0.018981
7 0.800521 0.704861 0.007986 0.017130
7 0.669965 0.711574 0.011458 0.013889
7 0.518576 0.702315 0.011458 0.012963
7 0.426042 0.633565 0.010417 0.019907
7 0.320486 0.646065 0.014583 0.018056
7 0.317708 0.672222 0.013889 0.016667
7 0.245312 0.596065 0.014236 0.018056
7 0.246701 0.569213 0.014236 0.018056
7 0.656597 0.383333 0.017361 0.033333
7 0.647049 0.409028 0.016319 0.031019
7 0.507292 0.349769 0.017361 0.033796
7 0.448611 0.347685 0.018750 0.035185
