12 0.881713 0.102083 0.214352 0.065278
12 0.772222 0.154340 0.168519 0.055208
12 0.712037 0.197917 0.164815 0.062500
12 0.825694 0.391493 0.051389 0.033681
12 0.802778 0.396007 0.042593 0.030903
12 0.782870 0.400694 0.042593 0.029861
8 0.976157 0.279687 0.047685 0.170486
8 0.935417 0.290278 0.043981 0.161111
8 0.734028 0.406944 0.042130 0.070833
8 0.712963 0.412500 0.045370 0.065972
8 0.694676 0.416319 0.041204 0.064583
8 0.655787 0.424826 0.039352 0.057292
8 0.597454 0.436111 0.034722 0.056944
8 0.626852 0.434375 0.037037 0.055556
8 0.639815 0.431597 0.034259 0.056944
8 0.575000 0.441840 0.033333 0.051042
7 0.751852 0.240278 0.049074 0.038889
7 0.671991 0.279514 0.043981 0.036111
7 0.611806 0.306424 0.037500 0.030903
7 0.437269 0.375521 0.025463 0.024653
7 0.426620 0.381424 0.023611 0.023958
7 0.416898 0.386111 0.024537 0.023611
7 0.036343 0.474306 0.028241 0.021528
7 0.096065 0.477778 0.026389 0.018750
7 0.187037 0.480208 0.028704 0.018750
7 0.241667 0.483333 0.026852 0.018750
7 0.327546 0.486458 0.026389 0.017361
7 0.380787 0.488021 0.025463 0.017014
7 0.481481 0.490972 0.025000 0.016667
1 0.540509 0.482812 0.030093 0.048264
1 0.359491 0.477604 0.029167 0.052431
1 0.226389 0.474826 0.030556 0.055903
1 0.149074 0.472917 0.032407 0.054861
1 0.067361 0.469271 0.033796 0.058681
7 0.067361 0.461806 0.030093 0.021528
7 0.149074 0.464931 0.029630 0.023611
7 0.226852 0.468056 0.028704 0.022222
7 0.359259 0.472049 0.026852 0.021875
7 0.540509 0.479167 0.025463 0.020833
8 0.858102 0.389931 0.039352 0.064583
