4 0.896991 0.385764 0.110648 0.157639
1 0.938426 0.100347 0.100926 0.170833
1 0.796065 0.544444 0.027315 0.027778
1 0.876389 0.541667 0.029630 0.032639
7 0.752083 0.545312 0.015278 0.012847
7 0.798843 0.543229 0.017130 0.012153
7 0.880556 0.540278 0.018519 0.013194
7 0.917824 0.538715 0.017130 0.014931
7 0.917593 0.087674 0.054630 0.046181
7 0.915046 0.154340 0.054167 0.046875
7 0.833565 0.256424 0.047685 0.033681
7 0.771528 0.499479 0.014352 0.009375
7 0.749074 0.498611 0.012963 0.009722
7 0.084722 0.328646 0.026852 0.017708
7 0.143519 0.446181 0.023148 0.018056
7 0.251157 0.455382 0.022685 0.017708
7 0.551389 0.480903 0.021296 0.015972
12 0.509028 0.383160 0.048611 0.046181
12 0.415278 0.372917 0.046296 0.050000
12 0.319444 0.360417 0.039815 0.047917
12 0.089352 0.328299 0.042593 0.063542
9 0.017824 0.371701 0.029167 0.044792
9 0.140741 0.384896 0.025000 0.042708
9 0.324769 0.408333 0.018056 0.043056
9 0.424769 0.415972 0.019907 0.040278
9 0.521296 0.427257 0.015741 0.039236
8 0.049306 0.473958 0.015278 0.053472
8 0.074769 0.475868 0.016204 0.053125
8 0.099537 0.478125 0.017593 0.053472
8 0.274074 0.510069 0.018519 0.027083
8 0.294907 0.512500 0.016667 0.028472
8 0.313889 0.514236 0.016667 0.028472
8 0.365972 0.517188 0.018056 0.026042
8 0.384028 0.518403 0.018056 0.025694
8 0.402546 0.519618 0.017130 0.025347
8 0.452083 0.519792 0.017130 0.026389
8 0.469676 0.521181 0.017130 0.027083
8 0.487269 0.521875 0.017130 0.025694
8 0.410880 0.488021 0.018981 0.031597
