10 0.449479 0.528241 0.114236 0.149074
10 0.331597 0.555093 0.084028 0.112037
10 0.255729 0.568981 0.066319 0.085185
10 0.649826 0.484028 0.180208 0.216204
13 0.122917 0.429861 0.023611 0.048611
13 0.069444 0.422454 0.023611 0.048611
13 0.014583 0.414120 0.023611 0.048611
12 0.882465 0.549769 0.038542 0.080093
9 0.656076 0.631481 0.017014 0.049074
9 0.678125 0.630556 0.016667 0.050000
1 0.333160 0.328935 0.039931 0.119907
1 0.381944 0.293981 0.041667 0.128704
1 0.416146 0.268981 0.039931 0.136111
1 0.454861 0.237269 0.044444 0.154167
1 0.536285 0.171065 0.053819 0.170833
1 0.596701 0.121528 0.060069 0.186574
1 0.670660 0.084028 0.067014 0.167130
6 0.355035 0.015278 0.028125 0.027778
7 0.338194 0.360648 0.022917 0.031481
7 0.340278 0.307870 0.023611 0.031481
7 0.387674 0.326389 0.025347 0.033333
7 0.390104 0.266667 0.025347 0.033333
7 0.423438 0.243056 0.029514 0.036111
7 0.421354 0.303472 0.027431 0.040278
7 0.459896 0.276389 0.030208 0.040741
7 0.460938 0.208565 0.029514 0.040278
7 0.541493 0.215046 0.033681 0.048611
7 0.546875 0.138889 0.029167 0.051852
7 0.603299 0.172685 0.037847 0.054630
7 0.608160 0.088426 0.037847 0.054630
7 0.676910 0.119213 0.041319 0.062500
7 0.682465 0.028935 0.039931 0.056944
7 0.334722 0.445370 0.020139 0.027778
7 0.268229 0.477546 0.015625 0.023611
7 0.230035 0.378472 0.015625 0.019907
7 0.466319 0.236574 0.018056 0.023148
7 0.313715 0.054630 0.026736 0.033333
7 0.224653 0.029861 0.030556 0.035648
7 0.132639 0.010185 0.034028 0.019444
7 0.164583 0.153009 0.022917 0.030093
7 0.237847 0.172454 0.022222 0.029167
7 0.184722 0.250463 0.018750 0.025926
7 0.123264 0.237500 0.019444 0.025000
7 0.057639 0.224306 0.022222 0.023611
7 0.035937 0.284722 0.016319 0.022222
7 0.092882 0.295833 0.016319 0.022222
7 0.146701 0.306019 0.016319 0.022222
7 0.510417 0.119676 0.022917 0.032870
7 0.745139 0.583565 0.022917 0.025463
