10 0.562500 0.310185 0.182639 0.197222
10 0.283854 0.329630 0.146875 0.159259
3 0.218924 0.074769 0.056597 0.148611
3 0.285243 0.067824 0.053819 0.134722
7 0.014583 0.048148 0.024306 0.034259
7 0.009028 0.107639 0.017361 0.031944
7 0.095139 0.081713 0.022222 0.036574
7 0.090451 0.105093 0.023264 0.029630
7 0.080556 0.143056 0.022917 0.034259
7 0.131944 0.091667 0.022222 0.034259
7 0.103472 0.017593 0.025694 0.034259
7 0.188021 0.055556 0.026042 0.041667
7 0.228125 0.109722 0.030556 0.040741
7 0.245833 0.037500 0.026389 0.040741
7 0.288542 0.094676 0.031250 0.041204
7 0.309896 0.020602 0.026736 0.039352
7 0.444618 0.021991 0.032292 0.043056
7 0.502778 0.209259 0.018750 0.023148
7 0.549826 0.203241 0.017708 0.024074
7 0.601215 0.195833 0.018403 0.025926
7 0.867188 0.206019 0.019792 0.029630
7 0.880556 0.258565 0.020833 0.030093
7 0.526389 0.150694 0.018056 0.024537
7 0.573958 0.143056 0.019444 0.024074
7 0.624826 0.133796 0.018403 0.025000
6 0.453472 0.192361 0.010417 0.014352
6 0.346181 0.161806 0.036806 0.023611
6 0.340625 0.179630 0.022917 0.017593
6 0.292014 0.167593 0.020833 0.017593
6 0.252604 0.212731 0.017708 0.014352
6 0.208507 0.202778 0.017014 0.013889
8 0.241667 0.467824 0.006944 0.042130
8 0.246181 0.467593 0.004861 0.042593
8 0.249826 0.468056 0.005208 0.042593
8 0.274826 0.469444 0.006597 0.037963
8 0.277778 0.468519 0.004861 0.039815
8 0.282292 0.467130 0.006250 0.042593
8 0.307465 0.469213 0.005903 0.043981
8 0.312500 0.470370 0.004861 0.044444
8 0.317014 0.469907 0.005556 0.046296
7 0.637674 0.367824 0.018403 0.027315
