10 0.528704 0.498785 0.275926 0.179514
10 0.830324 0.537674 0.198611 0.134375
1 0.225926 0.064931 0.111111 0.129167
1 0.496759 0.147917 0.097222 0.169444
1 0.604630 0.196875 0.087037 0.154861
1 0.697685 0.238021 0.079630 0.137153
1 0.821759 0.292882 0.069444 0.119097
1 0.881019 0.316667 0.064815 0.112500
1 0.932176 0.339583 0.063426 0.104861
7 0.211111 0.088368 0.078704 0.059375
7 0.477083 0.120139 0.057870 0.048611
7 0.483102 0.194965 0.062500 0.051042
7 0.587963 0.172743 0.051852 0.043403
7 0.594907 0.238542 0.053704 0.043056
7 0.679861 0.213889 0.045833 0.040278
7 0.685880 0.275174 0.051389 0.039236
7 0.447222 0.313021 0.051852 0.038542
7 0.544907 0.340278 0.046296 0.036111
7 0.809722 0.271528 0.043519 0.034028
7 0.814815 0.325000 0.049074 0.034722
7 0.868750 0.297569 0.038426 0.034028
7 0.872917 0.347049 0.043981 0.031597
7 0.741667 0.398090 0.037963 0.028819
7 0.797222 0.413368 0.036111 0.027431
7 0.919907 0.320660 0.038889 0.028819
7 0.925694 0.367882 0.042130 0.028125
7 0.989120 0.355556 0.021759 0.029167
7 0.966898 0.452778 0.030093 0.023611
8 0.536806 0.615278 0.022685 0.084722
7 0.489583 0.068750 0.054167 0.058333
7 0.793056 0.227951 0.043519 0.046875
7 0.734954 0.196354 0.038426 0.046181
