12 0.948785 0.253638 0.102431 0.255291
12 0.609623 0.304233 0.121528 0.220238
12 0.256820 0.369544 0.120288 0.170966
12 0.050595 0.392692 0.094246 0.150463
7 0.129960 0.421958 0.053571 0.082672
7 0.762277 0.339286 0.070685 0.101852
4 0.889881 0.710317 0.043155 0.125000
8 0.789311 0.767030 0.014137 0.077712
8 0.774926 0.765542 0.011657 0.066138
8 0.733011 0.766534 0.012649 0.065476
8 0.720114 0.764550 0.011657 0.060185
8 0.705853 0.771164 0.013889 0.050926
9 0.728671 0.672288 0.017857 0.046958
9 0.791047 0.670470 0.017113 0.045966
12 0.718254 0.623677 0.025794 0.041005
12 0.660218 0.625000 0.027778 0.035714
10 0.311508 0.671627 0.133433 0.155423
10 0.055680 0.678571 0.110863 0.138889
4 0.423611 0.708499 0.032242 0.099537
4 0.390377 0.712632 0.041667 0.103836
3 0.879464 0.535714 0.029266 0.117063
3 0.802579 0.541501 0.027282 0.113426
7 0.883805 0.562004 0.021577 0.027447
7 0.883061 0.514881 0.022073 0.025794
7 0.891493 0.452877 0.023562 0.030754
7 0.676959 0.224206 0.030010 0.040344
7 0.638393 0.188492 0.029266 0.032407
7 0.594866 0.148810 0.031002 0.033730
7 0.547743 0.160714 0.027034 0.031085
3 0.273934 0.192791 0.116815 0.095899
3 0.333457 0.225198 0.108879 0.087302
3 0.389509 0.259425 0.098462 0.092923
7 0.401662 0.267196 0.023562 0.027116
7 0.373264 0.275959 0.021825 0.026786
7 0.355159 0.238922 0.021329 0.027447
7 0.324653 0.247354 0.023810 0.022487
7 0.305556 0.206184 0.023313 0.031415
7 0.273934 0.213955 0.022073 0.027116
7 0.238839 0.220899 0.023810 0.021825
7 0.121404 0.144015 0.030506 0.038029
7 0.048239 0.097718 0.031498 0.040013
7 0.048859 0.275463 0.026786 0.036376
7 0.102803 0.304894 0.022569 0.033069
7 0.152406 0.332176 0.022569 0.029431
7 0.431796 0.491898 0.014881 0.027447
7 0.381572 0.495866 0.017609 0.025463
7 0.300223 0.501157 0.021081 0.027447
3 0.410342 0.560847 0.033978 0.101190
3 0.359375 0.563492 0.026290 0.095238
7 0.361731 0.586144 0.017113 0.022817
7 0.363219 0.546792 0.019097 0.021495
7 0.414807 0.543816 0.019097 0.025463
7 0.414062 0.583664 0.019097 0.024471
1 0.226438 0.571594 0.016369 0.086971
7 0.277530 0.589782 0.018849 0.024140
1 0.367312 0.397652 0.049107 0.151786
7 0.368304 0.432540 0.033234 0.041667
7 0.371528 0.367890 0.034226 0.036045
7 0.292907 0.380126 0.031746 0.036045
7 0.429812 0.399140 0.026290 0.031085
3 0.493428 0.410880 0.040923 0.141865
7 0.498760 0.445933 0.031250 0.042659
7 0.542411 0.312831 0.035218 0.046958
2 0.531746 0.329861 0.062004 0.141865
