1 0.951215 0.426620 0.040625 0.118056
1 0.161806 0.317824 0.038194 0.148611
1 0.267188 0.333102 0.036458 0.142130
1 0.364063 0.345139 0.037847 0.140278
4 0.675694 0.377778 0.104167 0.278704
4 0.570833 0.366204 0.103472 0.287037
4 0.459201 0.345139 0.104514 0.306019
7 0.898958 0.030556 0.031944 0.045370
7 0.945312 0.042593 0.031597 0.049074
12 0.773090 0.637963 0.030903 0.062037
10 0.279861 0.603241 0.081250 0.148148
12 0.093056 0.596759 0.034722 0.081481
12 0.655556 0.633565 0.027778 0.057870
9 0.916493 0.665509 0.018403 0.048611
7 0.162674 0.290046 0.032986 0.044907
7 0.160243 0.354861 0.032986 0.044907
7 0.267188 0.370602 0.032292 0.042130
7 0.266840 0.306713 0.032292 0.042130
7 0.363715 0.321759 0.032292 0.040741
7 0.362326 0.381944 0.032292 0.040741
7 0.601389 0.413426 0.028472 0.037963
7 0.806597 0.388194 0.028472 0.037500
7 0.806250 0.439120 0.028472 0.037500
7 0.946354 0.406713 0.028125 0.034722
7 0.947396 0.456250 0.028125 0.034722
7 0.904687 0.258333 0.023264 0.037963
7 0.811285 0.303009 0.017014 0.035648
7 0.739931 0.076620 0.060417 0.076389
7 0.149826 0.617593 0.021875 0.028704
