11 0.371528 0.443750 0.287500 0.297917
4 0.801389 0.360764 0.064815 0.118056
4 0.846759 0.365799 0.054630 0.105903
4 0.884722 0.373264 0.052778 0.097222
12 0.639352 0.367361 0.061111 0.030556
12 0.593519 0.359549 0.055556 0.031597
12 0.546528 0.350694 0.058796 0.031944
12 0.287037 0.295312 0.053704 0.046181
12 0.359491 0.308681 0.049537 0.040972
9 0.665741 0.399479 0.012963 0.026736
9 0.620370 0.391493 0.019444 0.029514
9 0.572917 0.386806 0.013426 0.030556
9 0.474306 0.369271 0.018981 0.031597
0 0.812963 0.280729 0.134259 0.120486
1 0.600231 0.056597 0.080093 0.112500
1 0.713194 0.086458 0.073611 0.137500
1 0.863426 0.161806 0.075926 0.127778
1 0.928241 0.193403 0.074074 0.112500
1 0.974074 0.219444 0.051852 0.103472
7 0.445833 0.018576 0.062037 0.036458
7 0.590509 0.015625 0.053241 0.030556
7 0.590046 0.077257 0.055093 0.043403
7 0.701620 0.067014 0.043981 0.038194
7 0.698148 0.127778 0.043519 0.036806
7 0.846528 0.143403 0.036574 0.030556
7 0.843981 0.193229 0.036111 0.030903
7 0.911806 0.177083 0.032870 0.028472
7 0.906944 0.222917 0.032407 0.027083
7 0.963194 0.246701 0.031019 0.026042
7 0.966435 0.203993 0.030093 0.026042
7 0.771991 0.259201 0.039352 0.032292
7 0.769907 0.313021 0.037037 0.030903
7 0.811806 0.269792 0.029167 0.024306
7 0.870370 0.289931 0.028704 0.023611
7 0.796991 0.082465 0.037500 0.026736
7 0.918750 0.151389 0.033796 0.022222
7 0.512037 0.418229 0.015741 0.013542
7 0.659954 0.434375 0.014352 0.011806
7 0.460880 0.328993 0.018981 0.012153
7 0.395139 0.316319 0.018056 0.012500
8 0.599769 0.440625 0.012500 0.022917
8 0.535417 0.457986 0.012500 0.018750
8 0.543981 0.459549 0.012037 0.018403
8 0.553935 0.460764 0.010648 0.018056
8 0.579398 0.460417 0.011574 0.019444
8 0.589583 0.461285 0.010648 0.019097
8 0.598611 0.462153 0.011111 0.018750
