11 0.493552 0.282242 0.337632 0.383433
12 0.070437 0.071181 0.140212 0.056548
12 0.119213 0.087674 0.142526 0.042411
12 0.168981 0.101562 0.144841 0.032490
9 0.120205 0.142113 0.026786 0.056052
9 0.170139 0.151538 0.045304 0.049107
9 0.218585 0.165551 0.029101 0.046875
8 0.055556 0.269841 0.020503 0.059028
8 0.068948 0.271205 0.018849 0.061756
8 0.083333 0.272817 0.017857 0.059028
8 0.029101 0.261905 0.016534 0.055556
8 0.014220 0.262029 0.013228 0.060764
0 0.923280 0.107515 0.153439 0.103919
7 0.909226 0.138393 0.056548 0.039683
7 0.914021 0.077505 0.059524 0.036458
7 0.050761 0.216518 0.019511 0.016865
7 0.035384 0.213666 0.016534 0.016617
7 0.188657 0.223834 0.027447 0.018601
7 0.024802 0.190848 0.037698 0.021081
7 0.295966 0.215030 0.017196 0.017361
7 0.309193 0.217634 0.017196 0.016121
7 0.321429 0.219742 0.015873 0.012897
7 0.240906 0.293403 0.021495 0.012401
7 0.339947 0.287698 0.021825 0.017361
7 0.213790 0.284350 0.023479 0.016617
1 0.212798 0.288566 0.027447 0.040923
1 0.339947 0.290055 0.025794 0.043403
7 0.011739 0.042659 0.022817 0.043651
