7 0.627778 0.361111 0.062500 0.082407
7 0.565451 0.404630 0.050347 0.079630
8 0.538889 0.642361 0.028472 0.118981
9 0.446354 0.474074 0.061458 0.177778
9 0.524306 0.459491 0.058333 0.186574
9 0.373090 0.489352 0.056597 0.156481
12 0.311111 0.568287 0.060417 0.089352
12 0.245660 0.583102 0.055903 0.082870
12 0.129688 0.608796 0.026042 0.062963
12 0.163542 0.601157 0.053472 0.074537
8 0.704167 0.561111 0.032639 0.276852
7 0.466493 0.410880 0.048958 0.068056
7 0.149826 0.620370 0.021875 0.034259
7 0.290625 0.596065 0.026389 0.043981
