6 0.082217 0.070106 0.018105 0.035714
6 0.139385 0.074074 0.021329 0.033069
6 0.194196 0.078869 0.024306 0.030754
6 0.290923 0.087467 0.017857 0.028108
6 0.341146 0.092593 0.024058 0.028439
6 0.394097 0.095734 0.022321 0.026124
6 0.664435 0.120205 0.018353 0.028108
6 0.753224 0.126323 0.019345 0.024471
6 0.827257 0.132606 0.022073 0.024471
6 0.910094 0.137566 0.024554 0.024471
6 0.987227 0.139881 0.021577 0.019180
12 0.946801 0.047619 0.104911 0.094577
12 0.816964 0.035880 0.095734 0.071098
9 0.390129 0.055225 0.012401 0.025132
9 0.339286 0.050761 0.011905 0.018849
9 0.303943 0.048115 0.016121 0.023479
9 0.185144 0.035880 0.013145 0.024140
9 0.130456 0.031415 0.014385 0.024471
9 0.093378 0.026786 0.013641 0.025132
7 0.084201 0.197586 0.027034 0.040013
7 0.167039 0.205026 0.026042 0.035714
7 0.245784 0.209821 0.023810 0.031415
7 0.271329 0.194279 0.020337 0.030093
7 0.376860 0.217262 0.020089 0.032407
7 0.448537 0.224372 0.022073 0.023479
7 0.987475 0.250661 0.022569 0.027778
4 0.498140 0.475860 0.039931 0.110450
4 0.451637 0.476521 0.034722 0.112434
4 0.406498 0.475364 0.033234 0.109458
11 0.164683 0.651951 0.242063 0.290675
8 0.922619 0.402116 0.033730 0.128968
8 0.892857 0.401455 0.029762 0.130291
8 0.861731 0.402282 0.031994 0.124669
8 0.772321 0.393519 0.030754 0.142196
8 0.739955 0.393188 0.033978 0.134259
8 0.705357 0.393353 0.035218 0.133929
8 0.807540 0.356151 0.029762 0.121693
10 0.358879 0.549934 0.072917 0.082672
1 0.086062 0.291336 0.026290 0.115741
1 0.168899 0.296462 0.025298 0.114749
1 0.249008 0.300099 0.024802 0.109458
1 0.557664 0.406250 0.017609 0.078373
1 0.414187 0.400794 0.021329 0.074074
1 0.361855 0.405423 0.018353 0.074735
1 0.203745 0.396825 0.019593 0.081349
1 0.144717 0.396329 0.020089 0.081680
1 0.084201 0.395337 0.019593 0.084325
7 0.085938 0.267526 0.024058 0.031746
7 0.084945 0.320437 0.024554 0.032407
7 0.169023 0.274306 0.022569 0.029431
7 0.168651 0.323743 0.022321 0.029101
7 0.249256 0.277282 0.021825 0.028770
7 0.248388 0.327050 0.022073 0.027778
7 0.787698 0.427910 0.015873 0.019841
7 0.786830 0.394511 0.014137 0.016534
1 0.787698 0.409888 0.020337 0.075728
7 0.557292 0.423280 0.016369 0.020503
7 0.557044 0.390212 0.015377 0.020503
7 0.414062 0.386905 0.016121 0.020503
7 0.414062 0.420304 0.015129 0.017857
7 0.361235 0.421627 0.015129 0.022487
7 0.360119 0.386739 0.013889 0.020172
7 0.204117 0.381118 0.017361 0.021495
7 0.203621 0.417163 0.016369 0.022156
7 0.144717 0.416501 0.015625 0.021495
7 0.144841 0.379795 0.016369 0.020833
7 0.085069 0.378142 0.015873 0.018849
7 0.084077 0.415013 0.017361 0.019180
12 0.275174 0.545635 0.016617 0.021164
12 0.343502 0.533565 0.015377 0.047288
3 0.373140 0.329861 0.026538 0.114087
3 0.446305 0.332341 0.027034 0.114418
3 0.518229 0.335979 0.026042 0.105159
2 0.549727 0.280258 0.036954 0.104167
2 0.477307 0.276290 0.037946 0.105489
2 0.403026 0.276455 0.035714 0.106481
7 0.869172 0.184689 0.042907 0.051918
7 0.722718 0.172454 0.039683 0.053902
7 0.493924 0.196594 0.016617 0.026786
