3 0.350521 0.406944 0.085069 0.297222
3 0.548958 0.444676 0.077778 0.259722
3 0.732639 0.454167 0.071528 0.268519
2 0.048611 0.248148 0.095139 0.250000
2 0.426910 0.301620 0.096875 0.243056
2 0.628125 0.328935 0.097222 0.225463
2 0.812500 0.351852 0.117361 0.218519
0 0.031597 0.805787 0.040278 0.158796
7 0.034549 0.777083 0.034375 0.041204
7 0.029340 0.846528 0.032986 0.043056
7 0.062153 0.226389 0.063889 0.073148
7 0.429340 0.282176 0.055208 0.068056
7 0.384028 0.391435 0.054167 0.069907
7 0.338889 0.503009 0.058333 0.073611
7 0.539062 0.523843 0.053125 0.071759
7 0.612847 0.308333 0.051389 0.067593
7 0.577083 0.416435 0.049306 0.071759
7 0.725521 0.541898 0.048958 0.070833
7 0.678819 0.478009 0.038889 0.056944
7 0.789236 0.331713 0.052083 0.065278
7 0.757986 0.437037 0.048611 0.071296
7 0.542882 0.251389 0.048958 0.056481
7 0.043056 0.692824 0.030556 0.034722
13 0.663542 0.661574 0.068750 0.096296
