10 0.415551 0.610615 0.161954 0.184193
10 0.726438 0.641038 0.141865 0.158399
10 0.957093 0.658399 0.085813 0.135582
4 0.129712 0.619378 0.037698 0.123677
4 0.173735 0.630126 0.025546 0.129299
4 0.087674 0.617063 0.039931 0.122354
12 0.099950 0.513228 0.035714 0.064153
12 0.026414 0.516038 0.028522 0.044643
12 0.296379 0.537864 0.035714 0.045966
12 0.344618 0.549272 0.039931 0.047619
9 0.308408 0.590112 0.022073 0.045966
7 0.116939 0.527116 0.013641 0.029762
7 0.066964 0.347388 0.019345 0.034061
7 0.390005 0.304398 0.062748 0.108135
7 0.930680 0.130622 0.030506 0.042989
7 0.975322 0.431382 0.049355 0.071098
7 0.662946 0.029762 0.035218 0.042989
12 0.860615 0.379299 0.104167 0.165344
12 0.525174 0.288525 0.096478 0.189484
12 0.225694 0.218915 0.086310 0.220899
11 0.713046 0.801753 0.168155 0.194114
11 0.817212 0.774306 0.094742 0.127315
7 0.971974 0.262401 0.026786 0.038029
7 0.916667 0.284226 0.020833 0.030093
8 0.034102 0.688988 0.016121 0.050595
8 0.024678 0.685351 0.008681 0.046627
8 0.009177 0.681713 0.009921 0.050595
8 0.279638 0.708333 0.008185 0.054233
8 0.297743 0.672288 0.009177 0.053571
8 0.311012 0.700066 0.011905 0.042989
8 0.323909 0.699901 0.011409 0.045966
8 0.334697 0.701389 0.009673 0.044974
1 0.814236 0.650298 0.025298 0.100860
5 0.782614 0.535714 0.040923 0.080026
5 0.738219 0.531746 0.039435 0.083333
0 0.935516 0.553737 0.042659 0.076389
0 0.968998 0.564815 0.047123 0.056878
7 0.925595 0.544147 0.019841 0.020172
7 0.924355 0.578869 0.017361 0.022156
7 0.958705 0.583168 0.018105 0.018188
7 0.958085 0.549603 0.017361 0.019180
7 0.887029 0.537864 0.017113 0.024802
7 0.887277 0.572751 0.016121 0.020503
7 0.816220 0.527612 0.018849 0.022817
7 0.816840 0.563657 0.018601 0.022817
7 0.774678 0.521164 0.019097 0.026455
7 0.775174 0.557705 0.018601 0.020833
7 0.731523 0.514881 0.018105 0.023148
7 0.734003 0.552083 0.020089 0.024802
7 0.635541 0.449405 0.019097 0.029101
7 0.713542 0.462632 0.017857 0.027778
7 0.756696 0.471726 0.016865 0.025463
7 0.798487 0.478671 0.017113 0.024802
1 0.758557 0.377646 0.052827 0.138228
1 0.684772 0.361442 0.051587 0.140873
7 0.755332 0.413690 0.034970 0.046958
7 0.754836 0.351521 0.030506 0.037698
7 0.681052 0.333829 0.032738 0.040013
7 0.680432 0.396495 0.032986 0.042989
7 0.617560 0.357308 0.024306 0.036706
7 0.817212 0.635417 0.018353 0.021495
7 0.816220 0.669974 0.016369 0.021164
4 0.622272 0.660218 0.036210 0.116733
3 0.772321 0.151620 0.124008 0.114087
3 0.694072 0.185020 0.082093 0.093585
3 0.665427 0.218915 0.096726 0.097884
3 0.477927 0.065807 0.163690 0.118386
3 0.441220 0.102679 0.110119 0.084325
3 0.402034 0.141700 0.127480 0.100860
7 0.378968 0.150628 0.030258 0.042659
7 0.469866 0.086806 0.030010 0.038029
7 0.371776 0.221396 0.040675 0.050595
7 0.468130 0.244709 0.033482 0.041005
7 0.515005 0.104001 0.028026 0.040013
7 0.639385 0.227183 0.018849 0.025132
7 0.668031 0.238261 0.019593 0.024802
7 0.740823 0.172454 0.021329 0.036045
7 0.803447 0.194940 0.028026 0.026124
7 0.771453 0.186508 0.025050 0.025794
7 0.688492 0.200231 0.025794 0.026124
7 0.717758 0.212302 0.022321 0.027116
3 0.075645 0.431052 0.043155 0.122685
3 0.152282 0.445437 0.041667 0.117725
7 0.150918 0.423942 0.021577 0.027116
7 0.148934 0.472388 0.022073 0.030754
7 0.074281 0.414021 0.024554 0.032407
7 0.069196 0.459987 0.020337 0.031746
3 0.127604 0.270668 0.038938 0.194775
2 0.053199 0.159888 0.062252 0.182870
7 0.053695 0.138889 0.041419 0.058201
7 0.124008 0.318287 0.036706 0.052579
7 0.179315 0.173446 0.036706 0.051918
7 0.294147 0.283234 0.032242 0.045304
