10 0.528646 0.368056 0.272569 0.293519
11 0.697222 0.634259 0.166667 0.260185
4 0.307812 0.488426 0.046875 0.137037
4 0.362500 0.488889 0.050000 0.138889
12 0.132465 0.404630 0.026042 0.040741
12 0.263021 0.395139 0.042708 0.071759
9 0.074826 0.461343 0.017708 0.054167
9 0.285417 0.457870 0.017361 0.050926
12 0.565972 0.395139 0.038194 0.062500
1 0.257986 0.274537 0.040972 0.143519
1 0.350000 0.266667 0.038194 0.146296
5 0.712847 0.260417 0.037500 0.158796
5 0.821181 0.254630 0.037500 0.161111
7 0.820486 0.220370 0.031250 0.037963
7 0.819965 0.287037 0.029514 0.037963
7 0.715104 0.224769 0.029514 0.036574
7 0.714410 0.291667 0.028125 0.038889
7 0.355035 0.242130 0.026042 0.033333
7 0.354514 0.303704 0.023611 0.031481
7 0.300694 0.300694 0.022917 0.031019
7 0.385764 0.300463 0.022917 0.034259
7 0.318229 0.361806 0.022569 0.031019
7 0.263542 0.305556 0.027083 0.034259
7 0.265104 0.245602 0.026042 0.034722
7 0.100347 0.405093 0.017361 0.020370
7 0.285243 0.170370 0.025347 0.031481
7 0.373090 0.166435 0.025347 0.031944
7 0.463368 0.162037 0.023958 0.031481
7 0.625347 0.152315 0.027083 0.033333
7 0.723437 0.145833 0.027431 0.034259
7 0.825174 0.137500 0.028819 0.034259
7 0.609028 0.535417 0.015972 0.022685
7 0.961111 0.579167 0.019444 0.028704
8 0.594097 0.603935 0.014583 0.040278
8 0.480208 0.562269 0.015972 0.045833
8 0.491667 0.604630 0.012500 0.037963
8 0.450868 0.604167 0.014931 0.038889
8 0.270660 0.571991 0.011458 0.068056
8 0.286111 0.573148 0.010417 0.068519
8 0.236979 0.571991 0.008681 0.066204
7 0.081944 0.533565 0.018056 0.020833
6 0.111458 0.197917 0.040278 0.024537
6 0.142708 0.228241 0.014583 0.017593
7 0.473785 0.295833 0.022569 0.033333
7 0.634201 0.259491 0.023264 0.031944
