7 0.905754 0.266741 0.069444 0.050843
7 0.793816 0.274306 0.059193 0.048115
7 0.558036 0.076637 0.053902 0.052083
7 0.491071 0.065724 0.059524 0.055556
7 0.419974 0.042287 0.064153 0.061260
7 0.071925 0.097470 0.075066 0.044643
7 0.048446 0.304812 0.043981 0.034722
7 0.138724 0.300843 0.048611 0.033234
7 0.200893 0.299107 0.057870 0.034722
7 0.384259 0.294519 0.056878 0.038442
7 0.416005 0.303695 0.052249 0.030506
7 0.047454 0.211558 0.040013 0.027778
7 0.106812 0.269717 0.028439 0.017113
7 0.135086 0.223586 0.038690 0.021081
7 0.135913 0.188988 0.037037 0.020337
7 0.252315 0.256448 0.037698 0.021329
7 0.242063 0.156250 0.029101 0.023313
7 0.459325 0.224454 0.021825 0.014385
6 0.450562 0.136037 0.033399 0.015129
6 0.300265 0.102555 0.035714 0.017609
9 0.439980 0.108631 0.022156 0.018849
9 0.469411 0.116939 0.016865 0.017113
9 0.494874 0.122272 0.016865 0.016369
7 0.388889 0.176091 0.017857 0.017857
3 0.258267 0.234375 0.051587 0.070933
7 0.650628 0.234747 0.018188 0.018601
7 0.606978 0.023438 0.090278 0.046379
7 0.713128 0.014881 0.082341 0.029266
7 0.109954 0.133557 0.028770 0.029018
7 0.138724 0.142113 0.026124 0.017857
7 0.091766 0.145337 0.018849 0.019841
7 0.208003 0.212054 0.027778 0.020337
7 0.504960 0.222594 0.021164 0.012649
