11 0.031481 0.647049 0.062037 0.054514
11 0.917593 0.642535 0.162037 0.153819
10 0.819213 0.614931 0.061574 0.038194
10 0.487037 0.614931 0.056481 0.034028
10 0.336574 0.615104 0.052778 0.032292
4 0.162731 0.586632 0.028241 0.052431
4 0.195370 0.584896 0.024074 0.050347
12 0.054398 0.351736 0.107870 0.054167
12 0.334954 0.332292 0.081944 0.077778
12 0.474537 0.327778 0.061111 0.065278
12 0.618287 0.317361 0.067130 0.069444
12 0.138426 0.613715 0.015741 0.014931
12 0.426157 0.611285 0.013426 0.021181
12 0.373611 0.611111 0.018519 0.020833
9 0.179861 0.415625 0.011574 0.010417
9 0.203472 0.414757 0.012500 0.010764
9 0.236574 0.413368 0.007407 0.009375
9 0.317593 0.411632 0.010185 0.009375
9 0.342130 0.410417 0.010185 0.009028
9 0.378704 0.409201 0.011111 0.010069
9 0.633565 0.400174 0.009722 0.010069
9 0.676620 0.397569 0.012500 0.011111
9 0.772685 0.393750 0.012037 0.010417
9 0.809028 0.392708 0.011574 0.010417
9 0.839352 0.391146 0.012037 0.011458
1 0.142361 0.557118 0.016204 0.034375
1 0.040509 0.557465 0.018981 0.031597
1 0.006481 0.558333 0.012037 0.033333
1 0.039583 0.515278 0.027315 0.047222
1 0.290278 0.554514 0.012963 0.031944
1 0.330093 0.553299 0.014815 0.033681
1 0.370139 0.551562 0.016204 0.032986
1 0.602778 0.548090 0.013889 0.031597
1 0.646065 0.548785 0.013426 0.034375
1 0.773380 0.547569 0.015278 0.036111
1 0.820139 0.547049 0.016204 0.035764
1 0.868056 0.547049 0.018519 0.036458
1 0.951389 0.545486 0.016667 0.037500
3 0.557176 0.519097 0.018056 0.043056
3 0.686806 0.514931 0.018981 0.043750
3 0.173843 0.527431 0.023611 0.038194
3 0.119444 0.529514 0.025000 0.038889
2 0.139120 0.495486 0.034722 0.038889
2 0.195833 0.493924 0.034259 0.039236
8 0.237731 0.510243 0.030093 0.117014
8 0.275463 0.508507 0.024074 0.118403
8 0.314352 0.511632 0.024074 0.119792
8 0.400463 0.507639 0.022222 0.119444
8 0.440972 0.505035 0.022685 0.116319
8 0.479630 0.503646 0.022222 0.116319
8 0.572222 0.497222 0.025926 0.119444
8 0.612963 0.500694 0.026852 0.120833
8 0.657407 0.493576 0.024074 0.117708
6 0.964583 0.402257 0.015278 0.010764
6 0.921991 0.404687 0.018056 0.012847
6 0.841898 0.409201 0.016204 0.014931
6 0.799537 0.410243 0.013889 0.014931
6 0.757176 0.411632 0.014352 0.012153
6 0.176157 0.432118 0.014352 0.012847
6 0.210880 0.428646 0.012500 0.012153
7 0.940278 0.453299 0.019444 0.014931
7 0.874074 0.454861 0.019444 0.013194
7 0.808796 0.457813 0.020370 0.013542
7 0.976389 0.401215 0.012963 0.008681
7 0.633796 0.463715 0.017593 0.012847
7 0.695139 0.460590 0.018981 0.012847
7 0.613889 0.413021 0.038889 0.027431
7 0.446296 0.420312 0.037037 0.025347
7 0.290741 0.425694 0.034259 0.025694
7 0.152315 0.476042 0.015741 0.009722
7 0.206713 0.473958 0.012500 0.010417
7 0.060417 0.479861 0.018056 0.011111
7 0.008565 0.481424 0.016204 0.012847
7 0.787037 0.616146 0.008333 0.007292
7 0.115741 0.487674 0.026852 0.021181
7 0.281713 0.617535 0.007870 0.006597
7 0.397917 0.615799 0.007870 0.005903
7 0.951389 0.538368 0.015741 0.010764
7 0.952315 0.553993 0.015741 0.010764
7 0.867593 0.539410 0.015741 0.010764
7 0.868056 0.554688 0.015741 0.010764
7 0.819907 0.539583 0.014815 0.009722
7 0.820602 0.555382 0.014352 0.010764
7 0.773843 0.556076 0.014352 0.010764
7 0.772685 0.539931 0.012963 0.009722
7 0.686574 0.522049 0.018519 0.012153
7 0.557870 0.524479 0.017593 0.012153
7 0.602546 0.541840 0.012500 0.010069
7 0.602546 0.556771 0.012500 0.010069
7 0.646065 0.541146 0.012500 0.010069
7 0.646528 0.556424 0.012500 0.010069
7 0.370833 0.546007 0.012037 0.009375
7 0.370833 0.560764 0.012037 0.009028
7 0.330324 0.562153 0.012500 0.009028
7 0.331250 0.547222 0.012500 0.009028
7 0.289815 0.547743 0.011111 0.007986
7 0.290046 0.562153 0.010648 0.008333
7 0.144213 0.549826 0.012500 0.009375
7 0.142824 0.565278 0.012500 0.009028
7 0.006250 0.552083 0.011574 0.009028
7 0.042130 0.551562 0.013889 0.009375
7 0.039815 0.565451 0.013889 0.009375
7 0.005787 0.565972 0.010648 0.009028
7 0.042130 0.525868 0.018519 0.012847
7 0.043056 0.504687 0.018519 0.012847
7 0.121759 0.534549 0.017593 0.012153
7 0.176852 0.533160 0.015741 0.011458
7 0.349769 0.463194 0.013426 0.009028
7 0.363657 0.470139 0.012500 0.007639
7 0.375231 0.462326 0.013426 0.007986
7 0.388426 0.469965 0.012037 0.007292
7 0.408796 0.468750 0.012037 0.009028
7 0.419907 0.476042 0.012963 0.007639
7 0.528472 0.456424 0.013426 0.008681
7 0.550694 0.456597 0.014352 0.009028
7 0.557176 0.464236 0.011574 0.007639
