6 0.380208 0.441634 0.0451389 0.0638228
7 0.0063244 0.830026 0.0126488 0.0410053
7 0.482763 0.943948 0.0280258 0.041336
7 0.417783 0.835483 0.0300099 0.0373677
7 0.235615 0.863922 0.0277778 0.036045
7 0.813988 0.272321 0.0282738 0.0499339
7 0.301587 0.969081 0.0272817 0.0532407
7 0.241195 0.972718 0.0285218 0.0419974
7 0.328869 0.763889 0.0347222 0.0608466
7 0.494668 0.446594 0.0364583 0.0605159
7 0.71503 0.616733 0.0267857 0.0436508
7 0.559028 0.936012 0.0282738 0.046627
7 0.491691 0.702381 0.0329861 0.0641534
7 0.490823 0.820933 0.0282738 0.0386905
6 0.269841 0.474868 0.0510913 0.0588624
7 0.604787 0.525298 0.0364583 0.0691138
7 0.297991 0.854167 0.0280258 0.037037
7 0.0207093 0.900959 0.0295139 0.0347222
6 0.325893 0.462136 0.062004 0.0770503
6 0.6188 0.360946 0.0416667 0.0658069
7 0.553695 0.482474 0.0369544 0.0714286
7 0.176711 0.875331 0.030506 0.037037
7 0.752356 0.649802 0.0270337 0.042328
7 0.27629 0.561177 0.0391865 0.0714286
7 0.53001 0.723049 0.0297619 0.0585317
7 0.452257 0.676918 0.0354663 0.0661376
6 0.560392 0.386078 0.063244 0.088955
6 0.922371 0.255456 0.0441468 0.0737434
7 0.212054 0.528935 0.0426587 0.0777116
7 0.231771 0.916005 0.030506 0.0376984
1 0.814112 0.800761 0.0483631 0.174272
6 0.489831 0.411872 0.0550595 0.0882936
7 0.983011 0.903605 0.0329861 0.0737434
6 0.836558 0.283234 0.0401786 0.0644841
1 0.169023 0.901455 0.0538194 0.130952
7 0.787078 0.679233 0.0270337 0.0429894
7 0.490203 0.881448 0.030506 0.041336
7 0.332837 0.595734 0.0416667 0.0777116
7 0.56994 0.809358 0.0287698 0.0406746
7 0.813864 0.771825 0.0334821 0.0449735
7 0.171379 0.927083 0.03125 0.0386905
6 0.755952 0.311508 0.0431548 0.0654762
7 0.414931 0.891369 0.031746 0.0406746
7 0.295635 0.908895 0.0302579 0.0393519
7 0.236483 0.72371 0.0349702 0.0591931
7 0.891369 0.324405 0.0426587 0.0687831
7 0.016121 0.948909 0.0297619 0.036045
7 0.567584 0.869378 0.031498 0.0429894
7 0.285218 0.747355 0.0357143 0.0648148
7 0.71999 0.850364 0.0337302 0.0472884
7 0.787202 0.915675 0.0302579 0.0568783
7 0.915427 0.757771 0.0352183 0.0492725
7 0.830729 0.688988 0.0329861 0.0539021
7 0.918899 0.826885 0.0342262 0.051918
7 0.815228 0.838294 0.0332341 0.0496032
7 0.884797 0.909888 0.031002 0.0644841
1 0.413938 0.861276 0.047619 0.142526
7 0.0430308 0.387401 0.0592758 0.102183
1 0.567088 0.836475 0.0429067 0.147156
7 0.719618 0.786045 0.0324901 0.0456349
1 0.0197173 0.922288 0.0394345 0.117063
1 0.231151 0.888889 0.0496032 0.132937
1 0.293775 0.881283 0.0478671 0.132937
1 0.916171 0.789683 0.0500992 0.173942
1 0.487723 0.850198 0.0458829 0.147487
1 0.719246 0.814815 0.0436508 0.153439
