8 0.581349 0.0881283 0.0119048 0.067791
10 0.954365 0.0347222 0.0912698 0.0694444
10 0.062872 0.0272817 0.125744 0.0532407
8 0.304936 0.0565476 0.0126488 0.0753968
4 0.202629 0.0309193 0.0431548 0.0611772
4 0.851687 0.0368717 0.0456349 0.0737434
8 0.63182 0.0871362 0.0111607 0.0638228
4 0.152034 0.03125 0.0431548 0.0625
8 0.567212 0.0882936 0.0114087 0.0634921
8 0.61818 0.0877976 0.0121528 0.0658069
8 0.436508 0.0638228 0.0114087 0.0740741
8 0.683036 0.0876323 0.0128968 0.0661376
4 0.80506 0.0358796 0.03125 0.0717593
8 0.341518 0.0595238 0.0114087 0.0707672
8 0.697669 0.0874669 0.0133929 0.0691138
8 0.371652 0.0615079 0.0116567 0.0760582
8 0.421131 0.0615079 0.0114087 0.0740741
8 0.406126 0.0601852 0.0106647 0.0747354
