1 0.332986 0.175000 0.084028 0.175000
1 0.125174 0.101389 0.105903 0.201852
1 0.270139 0.150463 0.090278 0.187963
1 0.459375 0.232639 0.064583 0.141204
7 0.122396 0.156250 0.057292 0.073611
10 0.353125 0.542361 0.163889 0.211574
10 0.090104 0.576620 0.179514 0.304167
13 0.822743 0.172685 0.039236 0.075000
13 0.755035 0.211574 0.040625 0.074074
10 0.513889 0.513657 0.112500 0.142130
10 0.610243 0.499074 0.080208 0.124074
13 0.692014 0.245139 0.039583 0.076389
8 0.342014 0.680787 0.029167 0.092130
1 0.039757 0.088657 0.078819 0.176389
1 0.387326 0.200000 0.073958 0.161111
1 0.494618 0.242361 0.062153 0.131019
1 0.526910 0.257407 0.057986 0.122222
1 0.571354 0.276852 0.051736 0.115741
1 0.615972 0.290972 0.046528 0.103241
7 0.752778 0.013194 0.026389 0.025463
7 0.685243 0.049306 0.023958 0.033796
7 0.621354 0.091435 0.023958 0.033796
7 0.536806 0.016667 0.028472 0.032407
7 0.416319 0.169213 0.029167 0.048611
7 0.185417 0.046991 0.032639 0.046759
7 0.304340 0.345139 0.036458 0.043981
7 0.456771 0.370370 0.025347 0.035185
7 0.098785 0.060417 0.057292 0.073611
7 0.022222 0.124537 0.043750 0.085185
7 0.247743 0.123843 0.042708 0.060648
7 0.269271 0.205787 0.042708 0.060648
7 0.312674 0.152315 0.040625 0.056481
7 0.333507 0.230556 0.040625 0.056481
7 0.369097 0.177315 0.035417 0.051852
7 0.386806 0.246296 0.035417 0.051852
7 0.446701 0.212963 0.034375 0.048148
7 0.461979 0.272685 0.033681 0.043519
7 0.558681 0.262731 0.027083 0.036574
7 0.571875 0.309028 0.027083 0.036574
