7 0.685516 0.409598 0.025794 0.018601
9 0.797619 0.414683 0.020503 0.035218
8 0.613922 0.427455 0.018849 0.056796
9 0.794147 0.404514 0.023479 0.041171
7 0.785714 0.481151 0.014550 0.021825
7 0.820437 0.481771 0.015212 0.024554
7 0.636574 0.385665 0.027778 0.018849
8 0.603175 0.420883 0.019180 0.059524
12 0.949239 0.437996 0.037368 0.030754
9 0.787533 0.396825 0.019511 0.035714
7 0.618717 0.372520 0.032407 0.020337
7 0.912368 0.485739 0.017857 0.022569
12 0.553241 0.490203 0.026455 0.031498
7 0.683697 0.387153 0.036706 0.026786
7 0.789187 0.331597 0.026786 0.032242
7 0.854497 0.482391 0.017196 0.024306
8 0.622520 0.429439 0.017526 0.056796
8 0.637401 0.434152 0.015542 0.054315
7 0.780423 0.316220 0.031085 0.034722
12 0.979663 0.504712 0.029431 0.033730
8 0.592593 0.417039 0.021164 0.061756
8 0.730489 0.436756 0.025794 0.069444
9 0.758433 0.368552 0.026786 0.046627
7 0.774802 0.292411 0.031746 0.035218
12 0.703042 0.284474 0.101852 0.062996
9 0.727183 0.333457 0.036376 0.058284
