4 0.578241 0.489410 0.123148 0.205208
4 0.434954 0.502951 0.118981 0.193403
4 0.308796 0.514583 0.118519 0.181944
1 0.204398 0.222917 0.120833 0.161806
1 0.393750 0.173785 0.111574 0.176736
1 0.625926 0.114410 0.100000 0.198264
7 0.236111 0.216840 0.056481 0.044097
7 0.221065 0.280382 0.057870 0.045486
7 0.418750 0.169792 0.058796 0.050000
7 0.412731 0.237674 0.056944 0.049653
7 0.638889 0.112500 0.065741 0.055556
7 0.637963 0.184722 0.071296 0.055556
7 0.759954 0.320139 0.063426 0.045833
7 0.544907 0.355903 0.057407 0.041667
7 0.371296 0.383507 0.050926 0.041319
7 0.671065 0.071528 0.057870 0.047917
7 0.476157 0.128299 0.053241 0.043403
7 0.309722 0.173785 0.050000 0.038542
12 0.828935 0.555382 0.045833 0.055208
12 0.717824 0.561979 0.050463 0.053125
12 0.360880 0.580382 0.049537 0.050347
9 0.820370 0.605903 0.023148 0.051389
9 0.703472 0.606944 0.022685 0.047917
8 0.884954 0.726042 0.019907 0.033333
8 0.860880 0.726042 0.022685 0.034028
8 0.837500 0.725694 0.020370 0.034028
8 0.775694 0.729340 0.019907 0.031597
8 0.753009 0.728472 0.018981 0.031250
8 0.731944 0.728125 0.019444 0.031250
8 0.675463 0.727604 0.018519 0.031597
8 0.655324 0.726910 0.018981 0.030903
8 0.634028 0.725521 0.018981 0.029514
8 0.716667 0.689757 0.021296 0.037847
8 0.318750 0.706771 0.014352 0.045486
8 0.389815 0.710590 0.010185 0.038542
8 0.303935 0.706424 0.015278 0.044097
9 0.221065 0.628299 0.020833 0.034375
7 0.246991 0.586806 0.019907 0.013889
7 0.228935 0.678125 0.018056 0.014583
6 0.367130 0.530382 0.031481 0.012847
