9 0.353299 0.212467 0.012649 0.027447
9 0.386533 0.221065 0.012649 0.027447
9 0.434896 0.231647 0.012649 0.027447
9 0.540055 0.256614 0.016121 0.026455
9 0.569816 0.262566 0.016121 0.026455
9 0.613963 0.273148 0.016121 0.026455
7 0.112475 0.315972 0.022569 0.031415
7 0.288814 0.341766 0.022569 0.031415
7 0.372892 0.356978 0.022569 0.031415
7 0.449529 0.371528 0.022569 0.031415
7 0.327009 0.398479 0.017609 0.021164
7 0.350570 0.381614 0.017609 0.021164
7 0.543155 0.386078 0.037698 0.051918
7 0.582341 0.361938 0.037698 0.051918
7 0.626116 0.342593 0.043403 0.061508
12 0.577505 0.409226 0.053323 0.078373
12 0.631324 0.415840 0.053323 0.078373
1 0.604911 0.497354 0.030754 0.099868
7 0.600198 0.515542 0.021825 0.036376
7 0.734127 0.534722 0.021825 0.036376
7 0.731895 0.488095 0.021825 0.036376
1 0.736483 0.506283 0.033482 0.114418
1 0.675719 0.497520 0.019593 0.118717
7 0.711186 0.419643 0.021577 0.023148
7 0.686508 0.440972 0.016369 0.020172
7 0.817460 0.434193 0.020337 0.027778
7 0.917411 0.579200 0.049603 0.063161
7 0.760293 0.615741 0.038938 0.046958
7 0.709325 0.627149 0.037202 0.046627
7 0.641245 0.643849 0.035466 0.039021
7 0.602059 0.650132 0.035466 0.039021
7 0.604415 0.598876 0.017361 0.021825
1 0.006200 0.558366 0.011905 0.103505
1 0.126488 0.572090 0.020337 0.108466
1 0.253224 0.584325 0.020337 0.108466
1 0.359871 0.589782 0.018849 0.090939
7 0.005084 0.582176 0.009673 0.022156
7 0.006076 0.536210 0.011657 0.026786
7 0.125620 0.549107 0.017609 0.024140
7 0.123884 0.590443 0.017609 0.024140
7 0.253348 0.601356 0.017609 0.024140
7 0.254092 0.562996 0.017609 0.024140
7 0.358507 0.571594 0.017609 0.024140
7 0.359003 0.611938 0.017609 0.024140
7 0.414559 0.617229 0.017609 0.024140
7 0.413318 0.581184 0.017609 0.024140
1 0.414683 0.598049 0.018849 0.090939
12 0.116319 0.745701 0.021825 0.040344
12 0.239335 0.745040 0.021825 0.040344
9 0.107887 0.788856 0.010417 0.027447
9 0.069692 0.788856 0.010417 0.027447
9 0.029018 0.786541 0.010417 0.027447
10 0.159970 0.747354 0.061508 0.093915
7 0.273313 0.753968 0.012897 0.024471
9 0.914931 0.338294 0.012897 0.025132
9 0.880704 0.327712 0.012897 0.025132
9 0.992312 0.357970 0.010913 0.017526
6 0.975942 0.383102 0.007440 0.012235
6 0.879588 0.365245 0.012649 0.020833
6 0.911334 0.369378 0.014137 0.011905
6 0.006076 0.180225 0.011657 0.037037
6 0.116195 0.201058 0.025546 0.031085
6 0.174851 0.210317 0.017361 0.023148
6 0.236731 0.228009 0.022073 0.030754
6 0.335565 0.251984 0.019841 0.032407
6 0.388517 0.261905 0.019593 0.034392
6 0.439732 0.274140 0.016369 0.025132
6 0.523313 0.293816 0.022321 0.029431
6 0.572421 0.301918 0.019841 0.024471
