1 0.819114 0.401538 0.080026 0.145337
1 0.731978 0.431796 0.067130 0.126984
1 0.658399 0.452009 0.064815 0.119792
7 0.833829 0.301587 0.043320 0.029266
7 0.941303 0.321925 0.036706 0.027778
7 0.540179 0.241815 0.043320 0.029266
7 0.409888 0.212674 0.039352 0.031498
7 0.269345 0.182912 0.039352 0.031498
7 0.151455 0.275918 0.035053 0.028522
7 0.271164 0.295015 0.035053 0.028522
7 0.055225 0.366071 0.027778 0.023313
7 0.157077 0.380704 0.027778 0.023313
7 0.253638 0.394593 0.027778 0.023313
7 0.239253 0.399926 0.023479 0.019593
7 0.224206 0.409102 0.023810 0.018601
7 0.152778 0.465402 0.023810 0.018601
7 0.108631 0.451389 0.016865 0.012897
7 0.067791 0.453993 0.021825 0.018601
7 0.042989 0.374132 0.019180 0.018105
7 0.030754 0.384549 0.021164 0.020089
7 0.131283 0.395461 0.021164 0.020089
7 0.250992 0.307912 0.028439 0.025050
7 0.238095 0.319568 0.029762 0.022073
7 0.382937 0.315104 0.032407 0.026538
7 0.360946 0.328001 0.031415 0.024058
7 0.343419 0.337426 0.028108 0.023562
7 0.613261 0.389261 0.027447 0.022569
10 0.787368 0.683408 0.229497 0.141121
10 0.526455 0.700397 0.156746 0.107143
10 0.364914 0.713790 0.114087 0.082837
10 0.250000 0.721106 0.091931 0.069692
10 0.159061 0.728671 0.077381 0.059028
10 0.094907 0.733011 0.054894 0.051835
10 0.043320 0.738219 0.048942 0.044891
1 0.545139 0.490823 0.069775 0.111111
1 0.486607 0.506448 0.054563 0.099702
1 0.442460 0.523313 0.051587 0.096726
1 0.369378 0.548363 0.049603 0.091270
1 0.334491 0.557168 0.043981 0.083581
1 0.299603 0.562252 0.043651 0.077381
1 0.251488 0.580729 0.044643 0.072173
1 0.222718 0.587674 0.036706 0.071677
1 0.199901 0.595486 0.040675 0.067956
1 0.166832 0.605159 0.038690 0.062004
1 0.147652 0.610739 0.035384 0.060764
1 0.026786 0.647817 0.021164 0.048611
1 0.035384 0.646081 0.021164 0.048611
1 0.051587 0.640873 0.027116 0.047619
1 0.098876 0.623264 0.027116 0.047619
1 0.083995 0.628720 0.027116 0.047619
1 0.070106 0.633681 0.027116 0.047619
7 0.029597 0.639013 0.017526 0.012649
7 0.025628 0.658358 0.017526 0.012649
7 0.056052 0.631324 0.017526 0.012649
7 0.050099 0.655382 0.017526 0.012649
7 0.103340 0.639509 0.017526 0.012649
7 0.108300 0.615203 0.017526 0.012649
7 0.136905 0.605655 0.018519 0.013889
7 0.130622 0.632440 0.018519 0.013889
7 0.150298 0.625744 0.020172 0.017361
7 0.154927 0.597966 0.020172 0.017361
7 0.175099 0.592758 0.020172 0.017361
7 0.170139 0.621776 0.020172 0.017361
7 0.213128 0.580977 0.022817 0.018105
7 0.208499 0.612475 0.022817 0.018105
7 0.231978 0.607019 0.022817 0.018105
7 0.236276 0.575273 0.022817 0.018105
7 0.262070 0.565600 0.022817 0.018105
7 0.257110 0.598586 0.022817 0.018105
7 0.304894 0.584325 0.025794 0.020833
7 0.311177 0.549355 0.025794 0.020833
7 0.310516 0.548859 0.025794 0.020833
7 0.338128 0.574901 0.025463 0.022321
7 0.342758 0.539187 0.025463 0.022321
7 0.380456 0.527778 0.025463 0.022321
7 0.373843 0.567212 0.025463 0.022321
7 0.447751 0.545387 0.030423 0.025298
7 0.452712 0.503472 0.030423 0.025298
7 0.498347 0.532986 0.030423 0.025298
7 0.453373 0.503348 0.030423 0.025546
7 0.501323 0.488219 0.030423 0.025546
7 0.496362 0.533482 0.033730 0.026786
7 0.550595 0.518105 0.033730 0.026786
7 0.556217 0.471106 0.033730 0.027034
7 0.668651 0.434896 0.039683 0.032986
7 0.661706 0.487723 0.039683 0.032986
7 0.740410 0.465154 0.039683 0.032986
7 0.746032 0.409598 0.039683 0.032986
7 0.829696 0.441220 0.050265 0.042659
7 0.836971 0.379960 0.050265 0.042659
7 0.825231 0.068328 0.052579 0.042411
7 0.660880 0.033358 0.052579 0.042411
