7 0.993188 0.061419 0.013625 0.053057
7 0.557202 0.358852 0.014490 0.019319
1 0.094399 0.569637 0.027898 0.032584
7 0.556553 0.384804 0.015787 0.021050
7 0.469723 0.502884 0.021194 0.029412
7 0.916847 0.449250 0.021410 0.022491
7 0.565960 0.408016 0.016003 0.020185
7 0.015679 0.574106 0.019247 0.023068
7 0.420631 0.022491 0.033737 0.044406
7 0.471453 0.456315 0.022059 0.032007
7 0.938689 0.464677 0.022708 0.023356
7 0.169010 0.565311 0.023140 0.025663
7 0.826016 0.101644 0.031358 0.033737
7 0.983997 0.491061 0.025087 0.024798
7 0.420956 0.090254 0.040009 0.069204
7 0.934472 0.432382 0.022491 0.023356
13 0.850887 0.465110 0.033953 0.050173
7 0.933824 0.149510 0.026817 0.033160
7 0.041522 0.488178 0.015571 0.016148
0 0.578287 0.413783 0.040225 0.059400
7 0.566068 0.443627 0.015355 0.020473
7 0.482915 0.178057 0.034602 0.044118
4 0.288819 0.279556 0.136894 0.370531
7 0.451341 0.349337 0.025087 0.036044
7 0.557742 0.423155 0.016436 0.022203
7 0.919658 0.479095 0.020545 0.021626
4 0.190311 0.219579 0.188149 0.438581
7 0.546388 0.397780 0.019680 0.025663
5 0.534170 0.312284 0.039360 0.081892
7 0.912305 0.084487 0.032223 0.037486
7 0.544226 0.357987 0.018382 0.023356
7 0.482050 0.239043 0.033304 0.045559
5 0.516869 0.258506 0.048443 0.102364
7 0.053093 0.571943 0.022708 0.026240
7 0.991241 0.369810 0.017517 0.029123
1 0.018274 0.582612 0.030061 0.063725
7 0.094507 0.569060 0.024221 0.027393
1 0.915874 0.462082 0.039792 0.072376
7 0.953828 0.411765 0.024870 0.025952
7 0.907331 0.251442 0.030926 0.038639
7 0.957180 0.448097 0.023789 0.025952
7 0.066393 0.492503 0.019464 0.020185
4 0.340398 0.338668 0.117647 0.340542
7 0.992431 0.410179 0.015138 0.030277
7 0.760164 0.362168 0.023789 0.032295
7 0.853590 0.351355 0.028114 0.037774
7 0.782439 0.270329 0.029412 0.037197
5 0.492755 0.207901 0.065528 0.141869
0 0.560121 0.380623 0.048443 0.070934
7 0.958802 0.376442 0.024005 0.028547
13 0.756488 0.472463 0.031574 0.043541
11 0.365701 0.680940 0.192042 0.349193
13 0.802336 0.469579 0.031574 0.045271
7 0.843642 0.260813 0.030709 0.038351
3 0.439230 0.077422 0.064879 0.154268
1 0.953287 0.426471 0.047145 0.088235
1 0.983023 0.387687 0.033953 0.094291
7 0.806877 0.356257 0.026384 0.036044
1 0.052228 0.578864 0.038711 0.070646
1 0.167496 0.572809 0.037413 0.075260
1 0.933499 0.448674 0.040874 0.076701
1 0.093426 0.576701 0.040657 0.073818
11 0.581207 0.615773 0.110078 0.248847
10 0.961938 0.584198 0.076125 0.105536
