7 0.028547 0.348039 0.021626 0.026528
7 0.111159 0.355681 0.021626 0.024510
1 0.094291 0.420415 0.033304 0.110727
7 0.617755 0.496684 0.012327 0.022203
7 0.613322 0.457036 0.012111 0.018454
7 0.601103 0.416811 0.015355 0.022203
1 0.619593 0.470732 0.029412 0.093137
7 0.680363 0.486880 0.013408 0.019319
7 0.689771 0.424452 0.016652 0.021338
7 0.892193 0.513985 0.016652 0.019896
7 0.888084 0.481113 0.019247 0.019319
0 0.899438 0.490629 0.046713 0.061995
7 0.930147 0.483997 0.016003 0.017589
7 0.862889 0.443772 0.017734 0.021338
7 0.940744 0.449971 0.013841 0.017589
7 0.393166 0.034890 0.048875 0.046713
7 0.548443 0.077422 0.041090 0.048731
7 0.787413 0.134660 0.024221 0.043829
7 0.776276 0.057382 0.022275 0.045559
7 0.893382 0.164216 0.043253 0.043541
7 0.882569 0.095156 0.037197 0.041522
1 0.878676 0.142013 0.068339 0.155998
7 0.988538 0.189735 0.022924 0.038639
7 0.975454 0.120675 0.036548 0.037774
1 0.971670 0.170848 0.056661 0.147347
7 0.878893 0.025087 0.057526 0.049596
10 0.414468 0.315744 0.323313 0.407728
4 0.521410 0.608852 0.037197 0.101788
4 0.560121 0.609141 0.037197 0.101788
4 0.589965 0.610871 0.037197 0.101788
8 0.216804 0.704585 0.012760 0.056228
8 0.229563 0.704585 0.012760 0.056228
8 0.240809 0.702566 0.012760 0.056228
8 0.190420 0.708045 0.012760 0.056228
8 0.177660 0.705882 0.007569 0.053057
8 0.171388 0.703576 0.011029 0.046713
8 0.107158 0.705594 0.011462 0.053633
8 0.121215 0.706747 0.011462 0.053633
8 0.132245 0.708189 0.011462 0.053633
9 0.078936 0.626442 0.017734 0.032007
9 0.202530 0.625288 0.017950 0.027970
12 0.123270 0.577855 0.021626 0.028835
12 0.180580 0.579008 0.021626 0.028835
12 0.235619 0.580017 0.026168 0.034890
4 0.055363 0.607266 0.045415 0.124567
4 0.011894 0.605681 0.023356 0.131776
9 0.259191 0.626874 0.015787 0.029412
9 0.348940 0.627451 0.009299 0.019608
