10 0.812731 0.644097 0.293056 0.187500
10 0.519676 0.689063 0.184722 0.136458
10 0.347222 0.712326 0.149074 0.103819
1 0.838657 0.280035 0.094907 0.163542
1 0.724537 0.338542 0.087037 0.149306
1 0.633796 0.381944 0.077778 0.129861
1 0.510417 0.443229 0.062500 0.113542
1 0.457176 0.470139 0.058796 0.104861
1 0.409722 0.493576 0.054630 0.098958
1 0.341898 0.525347 0.054167 0.088194
1 0.307639 0.542188 0.055093 0.084375
1 0.281250 0.556771 0.047685 0.079514
7 0.851620 0.252431 0.066204 0.048611
7 0.847917 0.326042 0.065278 0.049306
7 0.736806 0.310937 0.058796 0.042708
7 0.733796 0.377951 0.058333 0.044097
7 0.647454 0.357812 0.049537 0.038542
7 0.641667 0.417014 0.049074 0.040972
7 0.522222 0.420312 0.038889 0.035069
7 0.517593 0.471528 0.039815 0.033333
7 0.468750 0.449826 0.032870 0.028819
7 0.463426 0.496875 0.035185 0.030556
7 0.421759 0.473785 0.030556 0.027431
7 0.415972 0.518229 0.034722 0.027431
7 0.353704 0.507812 0.030556 0.023958
7 0.349074 0.548958 0.031481 0.025694
7 0.937731 0.426563 0.059722 0.041319
7 0.826852 0.463542 0.051852 0.036111
7 0.552778 0.552083 0.037037 0.029861
13 0.162731 0.538194 0.041204 0.048611
13 0.061806 0.528299 0.043981 0.049653
7 0.161574 0.090625 0.053704 0.037500
7 0.330324 0.124132 0.047685 0.035764
7 0.486343 0.152431 0.047685 0.035417
7 0.193287 0.294097 0.036574 0.028472
7 0.062963 0.277604 0.039815 0.026736
7 0.109028 0.395833 0.028241 0.020833
7 0.209954 0.408854 0.027315 0.019792
7 0.378935 0.469792 0.033796 0.031250
7 0.538657 0.380035 0.037500 0.040625
7 0.587500 0.354514 0.033333 0.027778
6 0.625694 0.057986 0.061574 0.033333
6 0.586343 0.114236 0.069907 0.037500
12 0.970370 0.712500 0.059259 0.050694
9 0.965046 0.765972 0.018056 0.040278
