10 0.139815 0.566667 0.278704 0.188194
10 0.460185 0.602257 0.186111 0.142014
10 0.648611 0.621701 0.123148 0.107986
13 0.942593 0.445139 0.059259 0.052083
13 0.845370 0.452083 0.059259 0.052083
8 0.172454 0.692361 0.022685 0.085417
1 0.103935 0.217708 0.099537 0.170833
1 0.220602 0.267188 0.091204 0.149653
1 0.316898 0.306944 0.085648 0.138194
1 0.453472 0.364063 0.077315 0.119097
1 0.515972 0.386806 0.065278 0.113889
1 0.568287 0.408160 0.061574 0.103125
1 0.644444 0.440278 0.058333 0.094444
1 0.682407 0.453819 0.050000 0.085417
1 0.718750 0.468576 0.050463 0.085764
7 0.900926 0.298611 0.032407 0.024306
7 0.799074 0.311458 0.032407 0.024306
7 0.675231 0.218924 0.038426 0.028125
7 0.799769 0.200521 0.043056 0.028819
7 0.931713 0.182639 0.040278 0.029861
7 0.629630 0.036458 0.052778 0.036806
7 0.797685 0.011632 0.053704 0.022569
7 0.475463 0.063021 0.050000 0.034375
7 0.129630 0.128646 0.046296 0.029514
7 0.014120 0.149306 0.027315 0.029167
7 0.394213 0.260590 0.034722 0.025347
7 0.436343 0.299479 0.042130 0.030208
7 0.090046 0.189410 0.064352 0.050347
7 0.092824 0.262326 0.064352 0.050347
7 0.207639 0.240278 0.056019 0.045833
7 0.210417 0.304861 0.056019 0.045833
7 0.307407 0.280729 0.048148 0.041319
7 0.308796 0.341840 0.048148 0.041319
7 0.442130 0.339757 0.047222 0.035069
7 0.446296 0.392188 0.047222 0.035069
7 0.504630 0.365972 0.042593 0.031944
7 0.508333 0.414583 0.042593 0.031944
7 0.559028 0.388368 0.040278 0.030903
7 0.559954 0.435590 0.040278 0.030903
7 0.635648 0.422222 0.035185 0.026389
7 0.639352 0.463889 0.035185 0.026389
7 0.675231 0.437326 0.034722 0.027431
7 0.678472 0.478646 0.034722 0.027431
7 0.614583 0.515799 0.029167 0.022569
7 0.442824 0.474306 0.035648 0.028472
7 0.384028 0.458333 0.035648 0.028472
7 0.232176 0.598785 0.031944 0.026042
