13 0.231647 0.682870 0.021825 0.043651
13 0.271949 0.688161 0.021577 0.044312
13 0.314484 0.692295 0.021825 0.041336
10 0.923983 0.715939 0.152034 0.212963
10 0.736235 0.753638 0.141121 0.154101
10 0.614583 0.773810 0.100694 0.119709
10 0.525794 0.788194 0.062004 0.086310
10 0.459821 0.799603 0.055060 0.075397
10 0.414062 0.808036 0.042907 0.054563
10 0.375868 0.817460 0.041419 0.052249
11 0.083581 0.837467 0.080853 0.168320
0 0.054812 0.511739 0.109127 0.163029
7 0.024430 0.548942 0.048363 0.048942
7 0.026414 0.471230 0.052331 0.052249
1 0.956597 0.333168 0.078373 0.208003
1 0.884921 0.373843 0.071925 0.187500
1 0.825893 0.410714 0.066964 0.165344
1 0.742188 0.467262 0.058780 0.153439
1 0.698537 0.491237 0.049851 0.138558
1 0.659226 0.516534 0.040675 0.141534
1 0.613095 0.549603 0.048611 0.118386
1 0.582961 0.561508 0.037946 0.103175
1 0.554563 0.579861 0.032242 0.104828
1 0.524802 0.604497 0.039187 0.095238
1 0.503348 0.616071 0.028522 0.091931
1 0.486111 0.627976 0.027282 0.094577
1 0.460565 0.645337 0.031250 0.088955
1 0.444568 0.653439 0.024554 0.085317
1 0.434648 0.662368 0.026538 0.085979
1 0.415675 0.674603 0.028274 0.077381
7 0.416791 0.691468 0.017113 0.021164
7 0.418775 0.657738 0.017113 0.022487
7 0.439484 0.678737 0.015873 0.023479
7 0.440228 0.643519 0.017857 0.024471
7 0.467138 0.626323 0.022073 0.025132
7 0.464410 0.662698 0.018601 0.024471
7 0.486855 0.649306 0.019841 0.026124
7 0.488963 0.608631 0.019097 0.026124
7 0.503596 0.639220 0.019593 0.028439
7 0.509425 0.598380 0.022321 0.025463
7 0.528522 0.583499 0.023313 0.027447
7 0.525546 0.626653 0.022817 0.025794
7 0.561632 0.606647 0.024058 0.028770
7 0.562128 0.559689 0.020585 0.026786
7 0.587426 0.592923 0.024554 0.034392
7 0.587178 0.543320 0.023562 0.026455
7 0.615327 0.579034 0.030258 0.035053
7 0.615823 0.526290 0.029762 0.032077
7 0.667659 0.545966 0.031746 0.037698
7 0.668031 0.490079 0.028522 0.039021
7 0.702877 0.524967 0.033730 0.040675
7 0.703621 0.464286 0.031250 0.039021
7 0.744296 0.502149 0.040675 0.043981
7 0.746404 0.437335 0.037450 0.042659
7 0.831349 0.452216 0.040675 0.049934
7 0.834077 0.380622 0.041171 0.043651
7 0.891617 0.416171 0.047123 0.054563
7 0.892981 0.342427 0.045387 0.050595
7 0.962426 0.376819 0.053323 0.055225
7 0.962922 0.296131 0.051835 0.052579
7 0.957217 0.511574 0.049355 0.073413
7 0.766121 0.596892 0.039187 0.052249
7 0.603795 0.665013 0.024058 0.039021
7 0.531622 0.696925 0.023065 0.036045
1 0.043527 0.137235 0.086558 0.224868
7 0.032490 0.078042 0.062500 0.058862
7 0.028770 0.175761 0.057044 0.055886
7 0.033358 0.149636 0.048859 0.038029
7 0.029514 0.242394 0.055556 0.046958
7 0.031002 0.294643 0.056548 0.046958
7 0.036582 0.369874 0.045883 0.038029
7 0.046007 0.337963 0.041915 0.031085
7 0.603919 0.247851 0.023313 0.028770
7 0.588914 0.265873 0.024554 0.033730
7 0.574529 0.279927 0.021577 0.030754
7 0.522073 0.227017 0.025298 0.040675
7 0.507564 0.249339 0.027034 0.030423
7 0.498512 0.264716 0.024802 0.030093
7 0.435020 0.213294 0.027282 0.036376
7 0.441964 0.346230 0.022817 0.029762
7 0.510913 0.357308 0.018353 0.026124
7 0.502604 0.372024 0.019593 0.024471
7 0.369792 0.335483 0.022817 0.027447
7 0.322049 0.439484 0.019097 0.029762
7 0.384921 0.449570 0.017361 0.024140
7 0.441964 0.459491 0.017857 0.024802
7 0.249008 0.575893 0.012401 0.016865
7 0.292163 0.583168 0.011409 0.018849
7 0.336062 0.589616 0.012401 0.018519
7 0.269345 0.542163 0.013889 0.017526
7 0.317212 0.547619 0.015873 0.021164
7 0.363963 0.554067 0.014137 0.016204
7 0.516121 0.079861 0.034722 0.065146
7 0.619792 0.100694 0.030258 0.055225
7 0.719618 0.129299 0.032490 0.045635
7 0.784722 0.330522 0.022817 0.028770
7 0.954117 0.191964 0.040179 0.055886
6 0.760541 0.015212 0.029514 0.027116
