12 0.852257 0.270370 0.112847 0.216667
12 0.130903 0.580556 0.023611 0.054630
12 0.657118 0.641204 0.023958 0.033333
12 0.685590 0.644213 0.022569 0.036574
10 0.505208 0.660185 0.190278 0.210185
10 0.918403 0.688426 0.163194 0.184259
4 0.299826 0.694907 0.035069 0.122222
4 0.348611 0.696296 0.038889 0.116667
11 0.621701 0.828472 0.123264 0.204167
3 0.383507 0.310185 0.060764 0.196296
3 0.514062 0.330556 0.058681 0.193519
3 0.634549 0.345602 0.055903 0.187500
1 0.154861 0.242824 0.045833 0.205093
1 0.230729 0.497454 0.030208 0.125463
1 0.313889 0.506019 0.027778 0.122222
1 0.394271 0.515046 0.028125 0.121759
5 0.530208 0.531481 0.034028 0.119444
5 0.601910 0.538426 0.036458 0.117593
5 0.672569 0.545602 0.036806 0.117130
0 0.795660 0.552083 0.044792 0.106019
2 0.429167 0.231481 0.079167 0.171296
2 0.559201 0.250694 0.088542 0.169907
2 0.683507 0.266898 0.088542 0.160648
7 0.156424 0.209259 0.039931 0.049074
7 0.152431 0.297917 0.039583 0.055093
7 0.373264 0.369676 0.037500 0.051389
7 0.366493 0.293287 0.033681 0.045833
7 0.401389 0.289120 0.036806 0.049537
7 0.431944 0.208796 0.036806 0.050926
7 0.486806 0.312963 0.033333 0.045370
7 0.504340 0.383333 0.037153 0.048148
7 0.557465 0.228009 0.032292 0.047685
7 0.530035 0.307639 0.033681 0.049537
7 0.597569 0.326389 0.031250 0.045370
7 0.625868 0.398611 0.035764 0.044444
7 0.676215 0.244907 0.035764 0.043519
7 0.781771 0.350231 0.029514 0.046759
7 0.973611 0.292593 0.034028 0.043519
7 0.785069 0.531250 0.021528 0.028241
7 0.786458 0.577083 0.020833 0.026389
7 0.665625 0.568287 0.020139 0.027315
7 0.664931 0.519676 0.020139 0.027315
7 0.636285 0.532639 0.019097 0.027315
7 0.596354 0.511574 0.021181 0.027778
7 0.523090 0.504167 0.019097 0.028704
7 0.523438 0.555556 0.020486 0.027778
7 0.568576 0.527315 0.018403 0.028704
7 0.498958 0.520370 0.018056 0.027778
7 0.935069 0.200463 0.027083 0.028704
7 0.830556 0.476389 0.020139 0.025000
7 0.767014 0.468519 0.020833 0.024074
7 0.650868 0.455324 0.020486 0.025463
7 0.582118 0.448611 0.021181 0.025926
7 0.511979 0.440509 0.021181 0.026389
7 0.382986 0.424306 0.020139 0.024537
7 0.305903 0.416898 0.022917 0.027315
7 0.223958 0.407639 0.023611 0.027315
9 0.210069 0.649537 0.013889 0.050926
7 0.531597 0.776157 0.016667 0.020833
7 0.497396 0.781713 0.014931 0.019907
8 0.026910 0.773611 0.016319 0.038889
8 0.059896 0.777083 0.014931 0.039352
8 0.102778 0.776620 0.014583 0.037500
8 0.118056 0.778472 0.015278 0.036574
8 0.175347 0.777778 0.013889 0.042593
8 0.205903 0.778704 0.015278 0.039815
