6 0.280382 0.428241 0.023958 0.020370
7 0.397396 0.283796 0.048958 0.054630
7 0.336285 0.243056 0.052431 0.057407
7 0.449653 0.315046 0.049306 0.048611
12 0.108507 0.427778 0.112847 0.077778
6 0.232118 0.410417 0.024653 0.021759
8 0.151215 0.635417 0.013542 0.043981
8 0.045139 0.631481 0.014583 0.062037
8 0.039931 0.611343 0.016667 0.046759
12 0.060937 0.084028 0.121181 0.134722
7 0.680208 0.491898 0.020833 0.043056
7 0.646354 0.497685 0.020486 0.039815
7 0.667188 0.445139 0.036458 0.035648
7 0.691146 0.459028 0.032292 0.031944
7 0.709896 0.470833 0.033681 0.033333
7 0.671181 0.628009 0.022222 0.031019
7 0.650000 0.623843 0.022222 0.031019
7 0.615278 0.615278 0.023611 0.034259
7 0.589410 0.609954 0.024653 0.037500
7 0.514757 0.585648 0.027431 0.035185
7 0.526215 0.370139 0.029514 0.051389
7 0.488368 0.385417 0.028125 0.050463
7 0.450000 0.398843 0.025694 0.048611
7 0.313542 0.544444 0.038889 0.058333
7 0.250694 0.530556 0.038889 0.058333
7 0.131771 0.502083 0.048264 0.069907
7 0.040278 0.483796 0.045833 0.081481
