7 0.271825 0.628968 0.026290 0.028439
7 0.318452 0.628638 0.026290 0.028439
7 0.359623 0.665675 0.023313 0.030423
7 0.397321 0.706019 0.023313 0.030423
1 0.056052 0.857308 0.053075 0.153108
3 0.189732 0.882606 0.040179 0.154762
2 0.236855 0.797619 0.059524 0.132937
7 0.193700 0.922454 0.035714 0.043981
7 0.253968 0.780919 0.035714 0.043981
7 0.057292 0.897321 0.035714 0.043981
7 0.064732 0.828208 0.035714 0.043981
7 0.065724 0.964286 0.017857 0.024471
7 0.121032 0.963624 0.017857 0.024471
12 0.320933 0.789848 0.104167 0.207341
12 0.644345 0.779762 0.116071 0.238095
7 0.472098 0.843419 0.063740 0.090278
3 0.847966 0.854663 0.042163 0.182870
3 0.717758 0.850860 0.045139 0.157407
2 0.903274 0.764054 0.039683 0.146495
2 0.772817 0.763724 0.039683 0.146495
7 0.903150 0.743386 0.036954 0.048942
7 0.848090 0.907077 0.036954 0.048942
7 0.773934 0.752315 0.036954 0.048942
7 0.797495 0.952546 0.023065 0.037368
7 0.874380 0.955192 0.023065 0.037368
7 0.958209 0.954200 0.023065 0.037368
3 0.400174 0.847388 0.033482 0.126653
2 0.440104 0.801918 0.036458 0.075397
7 0.109747 0.723710 0.021577 0.028770
7 0.081225 0.730985 0.021577 0.028770
7 0.066096 0.689319 0.021577 0.028770
7 0.031622 0.693618 0.021577 0.028770
7 0.012773 0.650628 0.025050 0.033399
9 0.402530 0.217097 0.024802 0.090278
9 0.318700 0.233962 0.023810 0.081680
9 0.459077 0.199239 0.023810 0.081680
7 0.424851 0.337136 0.039187 0.052579
6 0.290551 0.259094 0.029018 0.041997
6 0.378224 0.244048 0.028274 0.040344
7 0.072421 0.471396 0.034226 0.039352
7 0.139385 0.530423 0.029762 0.037037
9 0.950769 0.250827 0.048859 0.059854
9 0.960441 0.345403 0.040427 0.049934
9 0.970734 0.427910 0.038690 0.051587
6 0.857887 0.156581 0.028770 0.046627
6 0.745660 0.174438 0.032490 0.036045
6 0.640625 0.193783 0.030754 0.045635
9 0.670015 0.163856 0.026538 0.086310
9 0.770709 0.149471 0.030010 0.092593
9 0.835193 0.133102 0.028522 0.095569
6 0.469494 0.227513 0.026786 0.045635
