10 0.379398 0.466146 0.249537 0.175347
10 0.870139 0.542014 0.200463 0.131250
11 0.141898 0.573785 0.173611 0.142708
3 0.245602 0.143924 0.081019 0.164931
3 0.434954 0.199826 0.083796 0.151736
3 0.598380 0.244792 0.079167 0.141667
3 0.832176 0.310590 0.085648 0.130208
3 0.948380 0.341319 0.083796 0.115972
2 0.896991 0.271007 0.090278 0.105208
2 0.684722 0.201563 0.100000 0.117708
2 0.532407 0.155382 0.087963 0.127431
2 0.355093 0.103299 0.075000 0.135764
1 0.124769 0.377604 0.031019 0.067014
1 0.212500 0.393403 0.030556 0.064583
1 0.293519 0.406771 0.029630 0.059375
1 0.427546 0.432118 0.030093 0.064931
1 0.556713 0.453299 0.033796 0.058681
1 0.856481 0.505903 0.028704 0.053472
7 0.952083 0.232813 0.032870 0.020486
7 0.908565 0.216667 0.032870 0.023611
7 0.763194 0.271528 0.023611 0.021528
7 0.344444 0.094097 0.051852 0.044444
7 0.289352 0.148264 0.053704 0.044444
7 0.234722 0.201215 0.056481 0.046181
7 0.420370 0.248611 0.050000 0.040972
7 0.465741 0.198958 0.048148 0.035417
7 0.512500 0.146181 0.047222 0.039583
7 0.582870 0.289757 0.046296 0.035069
7 0.537269 0.256944 0.037500 0.029861
7 0.658333 0.191840 0.046296 0.036458
7 0.618750 0.241319 0.044907 0.036111
7 0.744444 0.310243 0.035185 0.026736
7 0.812731 0.348264 0.043981 0.031944
7 0.843981 0.336458 0.031481 0.025694
7 0.872222 0.259549 0.039815 0.032292
7 0.926620 0.376736 0.040278 0.029861
7 0.977083 0.290104 0.038426 0.030208
7 0.127778 0.365278 0.023148 0.018056
7 0.121528 0.394965 0.023611 0.018403
7 0.214352 0.381076 0.024074 0.017014
7 0.209028 0.409722 0.023611 0.017361
7 0.296296 0.395833 0.022222 0.015972
7 0.552315 0.442361 0.018519 0.014583
7 0.990278 0.494965 0.016667 0.009375
7 0.921528 0.480556 0.017130 0.011111
7 0.833333 0.464757 0.017593 0.011458
7 0.544907 0.409549 0.018519 0.012153
7 0.484259 0.397917 0.019444 0.012500
7 0.418056 0.384896 0.018519 0.013542
7 0.294444 0.359722 0.022222 0.014583
7 0.216204 0.344792 0.023148 0.015972
7 0.133565 0.328646 0.023611 0.016319
7 0.700231 0.573264 0.008796 0.006250
7 0.714815 0.575000 0.009259 0.005556
7 0.728472 0.576736 0.008796 0.006250
1 0.751620 0.611111 0.014352 0.016667
1 0.719444 0.608854 0.014815 0.015625
1 0.703241 0.607986 0.013889 0.015278
7 0.705324 0.608160 0.009722 0.007292
7 0.721991 0.609201 0.009722 0.007986
7 0.753009 0.610938 0.011574 0.007986
12 0.978935 0.579167 0.017130 0.012500
12 0.520370 0.507639 0.032407 0.023611
12 0.560185 0.516667 0.025000 0.017361
12 0.413426 0.486979 0.028704 0.026736
9 0.528704 0.531944 0.011111 0.020833
4 0.498380 0.539757 0.035648 0.055903
8 0.541435 0.589236 0.008796 0.015278
8 0.532176 0.588194 0.008796 0.015278
8 0.522917 0.587153 0.009722 0.015278
8 0.370370 0.558333 0.008333 0.029167
8 0.354398 0.559028 0.019907 0.033333
8 0.289583 0.548785 0.010648 0.028819
8 0.276389 0.548785 0.012037 0.031597
8 0.586806 0.593576 0.010648 0.016319
