8 0.634797 0.333829 0.020089 0.180886
8 0.634301 0.333168 0.020089 0.180886
8 0.643353 0.357143 0.013393 0.146164
8 0.657366 0.338624 0.020089 0.185847
8 0.678571 0.344246 0.024306 0.181878
8 0.728299 0.355324 0.018601 0.178902
8 0.748636 0.361607 0.018601 0.178902
8 0.770461 0.366402 0.023065 0.179233
8 0.811880 0.372354 0.023065 0.179233
8 0.832465 0.373677 0.020089 0.169312
8 0.855035 0.375000 0.020089 0.169312
8 0.383433 0.333829 0.029266 0.111442
8 0.407738 0.335483 0.029266 0.111442
8 0.438492 0.333499 0.029266 0.111442
8 0.306796 0.317956 0.029266 0.111442
8 0.276786 0.311673 0.029266 0.111442
8 0.244792 0.306382 0.029266 0.111442
8 0.084201 0.273975 0.034970 0.118056
8 0.121156 0.275959 0.034970 0.118056
8 0.156622 0.282903 0.034970 0.118056
1 0.022941 0.267692 0.021577 0.088294
7 0.020709 0.281746 0.016617 0.021825
7 0.021949 0.247024 0.016617 0.021825
1 0.169147 0.289021 0.016369 0.074735
7 0.167287 0.307705 0.012649 0.016865
7 0.167535 0.272321 0.012649 0.016865
7 0.212922 0.314319 0.012649 0.016865
7 0.213914 0.279927 0.012649 0.016865
1 0.215898 0.294808 0.015625 0.074405
8 0.200273 0.267526 0.028522 0.126323
7 0.196801 0.180721 0.012153 0.018188
9 0.334697 0.006448 0.011657 0.012235
9 0.506696 0.149967 0.024802 0.081680
6 0.499752 0.090278 0.014385 0.015873
6 0.464038 0.077381 0.011905 0.015212
6 0.608259 0.037037 0.046875 0.060185
6 0.699281 0.068452 0.046875 0.060185
6 0.780134 0.095899 0.046875 0.060185
10 0.147197 0.418155 0.066716 0.070437
7 0.035218 0.405919 0.013393 0.019511
12 0.216642 0.426422 0.011161 0.014220
7 0.189732 0.427910 0.011905 0.014550
9 0.282242 0.441799 0.009921 0.025794
4 0.311880 0.380787 0.032986 0.093585
4 0.348586 0.385417 0.032986 0.093585
4 0.381820 0.391700 0.032986 0.093585
10 0.472594 0.456349 0.046379 0.058201
9 0.493180 0.476356 0.010169 0.022817
8 0.505084 0.499504 0.006696 0.039352
1 0.363963 0.259094 0.012153 0.101521
1 0.483507 0.344411 0.014137 0.063823
7 0.480655 0.332837 0.010417 0.014220
7 0.480407 0.359292 0.010417 0.014220
1 0.577381 0.360946 0.014385 0.061839
7 0.574901 0.349702 0.010913 0.014881
7 0.573909 0.377149 0.010913 0.014881
