1 0.476042 0.127315 0.068750 0.173148
1 0.548958 0.082639 0.078472 0.164352
4 0.276736 0.489352 0.036806 0.097222
4 0.635417 0.372685 0.086806 0.291667
4 0.518403 0.419213 0.079167 0.260648
4 0.261806 0.490278 0.035417 0.090741
4 0.568056 0.411111 0.077778 0.283333
6 0.148090 0.385648 0.008681 0.012963
4 0.287847 0.484491 0.038889 0.104167
1 0.272743 0.317593 0.042014 0.108333
7 0.647396 0.042130 0.042708 0.061111
7 0.562500 0.040741 0.034028 0.052778
7 0.554861 0.118519 0.034028 0.052778
7 0.491319 0.107176 0.029167 0.045833
7 0.484028 0.177083 0.029861 0.047685
7 0.661979 0.209722 0.035069 0.048148
7 0.285764 0.300926 0.016667 0.025000
7 0.280903 0.343519 0.018056 0.027778
7 0.300174 0.411111 0.015625 0.022222
7 0.220139 0.448148 0.014583 0.024074
7 0.214757 0.484954 0.014931 0.021759
0 0.198785 0.464583 0.062153 0.081019
11 0.163715 0.590972 0.174653 0.168056
7 0.322222 0.248611 0.018056 0.025926
7 0.300000 0.271759 0.018750 0.025926
7 0.216319 0.396065 0.016667 0.020833
7 0.220833 0.363194 0.015972 0.020833
6 0.153646 0.434954 0.008681 0.012500
6 0.134201 0.496759 0.009375 0.010185
6 0.176736 0.506713 0.009722 0.010648
6 0.738368 0.359491 0.019792 0.022685
7 0.685590 0.451852 0.013542 0.020370
7 0.735243 0.441898 0.014931 0.020833
12 0.715799 0.450231 0.042708 0.058796
12 0.670139 0.460417 0.043750 0.059722
9 0.720139 0.498611 0.016667 0.045370
7 0.697917 0.550926 0.012500 0.016667
7 0.639062 0.565509 0.012153 0.016204
8 0.711979 0.597685 0.010764 0.055556
8 0.701042 0.596296 0.022917 0.069444
8 0.701389 0.598380 0.009028 0.056019
8 0.691667 0.598611 0.009028 0.053704
9 0.875347 0.484722 0.013194 0.062037
8 0.357639 0.618981 0.004861 0.026852
9 0.349653 0.618056 0.004861 0.025000
9 0.336632 0.617593 0.004514 0.025926
6 0.419965 0.456944 0.009375 0.011111
6 0.427778 0.458333 0.006250 0.009259
6 0.486806 0.477083 0.005556 0.007870
6 0.400347 0.461111 0.011806 0.012037
6 0.428472 0.470370 0.008333 0.011111
6 0.347743 0.477778 0.008681 0.008333
6 0.374653 0.484954 0.008333 0.007870
