10 0.063715 0.918056 0.126736 0.147222
10 0.231944 0.898380 0.154861 0.181944
10 0.472743 0.877546 0.208681 0.222685
10 0.844097 0.837731 0.297222 0.306019
1 0.076215 0.598843 0.061458 0.161574
1 0.152604 0.567593 0.057292 0.175000
1 0.200000 0.547685 0.059722 0.181481
1 0.251736 0.522685 0.062500 0.192593
1 0.353472 0.472685 0.072222 0.209259
1 0.423785 0.441667 0.071181 0.217593
1 0.498437 0.408565 0.077431 0.231019
1 0.664931 0.332870 0.082639 0.258333
1 0.779687 0.280787 0.095486 0.274537
1 0.904687 0.220602 0.098958 0.301389
6 0.056250 0.148148 0.030556 0.029630
6 0.015278 0.203009 0.020833 0.025463
7 0.036806 0.121991 0.026389 0.037500
7 0.065972 0.227083 0.036806 0.045833
7 0.344271 0.309954 0.034375 0.045833
7 0.446875 0.340046 0.034722 0.043981
7 0.558333 0.182870 0.038889 0.050926
7 0.986632 0.049074 0.026736 0.057407
7 0.868403 0.015741 0.043056 0.030556
7 0.975347 0.468287 0.049306 0.074537
7 0.858681 0.504167 0.056250 0.070370
7 0.069097 0.740509 0.032639 0.044907
7 0.578125 0.442130 0.048611 0.062037
7 0.918403 0.304861 0.065972 0.092130
7 0.921528 0.168287 0.062500 0.083796
7 0.793750 0.229630 0.061806 0.082407
7 0.791840 0.359491 0.062153 0.079167
7 0.674653 0.403241 0.056250 0.075000
7 0.679340 0.285185 0.053125 0.075000
7 0.507118 0.471065 0.050347 0.067130
7 0.513194 0.365509 0.046528 0.063426
7 0.429861 0.502778 0.043750 0.062963
7 0.435937 0.401157 0.046181 0.062500
7 0.367188 0.433796 0.041319 0.057407
7 0.361458 0.529861 0.043750 0.058796
7 0.263715 0.484491 0.040625 0.053241
7 0.258160 0.571991 0.040625 0.053241
7 0.205035 0.593287 0.034375 0.050463
7 0.211458 0.511574 0.036111 0.050926
7 0.162326 0.531019 0.037847 0.048148
7 0.156597 0.614120 0.038889 0.047685
7 0.084375 0.641435 0.036111 0.043981
7 0.089757 0.566667 0.033681 0.047222
7 0.210417 0.066667 0.038889 0.058333
7 0.241319 0.037963 0.038889 0.058333
7 0.272743 0.022222 0.040625 0.043519
7 0.075694 0.025694 0.040278 0.050463
