12 0.969271 0.634028 0.031597 0.032870
12 0.274826 0.130556 0.168403 0.175000
12 0.398958 0.265278 0.159028 0.161111
12 0.481424 0.353704 0.137153 0.143519
12 0.634722 0.516204 0.094444 0.078704
9 0.234028 0.203935 0.062500 0.172685
9 0.494444 0.428472 0.038889 0.114352
9 0.563889 0.486111 0.034028 0.094444
9 0.664062 0.562731 0.028819 0.089352
9 0.691319 0.587500 0.030556 0.081481
9 0.722049 0.615046 0.026736 0.076389
1 0.791319 0.792130 0.024306 0.054630
1 0.831250 0.782176 0.022917 0.056944
1 0.871181 0.768287 0.021528 0.055093
1 0.949826 0.752778 0.023264 0.057407
8 0.171875 0.675231 0.031250 0.194907
8 0.251736 0.681944 0.027778 0.154630
8 0.282292 0.681944 0.027083 0.135185
8 0.309375 0.686343 0.026389 0.125463
8 0.365104 0.695139 0.026736 0.118056
8 0.387326 0.700694 0.021875 0.115278
8 0.406771 0.713657 0.021875 0.127315
8 0.464931 0.663426 0.032639 0.185185
8 0.683333 0.721528 0.023611 0.070833
8 0.612326 0.787037 0.017708 0.044444
7 0.162153 0.440509 0.066667 0.078241
7 0.165972 0.493981 0.033333 0.048148
7 0.301042 0.549074 0.036111 0.052778
7 0.400694 0.592361 0.029167 0.042130
7 0.540451 0.629630 0.028125 0.041667
7 0.593403 0.650926 0.027778 0.040741
7 0.612500 0.671296 0.018056 0.026852
7 0.555208 0.764815 0.010417 0.014815
7 0.564583 0.765972 0.009028 0.012500
7 0.701562 0.707407 0.016319 0.023148
7 0.730382 0.708796 0.012847 0.014815
7 0.891667 0.695602 0.014583 0.018056
7 0.865451 0.701389 0.014931 0.015741
7 0.838715 0.710648 0.013542 0.017593
7 0.374306 0.110185 0.050694 0.058333
7 0.485938 0.249306 0.038542 0.056019
7 0.560243 0.345370 0.033681 0.043519
7 0.979688 0.754167 0.014931 0.019444
7 0.944444 0.764120 0.013194 0.018056
7 0.895139 0.775694 0.015972 0.018981
7 0.862847 0.781944 0.013889 0.015741
7 0.816146 0.792593 0.015625 0.017593
7 0.788021 0.800000 0.012847 0.015741
7 0.639757 0.765972 0.010764 0.014352
7 0.949653 0.746065 0.018750 0.020833
7 0.871701 0.763657 0.017014 0.018981
7 0.829861 0.774537 0.015972 0.020370
7 0.790104 0.783796 0.014931 0.018519
