10 0.125347 0.546528 0.250000 0.367130
13 0.527431 0.193981 0.063194 0.120370
13 0.672743 0.183565 0.057986 0.115278
13 0.825868 0.169213 0.057292 0.127315
1 0.244965 0.102778 0.089236 0.204630
1 0.327778 0.182176 0.084722 0.243981
7 0.231250 0.137963 0.057639 0.077778
7 0.311806 0.241667 0.050694 0.066667
7 0.317014 0.139815 0.050694 0.066667
7 0.239063 0.031944 0.055903 0.062963
7 0.075521 0.219444 0.045486 0.070370
7 0.170833 0.306944 0.037500 0.055556
7 0.161285 0.196065 0.040625 0.056019
7 0.064583 0.095370 0.046528 0.064815
