10 0.147396 0.140972 0.118403 0.138426
10 0.318229 0.211111 0.075347 0.100000
10 0.418403 0.248611 0.058333 0.076852
10 0.480382 0.273148 0.045486 0.060185
10 0.526215 0.291667 0.039236 0.050000
10 0.561458 0.304630 0.034722 0.044444
11 0.709549 0.283102 0.048264 0.125463
11 0.849479 0.314583 0.111458 0.201389
1 0.308681 0.033333 0.025000 0.065741
1 0.342708 0.046528 0.022917 0.084722
1 0.373090 0.069213 0.021181 0.080093
1 0.418056 0.103472 0.020833 0.071759
1 0.439583 0.119444 0.020139 0.068519
1 0.458507 0.133565 0.018403 0.063426
1 0.487500 0.156713 0.017361 0.056019
1 0.501736 0.168287 0.015278 0.056019
1 0.515451 0.178241 0.015625 0.053704
1 0.535937 0.193287 0.013542 0.047685
1 0.546181 0.201620 0.014583 0.046759
1 0.555729 0.209259 0.012847 0.045370
1 0.571181 0.220833 0.012500 0.042593
1 0.597396 0.240741 0.010764 0.036111
1 0.618403 0.258565 0.009722 0.034722
7 0.644618 0.100000 0.007986 0.010185
7 0.611979 0.103241 0.007986 0.010185
7 0.581250 0.106713 0.008333 0.011574
7 0.585417 0.112963 0.007639 0.010185
7 0.543576 0.057870 0.009375 0.012963
7 0.550000 0.065972 0.009722 0.012500
7 0.579167 0.052778 0.010417 0.012963
7 0.585243 0.062269 0.010069 0.011574
7 0.617882 0.048843 0.010069 0.012500
7 0.622396 0.057176 0.010764 0.012500
7 0.305035 0.007870 0.016319 0.014815
7 0.305556 0.043519 0.017361 0.025000
7 0.339583 0.029398 0.014583 0.022685
7 0.340799 0.068056 0.015625 0.023148
7 0.294618 0.100000 0.015625 0.022222
7 0.326389 0.118056 0.014583 0.019444
7 0.369792 0.052778 0.013194 0.021296
7 0.370486 0.089120 0.013194 0.021759
7 0.414757 0.088657 0.012153 0.018981
7 0.414757 0.120833 0.012847 0.019444
7 0.397569 0.159028 0.010417 0.017130
7 0.417708 0.171759 0.010417 0.015741
7 0.436285 0.136111 0.011458 0.017593
7 0.435764 0.105787 0.011806 0.018981
7 0.455208 0.120602 0.011111 0.018056
7 0.454861 0.149306 0.011111 0.017130
7 0.484549 0.144213 0.010069 0.015278
7 0.484201 0.170602 0.009375 0.015278
7 0.464757 0.199769 0.009375 0.014352
7 0.478993 0.208333 0.008681 0.013889
7 0.498611 0.181481 0.008333 0.013889
7 0.498611 0.156250 0.008333 0.015278
7 0.512847 0.165509 0.009028 0.013426
7 0.512153 0.190741 0.009028 0.014815
7 0.533507 0.183102 0.007986 0.013426
7 0.532986 0.205787 0.008333 0.013426
7 0.543576 0.191667 0.007986 0.012963
7 0.543056 0.212963 0.007639 0.012963
7 0.553646 0.199074 0.007292 0.012037
7 0.553299 0.220139 0.007292 0.013426
7 0.569271 0.211806 0.007292 0.011574
7 0.569097 0.231481 0.006944 0.012037
7 0.595833 0.232407 0.006944 0.011111
7 0.595833 0.250231 0.006944 0.009722
7 0.557639 0.254398 0.006944 0.010648
7 0.617535 0.250000 0.005903 0.009259
7 0.617361 0.265741 0.006250 0.010185
7 0.746007 0.031713 0.016319 0.024537
7 0.812847 0.028935 0.015972 0.023611
7 0.810764 0.068750 0.015278 0.023611
7 0.811979 0.051852 0.014236 0.019444
7 0.809722 0.091667 0.014583 0.020370
7 0.808333 0.119213 0.016667 0.023611
7 0.809549 0.136343 0.010069 0.013426
7 0.807292 0.160417 0.015278 0.023611
7 0.810069 0.149537 0.011111 0.012963
7 0.808681 0.175000 0.009722 0.012963
7 0.806424 0.199769 0.007986 0.012500
7 0.807465 0.187037 0.007986 0.010185
7 0.805903 0.222917 0.006944 0.007870
7 0.805556 0.228704 0.006944 0.008333
7 0.805729 0.235648 0.007292 0.008333
7 0.403993 0.032176 0.010764 0.013426
7 0.500868 0.015509 0.012153 0.013426
7 0.542361 0.009491 0.011806 0.014352
7 0.585417 0.004861 0.011806 0.008796
7 0.667014 0.151389 0.007639 0.009259
7 0.638889 0.153472 0.007639 0.009722
7 0.611458 0.155556 0.007639 0.009259
7 0.631250 0.181713 0.006250 0.007870
7 0.655903 0.179630 0.006250 0.008333
7 0.647917 0.202778 0.005556 0.007407
7 0.593750 0.208102 0.005556 0.006944
7 0.611111 0.232407 0.006250 0.007407
7 0.670312 0.201852 0.005903 0.006481
7 0.661806 0.220139 0.005556 0.006944
7 0.681944 0.218981 0.005556 0.006481
7 0.702778 0.217593 0.005556 0.006481
13 0.666667 0.271296 0.006944 0.016667
9 0.052431 0.245833 0.010417 0.034259
12 0.078646 0.206019 0.027431 0.040741
12 0.167361 0.227778 0.029167 0.037037
12 0.298785 0.265278 0.010069 0.025000
7 0.282986 0.267824 0.009028 0.011574
12 0.394271 0.291435 0.007292 0.016204
12 0.413368 0.294907 0.007292 0.019444
12 0.437847 0.303009 0.006250 0.018056
12 0.473264 0.313889 0.008333 0.012963
12 0.483681 0.315741 0.008333 0.014815
