4 0.152546 0.593576 0.129167 0.192014
4 0.282870 0.583333 0.126852 0.193750
4 0.417824 0.574479 0.126389 0.201042
2 0.498611 0.171701 0.123148 0.187153
2 0.266204 0.206597 0.142593 0.177778
2 0.068519 0.239236 0.136111 0.164583
3 0.189352 0.314410 0.100926 0.178819
3 0.413657 0.284549 0.085648 0.194792
1 0.835648 0.561111 0.039815 0.095139
1 0.595602 0.574826 0.039352 0.093403
1 0.036574 0.606771 0.045370 0.084375
7 0.044213 0.590451 0.031019 0.023264
7 0.038426 0.627778 0.030556 0.022917
7 0.034259 0.662500 0.029630 0.021528
7 0.596759 0.557986 0.032407 0.025694
7 0.597454 0.599306 0.032870 0.025694
7 0.834259 0.545312 0.036111 0.026736
7 0.837500 0.588368 0.036111 0.028819
7 0.522917 0.159028 0.069907 0.051389
7 0.302315 0.190972 0.067593 0.049306
7 0.100463 0.221875 0.062963 0.048611
7 0.920370 0.068403 0.069444 0.055556
7 0.900231 0.249653 0.043981 0.038194
7 0.929861 0.341493 0.036574 0.029514
7 0.048148 0.532118 0.024074 0.021875
7 0.864583 0.767188 0.024537 0.031597
12 0.930093 0.759201 0.035185 0.051736
12 0.086806 0.773090 0.044907 0.036458
7 0.043750 0.778299 0.026389 0.023958
