1 0.214038 0.512897 0.022321 0.101190
1 0.282366 0.516038 0.022073 0.096230
1 0.349950 0.517196 0.024802 0.101190
1 0.462922 0.521329 0.019593 0.098214
1 0.586062 0.518684 0.016865 0.092923
1 0.687128 0.518684 0.021577 0.089616
1 0.744792 0.520833 0.023313 0.088624
13 0.157490 0.436673 0.047123 0.073082
7 0.278522 0.436177 0.022321 0.039683
7 0.163814 0.248016 0.027034 0.053571
7 0.440104 0.268022 0.025050 0.055225
7 0.608507 0.276786 0.025050 0.052249
7 0.692708 0.280258 0.023810 0.051257
6 0.703497 0.190972 0.019593 0.028108
6 0.651290 0.186673 0.020833 0.027447
6 0.553199 0.176422 0.019097 0.030093
6 0.492063 0.168485 0.018849 0.024802
6 0.436384 0.165840 0.022569 0.027447
6 0.755580 0.194279 0.020585 0.026786
6 0.844122 0.203373 0.020585 0.031085
6 0.894593 0.207011 0.021825 0.031085
7 0.770585 0.288360 0.025794 0.043651
6 0.333209 0.158399 0.019097 0.035053
6 0.208209 0.147321 0.022073 0.034722
10 0.275422 0.693122 0.093006 0.100529
12 0.580853 0.680721 0.026290 0.043981
12 0.465278 0.686508 0.029762 0.052249
12 0.206721 0.691799 0.031002 0.055556
12 0.458209 0.731481 0.010665 0.032407
12 0.425471 0.733466 0.013641 0.034392
10 0.500496 0.688327 0.049107 0.087632
12 0.964906 0.307209 0.055308 0.085317
12 0.906746 0.314649 0.052579 0.073082
