10 0.506944 0.844965 0.303704 0.212153
10 0.167824 0.869444 0.194907 0.151389
1 0.889352 0.356076 0.110185 0.198958
1 0.587500 0.458854 0.100926 0.161458
1 0.464815 0.504167 0.097222 0.145833
1 0.362037 0.541840 0.088889 0.135764
1 0.217593 0.594618 0.080556 0.122569
1 0.148611 0.620486 0.078704 0.113889
1 0.089120 0.641840 0.077315 0.109375
7 0.899306 0.326910 0.076389 0.062153
7 0.896296 0.414410 0.085185 0.058681
7 0.606944 0.435937 0.061111 0.051736
7 0.595139 0.505208 0.065278 0.045833
7 0.484491 0.482986 0.055093 0.045139
7 0.473611 0.547396 0.056481 0.044097
7 0.382407 0.519618 0.048148 0.042708
7 0.371296 0.581076 0.051852 0.040625
7 0.235880 0.572917 0.042130 0.036806
7 0.222222 0.627778 0.043519 0.035417
7 0.169444 0.600347 0.038889 0.032639
7 0.153472 0.651910 0.041204 0.035764
7 0.109491 0.621875 0.035648 0.031250
7 0.095139 0.670139 0.036574 0.031250
7 0.024074 0.652778 0.036111 0.029861
7 0.014815 0.699132 0.028704 0.028125
7 0.663657 0.613715 0.056944 0.043403
7 0.546759 0.642535 0.051852 0.039931
7 0.240046 0.717014 0.041204 0.031944
12 0.930093 0.905729 0.082407 0.070486
9 0.714120 0.965625 0.028241 0.053472
9 0.665741 0.964931 0.025926 0.047917
7 0.085648 0.241493 0.052778 0.057292
7 0.242130 0.289931 0.048148 0.054167
7 0.255324 0.532986 0.045833 0.040972
7 0.308333 0.508160 0.037037 0.038542
7 0.021991 0.437847 0.039352 0.047222
7 0.058333 0.613021 0.037963 0.035764
6 0.707870 0.044965 0.082407 0.051736
6 0.390046 0.231424 0.067130 0.030208
6 0.337731 0.278819 0.065278 0.044444
6 0.151852 0.389062 0.055556 0.030208
