1 0.216204 0.292882 0.186111 0.246875
5 0.852315 0.279167 0.130556 0.286806
4 0.066667 0.772917 0.132407 0.316667
7 0.853472 0.254340 0.108796 0.082292
7 0.848611 0.358333 0.113889 0.085417
7 0.259028 0.282813 0.091204 0.073264
7 0.226620 0.373264 0.098611 0.077778
7 0.081019 0.239931 0.082407 0.066667
7 0.344444 0.229340 0.080556 0.067014
7 0.370370 0.559028 0.087037 0.066667
7 0.084954 0.556597 0.094907 0.067361
12 0.226389 0.870660 0.085185 0.093403
9 0.161806 0.945312 0.042130 0.080903
9 0.332870 0.950694 0.044444 0.081250
12 0.538889 0.899479 0.079630 0.074653
