11 0.115575 0.746032 0.230655 0.507937
11 0.487971 0.832507 0.066716 0.163029
13 0.607639 0.679067 0.022817 0.042659
13 0.647941 0.681382 0.020089 0.044643
13 0.687996 0.684193 0.022321 0.043651
0 0.433656 0.527282 0.137649 0.150463
7 0.409970 0.495370 0.051091 0.045635
7 0.407242 0.567956 0.048611 0.041997
10 0.915923 0.760582 0.070933 0.096561
10 0.847346 0.781415 0.055804 0.081349
10 0.798983 0.792659 0.042907 0.063492
10 0.762401 0.807209 0.040675 0.060847
1 0.983755 0.513724 0.032490 0.126653
1 0.959697 0.533399 0.040427 0.119048
1 0.934772 0.552745 0.034722 0.114087
1 0.900546 0.578373 0.038690 0.103836
1 0.879092 0.592593 0.032986 0.099206
1 0.861111 0.606151 0.030258 0.096561
1 0.835565 0.621528 0.033730 0.088294
1 0.819444 0.636243 0.024802 0.090608
1 0.809028 0.646164 0.029266 0.086640
1 0.790675 0.657077 0.028770 0.080026
7 0.792287 0.642692 0.019593 0.020833
7 0.792039 0.676257 0.020585 0.023148
7 0.814980 0.625165 0.020833 0.025463
7 0.812376 0.660549 0.021081 0.022156
7 0.840278 0.643519 0.023313 0.029762
7 0.841642 0.604828 0.023562 0.028439
7 0.865451 0.628472 0.022569 0.028770
7 0.864831 0.583333 0.019345 0.024471
7 0.885293 0.571594 0.021081 0.026786
7 0.883929 0.614087 0.022817 0.025794
7 0.906374 0.601687 0.024554 0.030093
7 0.905630 0.555225 0.023562 0.031085
7 0.941468 0.576554 0.027282 0.031415
7 0.940352 0.527943 0.028026 0.029431
7 0.968750 0.559854 0.025298 0.037698
7 0.968130 0.509094 0.024554 0.030093
7 0.989459 0.625165 0.020089 0.029431
7 0.914559 0.671131 0.024058 0.032077
3 0.714162 0.323743 0.057292 0.119709
3 0.790055 0.331349 0.044395 0.099206
3 0.861235 0.338790 0.044891 0.088955
3 0.774306 0.194775 0.055556 0.139550
3 0.863095 0.191964 0.053571 0.118056
3 0.952381 0.203704 0.068948 0.119709
7 0.967138 0.192460 0.030010 0.034392
7 0.952629 0.214451 0.026786 0.031415
7 0.936880 0.232804 0.026042 0.032407
7 0.874256 0.185847 0.028770 0.034392
7 0.861483 0.211971 0.025546 0.025794
7 0.852307 0.229497 0.024554 0.026455
7 0.782242 0.182209 0.024802 0.033730
7 0.723586 0.322421 0.022569 0.024471
7 0.717758 0.343089 0.017361 0.018849
7 0.710938 0.352183 0.020585 0.020503
7 0.799107 0.322917 0.019841 0.024802
7 0.782738 0.349372 0.016369 0.020172
7 0.873636 0.326058 0.021577 0.020503
7 0.862847 0.338459 0.019345 0.020172
7 0.853175 0.355489 0.018849 0.023148
7 0.805928 0.438327 0.017113 0.023479
7 0.742560 0.432870 0.017857 0.031746
7 0.680556 0.430886 0.016865 0.033730
7 0.617312 0.574405 0.011905 0.020503
7 0.657986 0.576224 0.011905 0.019511
7 0.701017 0.579200 0.013641 0.020172
7 0.633681 0.537368 0.014881 0.017196
7 0.680680 0.539683 0.012649 0.017196
7 0.726687 0.539683 0.015377 0.020503
7 0.979167 0.033234 0.036706 0.052579
7 0.862723 0.031085 0.041419 0.061508
1 0.394717 0.175430 0.097470 0.220569
7 0.396825 0.123181 0.058036 0.059193
7 0.392733 0.216931 0.064732 0.052249
7 0.400918 0.323413 0.040923 0.041005
7 0.414062 0.396495 0.035466 0.039021
7 0.418899 0.367560 0.031250 0.028770
