4 0.865741 0.607812 0.154630 0.212847
4 0.721296 0.619271 0.140741 0.189931
4 0.594907 0.631250 0.130556 0.182639
2 0.921528 0.188194 0.123611 0.191667
2 0.685417 0.243056 0.128241 0.178472
2 0.486343 0.291667 0.135648 0.156944
3 0.840046 0.316319 0.098611 0.194444
3 0.618981 0.364931 0.093519 0.177083
3 0.430093 0.405729 0.086111 0.153125
1 0.473611 0.646875 0.038889 0.080556
1 0.321991 0.661285 0.036574 0.074653
1 0.201157 0.669965 0.041204 0.071875
1 0.138889 0.676910 0.041667 0.070486
1 0.078935 0.682813 0.042130 0.070486
7 0.946296 0.170313 0.070370 0.055208
7 0.716204 0.226042 0.069444 0.052778
7 0.519907 0.272569 0.063889 0.049306
7 0.323380 0.415972 0.035648 0.033333
7 0.476620 0.631944 0.031019 0.022917
7 0.476157 0.668056 0.029167 0.022222
7 0.325926 0.645660 0.025926 0.020486
7 0.325231 0.680556 0.025463 0.020139
7 0.208565 0.656944 0.026389 0.022222
7 0.204630 0.688889 0.028704 0.020139
7 0.145139 0.662674 0.026389 0.020486
7 0.140741 0.693229 0.025926 0.020486
7 0.086343 0.668750 0.027315 0.019444
7 0.081713 0.698438 0.025463 0.021181
7 0.011111 0.731424 0.021296 0.018403
7 0.159954 0.721181 0.024537 0.019444
7 0.219213 0.716319 0.023611 0.019444
7 0.474769 0.700868 0.029167 0.021875
10 0.154861 0.814410 0.131019 0.085069
12 0.094907 0.818924 0.043519 0.032986
12 0.320602 0.813715 0.030093 0.032292
12 0.529167 0.808160 0.043519 0.035764
7 0.487037 0.815799 0.023148 0.021875
7 0.084028 0.476562 0.034722 0.025347
7 0.007870 0.452951 0.014815 0.015625
7 0.160648 0.494965 0.028704 0.021181
7 0.228935 0.511979 0.025463 0.021875
7 0.472454 0.576562 0.022685 0.020486
7 0.211111 0.589583 0.022222 0.020139
7 0.156713 0.579688 0.022685 0.017708
6 0.042593 0.452431 0.038889 0.016667
6 0.187269 0.431076 0.039352 0.024653
6 0.243750 0.421007 0.043056 0.025347
7 0.830324 0.642535 0.037500 0.026042
