10 0.264120 0.432639 0.291204 0.191667
10 0.598148 0.496875 0.186111 0.137500
10 0.789120 0.523785 0.137500 0.101042
1 0.248843 0.076042 0.094907 0.151389
1 0.370602 0.126389 0.085648 0.161806
1 0.472917 0.179167 0.079167 0.145139
1 0.607176 0.248958 0.068981 0.123611
1 0.673148 0.277083 0.061111 0.115278
1 0.723148 0.304861 0.061111 0.106250
1 0.802083 0.341840 0.054167 0.096875
1 0.840046 0.359028 0.050463 0.087500
1 0.874306 0.376389 0.050463 0.086111
7 0.233102 0.031944 0.060648 0.050694
7 0.232176 0.110937 0.062500 0.051736
7 0.359722 0.097743 0.054630 0.047569
7 0.357870 0.169097 0.058333 0.044444
7 0.462037 0.151215 0.050000 0.041319
7 0.462269 0.215799 0.054167 0.041319
7 0.601389 0.223438 0.047222 0.033681
7 0.600231 0.279687 0.048611 0.032986
7 0.662500 0.256424 0.040741 0.030903
7 0.662269 0.308160 0.039352 0.030903
7 0.715509 0.283854 0.037500 0.029514
7 0.714815 0.331424 0.038889 0.028819
7 0.793750 0.323611 0.034722 0.027083
7 0.794213 0.367188 0.032870 0.026736
7 0.831944 0.384028 0.032407 0.026389
7 0.866898 0.398438 0.032870 0.023958
7 0.762037 0.422743 0.026852 0.021875
7 0.589120 0.370833 0.033796 0.027083
7 0.531944 0.351389 0.037963 0.028472
7 0.316435 0.274826 0.049537 0.037153
7 0.206713 0.237500 0.051389 0.039583
7 0.596759 0.179514 0.040741 0.045139
7 0.965972 0.212153 0.029167 0.035417
7 0.555556 0.153299 0.032407 0.030903
7 0.848380 0.107118 0.036574 0.035764
7 0.980787 0.090278 0.038426 0.037500
8 0.321065 0.565972 0.020833 0.075694
