11 0.135880 0.565104 0.215278 0.191319
4 0.823611 0.381597 0.119444 0.152778
4 0.757407 0.390625 0.112037 0.150000
4 0.383796 0.445312 0.071296 0.094097
4 0.357870 0.445833 0.064815 0.086111
4 0.335417 0.450000 0.059722 0.081250
3 0.860880 0.143750 0.097685 0.163194
3 0.747685 0.181771 0.087037 0.139931
3 0.654861 0.216493 0.081019 0.127431
3 0.346528 0.330903 0.055093 0.077778
2 0.353704 0.264931 0.100000 0.091667
2 0.674769 0.115451 0.146759 0.138542
1 0.254167 0.340972 0.051852 0.073611
1 0.518519 0.450694 0.027778 0.045833
1 0.544676 0.447743 0.027315 0.045486
1 0.568750 0.446528 0.031944 0.048611
1 0.617130 0.441493 0.034259 0.051736
7 0.522454 0.442188 0.018056 0.014236
7 0.521991 0.461806 0.016204 0.013194
7 0.548843 0.439410 0.017130 0.012847
7 0.546296 0.459896 0.015741 0.012847
7 0.575000 0.435590 0.016667 0.014236
7 0.572222 0.457639 0.019444 0.013194
7 0.578472 0.476910 0.018056 0.012153
7 0.879398 0.173611 0.061574 0.049306
7 0.764815 0.213021 0.053704 0.044792
7 0.668981 0.244444 0.047222 0.040278
7 0.388194 0.251563 0.032870 0.026736
7 0.352778 0.269444 0.026852 0.025694
7 0.375231 0.297917 0.028241 0.025694
7 0.358796 0.343056 0.028704 0.025000
7 0.261574 0.359722 0.027778 0.020833
7 0.191667 0.429861 0.025926 0.018056
7 0.894676 0.019618 0.053241 0.038542
7 0.788194 0.059549 0.052315 0.039236
7 0.438194 0.213715 0.039352 0.044097
7 0.192824 0.332986 0.022685 0.021528
7 0.561111 0.287153 0.026852 0.027778
7 0.581019 0.408681 0.018519 0.017361
7 0.601620 0.374479 0.017130 0.019097
10 0.551852 0.536632 0.075926 0.053125
