12 0.360590 0.167361 0.121875 0.174537
12 0.194618 0.218981 0.090625 0.136111
12 0.042882 0.280324 0.085069 0.123611
10 0.910590 0.460648 0.178819 0.202778
10 0.588194 0.481944 0.146528 0.157407
10 0.359896 0.497454 0.119097 0.132870
3 0.961632 0.130556 0.067014 0.195370
3 0.847222 0.156944 0.060417 0.177778
3 0.751389 0.183102 0.064583 0.173611
3 0.596354 0.223148 0.055208 0.153704
3 0.524653 0.242361 0.051389 0.143056
3 0.457986 0.258102 0.046528 0.138426
3 0.113194 0.347685 0.035417 0.100000
2 0.618229 0.140046 0.071181 0.142130
2 0.782118 0.090972 0.069792 0.161574
2 0.884028 0.073843 0.077778 0.146759
1 0.977951 0.329167 0.032292 0.108333
1 0.909896 0.335880 0.029514 0.106019
7 0.912500 0.316435 0.021528 0.026389
7 0.911806 0.363426 0.022917 0.025926
7 0.980556 0.305787 0.023611 0.029167
7 0.980035 0.354861 0.023958 0.028241
7 0.965625 0.182407 0.037500 0.050926
7 0.899132 0.033565 0.039236 0.050463
7 0.852604 0.208333 0.035069 0.048148
7 0.797049 0.068519 0.035764 0.047222
7 0.753993 0.231713 0.035764 0.045833
7 0.776389 0.150231 0.031944 0.046759
7 0.694271 0.182407 0.028819 0.040741
7 0.636806 0.116898 0.030556 0.043056
7 0.603472 0.263889 0.029861 0.041667
7 0.530556 0.280556 0.026389 0.037037
7 0.496701 0.163657 0.025347 0.038426
7 0.464410 0.295139 0.028125 0.035648
7 0.482465 0.232407 0.023958 0.033333
7 0.364063 0.173843 0.023958 0.030093
7 0.260764 0.340741 0.021528 0.028704
7 0.116146 0.369676 0.020486 0.026389
7 0.249826 0.246296 0.051042 0.060185
7 0.032986 0.010880 0.024306 0.020833
7 0.114583 0.028009 0.025000 0.031019
7 0.190278 0.052315 0.022222 0.030556
7 0.050868 0.121759 0.021181 0.025000
7 0.355382 0.106019 0.021181 0.023148
7 0.613542 0.052546 0.023611 0.029167
7 0.551910 0.027778 0.023958 0.029630
7 0.670833 0.075926 0.022917 0.026852
7 0.931597 0.250000 0.021528 0.025000
7 0.993403 0.238426 0.013194 0.025926
8 0.505208 0.605093 0.006250 0.046296
8 0.516146 0.605324 0.005903 0.045833
8 0.510938 0.605787 0.005208 0.045833
13 0.323264 0.359954 0.023611 0.044907
