10 0.144907 0.705208 0.205556 0.129167
10 0.671759 0.708854 0.205556 0.117014
1 0.020602 0.477778 0.040278 0.111111
1 0.165509 0.481597 0.049537 0.112500
1 0.309491 0.490972 0.041204 0.108333
1 0.550463 0.500000 0.041667 0.105556
1 0.680787 0.507292 0.042130 0.106944
1 0.813889 0.512674 0.044444 0.106597
7 0.021065 0.458681 0.041204 0.031944
7 0.018056 0.509201 0.035185 0.032986
7 0.168287 0.465104 0.043056 0.032292
7 0.163657 0.514236 0.043981 0.031944
7 0.311111 0.471875 0.037963 0.030556
7 0.308102 0.519792 0.038426 0.032639
7 0.549074 0.483333 0.037963 0.031250
7 0.549537 0.530208 0.039815 0.030556
7 0.680324 0.489063 0.039352 0.029514
7 0.680787 0.536111 0.040278 0.030556
7 0.810417 0.495486 0.038426 0.029167
7 0.813426 0.541493 0.040741 0.028819
7 0.052778 0.558854 0.041667 0.029514
7 0.191898 0.563021 0.036574 0.030208
7 0.172222 0.401736 0.042593 0.040972
7 0.512500 0.141493 0.061111 0.067014
7 0.481481 0.200347 0.052778 0.061111
7 0.454861 0.250174 0.048611 0.055903
7 0.195602 0.083854 0.037500 0.029514
13 0.974537 0.470313 0.050926 0.073958
7 0.475463 0.691146 0.031481 0.035069
7 0.548148 0.696701 0.031481 0.033681
9 0.498380 0.730382 0.032870 0.062847
9 0.571759 0.728993 0.033333 0.058681
7 0.628704 0.695139 0.030556 0.029861
8 0.537037 0.768576 0.022222 0.090625
