10 0.867593 0.562326 0.264815 0.196875
10 0.605556 0.602951 0.182407 0.130208
10 0.452083 0.624826 0.137500 0.098958
1 0.898843 0.197743 0.106944 0.171181
1 0.793750 0.254514 0.090278 0.151389
1 0.709491 0.302257 0.081019 0.138542
1 0.595833 0.362674 0.064815 0.117014
1 0.546528 0.390278 0.058796 0.107639
1 0.503704 0.413368 0.056481 0.098958
1 0.442130 0.446007 0.058333 0.088542
7 0.917824 0.168229 0.067130 0.051042
7 0.915509 0.244792 0.064352 0.051389
7 0.810185 0.226736 0.058333 0.045833
7 0.806019 0.296354 0.057407 0.044097
7 0.724074 0.275868 0.048148 0.041319
7 0.719676 0.336806 0.047685 0.040278
7 0.607870 0.341146 0.038889 0.033681
7 0.603704 0.391840 0.037963 0.032986
7 0.558102 0.369444 0.035648 0.030556
7 0.553241 0.417882 0.034259 0.030208
7 0.515972 0.392882 0.031944 0.028125
7 0.510880 0.437674 0.035648 0.028819
7 0.453935 0.427778 0.031944 0.025694
7 0.449537 0.468056 0.033333 0.026389
7 0.908796 0.381076 0.056481 0.042014
7 0.646296 0.469444 0.038889 0.029167
13 0.079861 0.439063 0.050463 0.053125
13 0.179167 0.448090 0.044444 0.051042
13 0.275231 0.457292 0.043981 0.049306
7 0.570139 0.055729 0.051389 0.067014
7 0.411806 0.030556 0.048611 0.060417
7 0.242130 0.017014 0.050926 0.033333
7 0.165972 0.188715 0.039352 0.050347
7 0.292824 0.206250 0.037500 0.047917
7 0.411806 0.223264 0.037500 0.046528
7 0.629861 0.297049 0.042130 0.042708
7 0.483333 0.388889 0.034259 0.031944
7 0.319444 0.320833 0.030556 0.036806
7 0.222222 0.307986 0.027778 0.036806
7 0.121759 0.296354 0.031481 0.037847
7 0.926157 0.116493 0.054167 0.059375
6 0.684491 0.024132 0.074537 0.037153
