7 0.588542 0.137731 0.052778 0.060648
7 0.708160 0.187037 0.052431 0.053704
7 0.650868 0.165046 0.051736 0.058796
7 0.991319 0.344676 0.017361 0.056944
7 0.980382 0.288657 0.037153 0.044907
12 0.324132 0.049537 0.101736 0.098148
12 0.282292 0.443519 0.041667 0.034259
6 0.487326 0.336111 0.022569 0.025000
6 0.530556 0.344907 0.023611 0.022222
6 0.570833 0.354398 0.019444 0.026389
8 0.272049 0.561343 0.012153 0.049537
8 0.353472 0.550926 0.007639 0.044444
8 0.446354 0.548148 0.008681 0.036111
8 0.438542 0.551389 0.007639 0.037037
7 0.250000 0.447222 0.012500 0.031481
7 0.262500 0.435880 0.014583 0.032870
7 0.345313 0.418981 0.032986 0.067593
7 0.418576 0.430093 0.039236 0.062037
7 0.521701 0.444444 0.034375 0.056481
7 0.579861 0.452546 0.036111 0.056019
7 0.883681 0.491898 0.031250 0.047685
7 0.915972 0.492361 0.029861 0.041204
7 0.963715 0.499074 0.030208 0.039815
7 0.987674 0.503009 0.024653 0.038426
7 0.950347 0.357176 0.027778 0.049537
7 0.797917 0.233333 0.034722 0.063889
7 0.751910 0.259491 0.032292 0.061574
7 0.709722 0.282407 0.027778 0.053704
7 0.439410 0.456944 0.015625 0.022222
7 0.405729 0.482176 0.019792 0.020833
