7 0.115741 0.689360 0.024471 0.017113
7 0.117560 0.719866 0.023479 0.016617
1 0.118386 0.698289 0.033730 0.066220
7 0.060020 0.684028 0.029431 0.019345
7 0.062665 0.716270 0.028770 0.019345
1 0.062996 0.692212 0.038029 0.068452
7 0.049934 0.748636 0.025132 0.017113
7 0.100529 0.751116 0.024471 0.016617
7 0.123016 0.642733 0.017196 0.015625
7 0.073743 0.643477 0.025132 0.017113
7 0.075066 0.599826 0.022487 0.017113
7 0.009590 0.609499 0.018519 0.015129
7 0.054729 0.528770 0.030093 0.018353
7 0.248016 0.701017 0.018519 0.015625
7 0.252646 0.731399 0.022487 0.016369
1 0.251653 0.711682 0.031746 0.057788
7 0.396495 0.601687 0.017857 0.016865
7 0.236607 0.366567 0.045966 0.031746
7 0.319114 0.396577 0.041667 0.028274
7 0.393188 0.424355 0.035714 0.030754
7 0.553571 0.486111 0.033069 0.025794
7 0.596396 0.501984 0.029431 0.023313
7 0.557705 0.574157 0.028770 0.024306
7 0.514385 0.560020 0.023479 0.024802
7 0.263062 0.492808 0.034722 0.032738
7 0.329200 0.415427 0.043320 0.031250
7 0.405589 0.443824 0.037368 0.028522
7 0.474537 0.467510 0.041667 0.029266
7 0.466601 0.519717 0.042989 0.027530
7 0.393519 0.499008 0.035053 0.029266
7 0.310847 0.474702 0.031085 0.030258
7 0.306878 0.531374 0.041667 0.037946
7 0.393519 0.553571 0.032407 0.036706
7 0.466931 0.570188 0.039683 0.032242
3 0.482804 0.548363 0.082672 0.087798
2 0.519015 0.498264 0.116733 0.086806
2 0.453208 0.472966 0.125992 0.080357
3 0.412368 0.530506 0.074074 0.097718
2 0.376323 0.443452 0.141534 0.087302
3 0.322751 0.505208 0.073413 0.095238
11 0.780919 0.822917 0.285384 0.332837
4 0.311839 0.699281 0.082011 0.156498
4 0.360450 0.708953 0.082011 0.156498
4 0.422619 0.712674 0.082011 0.156498
13 0.563327 0.688492 0.035384 0.033730
10 0.267857 0.831349 0.084656 0.060516
10 0.079696 0.841518 0.114418 0.080853
