4 0.620833 0.871065 0.113889 0.257870
4 0.703125 0.891435 0.084722 0.217130
4 0.780903 0.906019 0.085417 0.187963
12 0.073264 0.940278 0.083333 0.117593
12 0.181250 0.948843 0.075000 0.102315
1 0.322743 0.203472 0.095486 0.303241
1 0.076042 0.106944 0.107639 0.212963
1 0.616840 0.390509 0.126736 0.283796
1 0.740104 0.468750 0.114931 0.259722
1 0.841667 0.534491 0.110417 0.238426
0 0.561458 0.667593 0.208333 0.310185
7 0.502951 0.770833 0.069097 0.103704
7 0.494618 0.627778 0.069097 0.103704
7 0.627083 0.690046 0.047222 0.063426
7 0.590278 0.569676 0.049306 0.060648
7 0.600000 0.469676 0.055556 0.081944
7 0.587500 0.362731 0.054861 0.077315
7 0.706597 0.442361 0.046528 0.072685
7 0.722396 0.542130 0.048264 0.067593
7 0.811285 0.508796 0.049653 0.066667
7 0.826389 0.603935 0.046528 0.068056
7 0.005903 0.928472 0.011111 0.044907
7 0.118576 0.948611 0.034375 0.038889
7 0.228299 0.966667 0.028125 0.034259
7 0.247569 0.066898 0.061806 0.072685
7 0.514236 0.262963 0.053472 0.066667
7 0.314410 0.294907 0.074653 0.106481
7 0.312326 0.168519 0.071181 0.098148
7 0.073611 0.150231 0.088889 0.111574
7 0.081424 0.032870 0.094097 0.064815
