13 0.036285 0.539583 0.071875 0.076389
13 0.079514 0.662269 0.063889 0.086574
6 0.536285 0.638426 0.030208 0.087037
6 0.596007 0.622917 0.030903 0.057870
6 0.888021 0.684028 0.044097 0.108796
1 0.128993 0.805787 0.101736 0.117130
1 0.173958 0.827315 0.109722 0.127778
1 0.228125 0.850694 0.105556 0.141204
1 0.327083 0.911343 0.128472 0.165278
1 0.407465 0.928704 0.137847 0.142593
7 0.168750 0.335417 0.032639 0.043056
7 0.210764 0.454398 0.032639 0.043056
7 0.255556 0.569676 0.032639 0.043056
7 0.296354 0.825694 0.037847 0.047685
7 0.348438 0.837963 0.030903 0.038889
7 0.548958 0.934491 0.048611 0.053241
7 0.538021 0.971528 0.053125 0.056944
7 0.444618 0.933565 0.046181 0.062500
7 0.388194 0.975231 0.048611 0.049537
7 0.367535 0.895602 0.042014 0.060648
7 0.313368 0.947685 0.046181 0.062037
7 0.259549 0.846065 0.041319 0.051389
7 0.207465 0.889120 0.042708 0.056944
7 0.207118 0.822685 0.039236 0.050000
7 0.159201 0.863194 0.037847 0.051389
7 0.115451 0.837037 0.035069 0.046296
7 0.159549 0.800463 0.035069 0.046296
7 0.357465 0.300000 0.042014 0.053704
7 0.410069 0.450926 0.036111 0.052778
7 0.455556 0.594444 0.036111 0.052778
