1 0.033681 0.254398 0.066667 0.209722
2 0.640278 0.142593 0.061806 0.218519
2 0.304514 0.172685 0.090972 0.198148
2 0.466146 0.168056 0.066319 0.219444
2 0.964063 0.117130 0.071875 0.218519
3 0.559375 0.257407 0.061806 0.248148
1 0.617014 0.594676 0.034722 0.126389
3 0.394792 0.266898 0.061111 0.240278
1 0.705208 0.595602 0.034722 0.131944
1 0.105903 0.590741 0.040972 0.121296
3 0.236979 0.277315 0.059375 0.237037
1 0.034722 0.594907 0.039583 0.119444
3 0.884549 0.230324 0.062153 0.265278
4 0.010937 0.779861 0.021181 0.127315
4 0.041840 0.780556 0.037847 0.125000
4 0.621354 0.798380 0.044097 0.143056
4 0.569097 0.796991 0.043056 0.142130
7 0.643576 0.133333 0.052431 0.072222
7 0.024132 0.313194 0.045486 0.067130
7 0.563021 0.336343 0.053125 0.071759
7 0.240451 0.349769 0.048958 0.066204
7 0.548785 0.504167 0.025347 0.050926
7 0.075000 0.506250 0.022222 0.048611
7 0.628472 0.506250 0.024306 0.045833
7 0.010417 0.507176 0.020139 0.048611
7 0.711111 0.506944 0.024306 0.037037
8 0.702083 0.899769 0.013889 0.043981
10 0.433681 0.696296 0.238194 0.270370
11 0.948438 0.913657 0.103125 0.172685
4 0.674479 0.801620 0.045486 0.139352
4 0.084201 0.779398 0.042014 0.119907
12 0.306771 0.699306 0.035764 0.069907
12 0.631424 0.711574 0.024653 0.056481
12 0.698958 0.714583 0.025694 0.058796
9 0.257118 0.752778 0.019792 0.053704
9 0.692535 0.773148 0.014236 0.054630
5 0.867014 0.602083 0.039583 0.141204
5 0.963715 0.605093 0.042708 0.141667
8 0.717187 0.901389 0.014931 0.041667
8 0.433681 0.865741 0.011111 0.074074
8 0.448090 0.867824 0.010764 0.072685
8 0.418576 0.862963 0.014236 0.074074
8 0.389931 0.858565 0.010417 0.068981
8 0.374306 0.860880 0.011806 0.068056
8 0.360069 0.859028 0.009722 0.071759
8 0.350000 0.859954 0.020139 0.078241
8 0.328125 0.862269 0.013889 0.070833
8 0.315451 0.859722 0.012847 0.071296
8 0.301910 0.858796 0.012847 0.073148
7 0.286285 0.698148 0.019792 0.041667
7 0.861806 0.501389 0.026389 0.046296
7 0.953819 0.503472 0.028472 0.043981
7 0.963194 0.631481 0.034028 0.038889
7 0.961979 0.571296 0.030208 0.037037
7 0.866493 0.630093 0.030208 0.037037
7 0.866840 0.573148 0.030208 0.037037
7 0.065104 0.193750 0.032986 0.044907
7 0.012153 0.129398 0.023611 0.049537
7 0.319618 0.158565 0.048958 0.066204
7 0.397917 0.344213 0.050694 0.068981
7 0.475000 0.143750 0.048611 0.068981
7 0.403993 0.100463 0.036458 0.049074
7 0.345313 0.104398 0.030208 0.051389
7 0.367361 0.022685 0.039583 0.044444
7 0.300174 0.022685 0.039931 0.044444
7 0.884028 0.319213 0.055556 0.078241
7 0.962500 0.101620 0.055556 0.078241
