11 0.428571 0.340608 0.067460 0.157407
13 0.545511 0.171131 0.023065 0.043320
13 0.586310 0.173611 0.021825 0.041667
13 0.628224 0.175595 0.020337 0.041005
10 0.939484 0.223710 0.090774 0.118717
10 0.845734 0.252811 0.063492 0.096892
10 0.778894 0.270668 0.053323 0.083003
10 0.733507 0.283896 0.038938 0.069114
10 0.693824 0.296131 0.036458 0.067130
1 0.843874 0.058697 0.038938 0.092923
1 0.778522 0.105985 0.033730 0.081680
1 0.729787 0.143519 0.026538 0.068783
1 0.692708 0.171958 0.022321 0.066138
7 0.939732 0.020833 0.042659 0.036376
7 0.845362 0.087632 0.032490 0.025132
7 0.844618 0.041171 0.035962 0.032077
7 0.778026 0.131614 0.032242 0.024471
7 0.777530 0.092097 0.031746 0.022817
7 0.729663 0.164021 0.026290 0.022487
7 0.729167 0.129795 0.024306 0.020833
7 0.693824 0.159722 0.017113 0.015212
0 0.376860 0.047123 0.133185 0.093585
