13 0.123760 0.465939 0.021825 0.044974
13 0.166171 0.472057 0.019841 0.041336
13 0.209573 0.480655 0.022817 0.037368
10 0.818080 0.514716 0.170883 0.183532
10 0.625744 0.546627 0.116567 0.132937
10 0.500992 0.572090 0.080357 0.113095
10 0.417287 0.583168 0.059772 0.094907
10 0.354539 0.592097 0.053323 0.082341
10 0.308904 0.600198 0.039931 0.069444
7 0.857019 0.188492 0.051835 0.053571
7 0.859003 0.103836 0.057292 0.054233
7 0.790799 0.149140 0.048363 0.050265
7 0.786954 0.225033 0.050099 0.049272
7 0.724826 0.258763 0.047867 0.041336
7 0.731151 0.186508 0.046131 0.044974
7 0.639261 0.306217 0.040923 0.041667
7 0.643725 0.242560 0.037946 0.043320
7 0.597718 0.328373 0.034226 0.039021
7 0.601190 0.268022 0.033234 0.041336
7 0.512029 0.327877 0.028522 0.030093
7 0.508681 0.379795 0.030754 0.034722
7 0.424851 0.427910 0.023810 0.028439
7 0.425595 0.382275 0.025794 0.033069
1 0.852803 0.137235 0.072173 0.192460
1 0.783482 0.179894 0.065972 0.177910
1 0.723462 0.218585 0.065972 0.162698
1 0.638517 0.272983 0.059772 0.149140
1 0.595486 0.294643 0.050099 0.136243
1 0.506076 0.351852 0.047867 0.124339
1 0.476066 0.366567 0.033978 0.115410
1 0.421999 0.400959 0.035962 0.099537
1 0.359871 0.439319 0.030754 0.090278
1 0.311508 0.465443 0.029762 0.077712
7 0.215526 0.216601 0.018849 0.044974
7 0.264509 0.119048 0.020089 0.025794
7 0.337674 0.137070 0.022073 0.026124
7 0.410838 0.153770 0.021577 0.031746
