12 0.221991 0.202951 0.269907 0.253125
12 0.496528 0.325694 0.279167 0.209028
12 0.721991 0.427778 0.243981 0.173611
9 0.086806 0.249306 0.125463 0.173611
9 0.707870 0.510938 0.090741 0.130903
9 0.918056 0.595139 0.079630 0.121528
7 0.399306 0.144271 0.097685 0.076042
7 0.681944 0.300521 0.087037 0.062847
7 0.893750 0.412326 0.079167 0.058681
7 0.306944 0.657292 0.077778 0.059722
7 0.535185 0.717535 0.063889 0.051736
7 0.857176 0.783507 0.071759 0.053819
8 0.024769 0.783333 0.048611 0.222917
8 0.181713 0.801736 0.059722 0.177778
8 0.249769 0.814063 0.056019 0.176042
8 0.314352 0.826562 0.050926 0.167708
8 0.442824 0.856597 0.043981 0.177083
8 0.496528 0.860764 0.046759 0.156944
8 0.546296 0.867882 0.042593 0.151042
8 0.585417 0.811458 0.055093 0.239583
