1 0.050174 0.199306 0.099653 0.397685
1 0.554340 0.360880 0.134375 0.363426
1 0.767535 0.435185 0.142014 0.333333
1 0.940104 0.500694 0.119792 0.317130
7 0.041493 0.148843 0.082292 0.121759
7 0.045139 0.333796 0.089583 0.126852
7 0.524653 0.324537 0.075000 0.102778
7 0.549132 0.484954 0.080208 0.105093
7 0.732292 0.399769 0.068056 0.097685
7 0.763194 0.552546 0.075694 0.098611
7 0.915799 0.462963 0.064931 0.088889
7 0.947569 0.603009 0.069444 0.092130
7 0.816146 0.819907 0.063542 0.076852
7 0.633333 0.781019 0.065278 0.094444
7 0.430729 0.746065 0.069792 0.093056
