8 0.320106 0.340650 0.018519 0.131696
8 0.305390 0.338046 0.023479 0.137897
8 0.333003 0.341642 0.018519 0.131696
8 0.354828 0.351314 0.019180 0.113343
8 0.364418 0.353919 0.017196 0.108135
8 0.375000 0.356275 0.017196 0.101935
8 0.393022 0.360739 0.019511 0.095982
8 0.553075 0.367312 0.016865 0.099206
7 0.353671 0.243428 0.034722 0.033978
7 0.391369 0.268973 0.032738 0.027530
7 0.470073 0.276538 0.039352 0.032242
7 0.488095 0.314484 0.028439 0.024802
9 0.543981 0.176959 0.050265 0.074653
9 0.595899 0.234871 0.035053 0.061508
9 0.619709 0.257937 0.031746 0.058036
9 0.666667 0.293899 0.023148 0.049603
9 0.689815 0.323413 0.019841 0.042659
12 0.508598 0.085938 0.158730 0.091518
7 0.622354 0.118924 0.044312 0.038938
7 0.660384 0.186136 0.033730 0.025050
7 0.640873 0.155382 0.043651 0.032490
1 0.680225 0.448289 0.023810 0.049851
1 0.737434 0.452009 0.023148 0.045883
1 0.793320 0.455977 0.023148 0.045883
1 0.895503 0.461930 0.023148 0.045883
7 0.679894 0.446181 0.019180 0.017361
7 0.736442 0.451141 0.019180 0.017361
7 0.794643 0.452629 0.019180 0.017361
7 0.894511 0.456597 0.019180 0.017361
7 0.666501 0.456721 0.017526 0.011161
7 0.708168 0.459945 0.020833 0.016121
7 0.772983 0.463418 0.020833 0.016121
7 0.816964 0.464410 0.020833 0.016121
7 0.885417 0.466146 0.020833 0.016121
7 0.927414 0.467138 0.020833 0.016121
