7 0.964534 0.158730 0.046627 0.068122
7 0.892113 0.140212 0.046627 0.068122
9 0.897321 0.292163 0.013393 0.021495
9 0.861607 0.284888 0.013393 0.021495
9 0.974702 0.305390 0.013393 0.021495
7 0.801587 0.391204 0.020337 0.024471
7 0.861855 0.396660 0.015873 0.024802
7 0.356151 0.330357 0.024802 0.029762
7 0.271329 0.320437 0.024802 0.029762
7 0.436508 0.342593 0.024802 0.029762
7 0.337550 0.353175 0.016369 0.017857
7 0.311384 0.372851 0.016121 0.022817
7 0.365203 0.338790 0.014137 0.022156
7 0.093130 0.296958 0.021081 0.024471
7 0.170511 0.189153 0.015625 0.023810
1 0.113343 0.550099 0.025298 0.098214
1 0.240823 0.559689 0.025298 0.098214
1 0.346354 0.566799 0.023065 0.090608
1 0.403646 0.563988 0.019593 0.088294
7 0.111979 0.533399 0.018105 0.022487
7 0.111235 0.574901 0.018601 0.024802
7 0.242436 0.541501 0.018601 0.024802
7 0.242188 0.579200 0.018601 0.024802
7 0.347098 0.586144 0.017113 0.024140
7 0.347346 0.548446 0.018601 0.024802
7 0.403894 0.550761 0.018601 0.024802
7 0.405630 0.586475 0.018601 0.024802
7 0.220486 0.443618 0.015377 0.018188
7 0.238591 0.427745 0.015377 0.018188
7 0.167163 0.482308 0.015377 0.018188
6 0.096602 0.177910 0.013145 0.017857
6 0.091642 0.184524 0.013145 0.017857
6 0.154390 0.190807 0.013145 0.017857
6 0.160342 0.185516 0.013145 0.017857
6 0.214658 0.206680 0.013145 0.017857
6 0.219370 0.200728 0.013145 0.017857
6 0.318824 0.227513 0.013145 0.017857
6 0.320809 0.220569 0.013145 0.017857
6 0.370908 0.237103 0.013145 0.017857
6 0.375124 0.232143 0.013145 0.017857
6 0.423983 0.244378 0.018105 0.026455
9 0.336434 0.187004 0.014633 0.028108
9 0.369172 0.191303 0.014633 0.022817
9 0.419023 0.201224 0.014633 0.022817
9 0.524678 0.222718 0.014633 0.022817
9 0.554688 0.228009 0.014633 0.022817
9 0.600570 0.235615 0.014633 0.022817
6 0.509673 0.258102 0.016369 0.022817
6 0.554688 0.267857 0.017609 0.024471
6 0.597098 0.273975 0.010169 0.013558
12 0.620040 0.375992 0.050595 0.085317
12 0.564484 0.371362 0.050595 0.085317
12 0.506696 0.368056 0.048115 0.076058
12 0.696677 0.378803 0.021825 0.026124
12 0.673239 0.402447 0.016617 0.019841
1 0.722470 0.467923 0.029762 0.116402
7 0.719618 0.442130 0.021081 0.028439
7 0.720362 0.491071 0.021081 0.028439
1 0.589038 0.459656 0.029266 0.098545
7 0.587302 0.478340 0.021825 0.030093
7 0.595610 0.562169 0.016617 0.021825
7 0.546751 0.558532 0.016617 0.021825
7 0.589534 0.613591 0.034226 0.047950
7 0.626488 0.608962 0.034226 0.047950
7 0.695437 0.585152 0.034226 0.047950
7 0.745660 0.572917 0.040923 0.049934
7 0.898686 0.532077 0.049851 0.054233
6 0.986359 0.340278 0.014385 0.019180
6 0.860987 0.319610 0.015129 0.021495
7 0.605903 0.302083 0.045139 0.055886
7 0.568452 0.325893 0.045139 0.055886
7 0.525670 0.352183 0.038442 0.049603
7 0.408854 0.462963 0.016121 0.019180
