12 0.864236 0.353241 0.052778 0.050926
1 0.538194 0.534722 0.032639 0.095370
1 0.593924 0.533102 0.030208 0.086574
1 0.657813 0.534491 0.031597 0.085648
1 0.405382 0.534491 0.035764 0.078241
1 0.325694 0.534491 0.031250 0.074537
1 0.280729 0.534259 0.031597 0.061111
1 0.240799 0.532407 0.030208 0.062963
7 0.017188 0.093519 0.033681 0.059259
7 0.200521 0.226852 0.043403 0.063889
7 0.253472 0.423380 0.020833 0.023611
7 0.276736 0.434259 0.018056 0.023148
7 0.299653 0.442824 0.017361 0.019907
7 0.398785 0.468981 0.016319 0.023148
7 0.425694 0.467593 0.016667 0.023148
7 0.453993 0.467361 0.017708 0.022685
7 0.531944 0.425926 0.017361 0.022222
7 0.499653 0.400000 0.020139 0.023148
7 0.668056 0.455093 0.019444 0.024074
7 0.706771 0.453009 0.020486 0.026389
7 0.747222 0.450694 0.019444 0.028241
7 0.841319 0.557639 0.022222 0.028241
7 0.709375 0.555787 0.020833 0.027315
1 0.783160 0.530093 0.031597 0.112037
7 0.556424 0.555093 0.017708 0.023148
7 0.446528 0.554398 0.020139 0.021759
7 0.395139 0.553704 0.015972 0.020370
7 0.364757 0.552778 0.015625 0.016667
7 0.316667 0.553472 0.013194 0.019907
7 0.242361 0.527546 0.020139 0.024537
7 0.282292 0.527546 0.020139 0.026389
7 0.325000 0.526620 0.020139 0.026389
7 0.405208 0.524306 0.020139 0.026389
7 0.536632 0.521759 0.022569 0.028704
7 0.594618 0.521759 0.022569 0.028704
7 0.659722 0.520602 0.025000 0.032870
7 0.784028 0.518750 0.027778 0.034722
