0 0.666840 0.490509 0.166319 0.248611
0 0.526563 0.465509 0.165625 0.272685
0 0.786979 0.523148 0.164931 0.233333
5 0.185938 0.395602 0.149653 0.343056
7 0.176736 0.479630 0.079861 0.104630
1 0.290278 0.907407 0.088194 0.185185
7 0.292708 0.881481 0.061806 0.092593
7 0.152257 0.349537 0.073958 0.103704
7 0.482812 0.432639 0.062847 0.080093
7 0.511285 0.540278 0.062847 0.081481
7 0.651215 0.562963 0.057986 0.078704
7 0.618750 0.468056 0.052083 0.068519
7 0.735938 0.496065 0.048264 0.067130
7 0.769271 0.589352 0.051736 0.070370
7 0.072917 0.251389 0.070833 0.084259
7 0.392361 0.350000 0.056944 0.069444
7 0.527431 0.389352 0.049306 0.068519
7 0.640799 0.420833 0.047569 0.056481
