10 0.749074 0.810069 0.293519 0.194444
10 0.452778 0.872743 0.187037 0.144097
10 0.270833 0.902604 0.149074 0.107292
1 0.960648 0.328993 0.078704 0.194097
1 0.732870 0.457118 0.096296 0.156597
1 0.630787 0.511979 0.085648 0.141319
1 0.549306 0.556944 0.078241 0.131250
1 0.431944 0.618229 0.061111 0.114236
1 0.375231 0.648090 0.055093 0.107986
1 0.329167 0.673958 0.057407 0.103472
1 0.258333 0.710243 0.055556 0.094097
13 0.073380 0.732118 0.045833 0.053819
7 0.744907 0.428646 0.059259 0.046181
7 0.747454 0.498437 0.061574 0.046181
7 0.640046 0.485243 0.052315 0.039236
7 0.643750 0.549306 0.054167 0.040972
7 0.555556 0.531424 0.048148 0.037847
7 0.557176 0.590451 0.050463 0.039236
7 0.438657 0.594965 0.037500 0.031597
7 0.438426 0.647569 0.037963 0.031944
7 0.385417 0.625174 0.035648 0.028819
7 0.382870 0.674479 0.035185 0.031597
7 0.338657 0.698264 0.032870 0.027778
7 0.338657 0.651215 0.034722 0.030208
7 0.269213 0.689063 0.032870 0.026736
7 0.266898 0.732292 0.031944 0.027083
7 0.845139 0.590972 0.055093 0.046528
7 0.740972 0.629340 0.052315 0.037153
7 0.477778 0.726215 0.035185 0.029514
7 0.065509 0.289410 0.049537 0.037847
7 0.234028 0.318403 0.047685 0.032639
7 0.100000 0.484201 0.036111 0.026736
7 0.224769 0.497743 0.036574 0.029514
7 0.117361 0.592882 0.031019 0.023958
7 0.016898 0.583333 0.031019 0.026389
7 0.387731 0.341319 0.045833 0.035417
7 0.451157 0.554514 0.036574 0.039583
7 0.498611 0.527083 0.032407 0.028472
7 0.295139 0.647743 0.032870 0.034375
7 0.720139 0.395313 0.043056 0.034375
6 0.475463 0.301563 0.069444 0.032292
6 0.509954 0.250000 0.058796 0.028472
6 0.779861 0.029861 0.097685 0.050000
12 0.914352 0.875174 0.065741 0.057986
