4 0.864120 0.291146 0.144907 0.211458
4 0.720139 0.306771 0.141204 0.201042
4 0.592824 0.322569 0.132870 0.188889
3 0.418287 0.087847 0.103241 0.175000
1 0.466898 0.351910 0.040278 0.082292
1 0.312963 0.367014 0.038889 0.077083
1 0.190741 0.376736 0.040741 0.070833
1 0.129630 0.381944 0.038889 0.071528
1 0.067593 0.388368 0.037963 0.069792
7 0.433102 0.125347 0.066204 0.052083
7 0.626389 0.084201 0.081481 0.057292
7 0.302083 0.104167 0.036574 0.040278
7 0.470370 0.335590 0.029630 0.021875
7 0.469444 0.372222 0.029630 0.021528
7 0.468056 0.405035 0.026852 0.020486
7 0.317593 0.350868 0.026852 0.021875
7 0.317593 0.385937 0.026852 0.020486
7 0.197222 0.363021 0.027778 0.021181
7 0.196528 0.394792 0.027315 0.019444
7 0.212963 0.422743 0.024074 0.019097
7 0.153241 0.427257 0.024074 0.017708
7 0.134954 0.368403 0.024537 0.019444
7 0.131944 0.400521 0.026852 0.017014
7 0.073380 0.375868 0.025463 0.020486
7 0.072222 0.405208 0.023148 0.019444
10 0.156713 0.517535 0.131944 0.080903
12 0.094907 0.522049 0.039815 0.030903
12 0.250231 0.516667 0.036574 0.031944
12 0.320602 0.515972 0.034722 0.034028
12 0.522685 0.506424 0.037963 0.036458
7 0.482870 0.514583 0.021296 0.021528
7 0.822685 0.338542 0.037963 0.029861
7 0.463194 0.276736 0.025463 0.026389
7 0.205324 0.209201 0.032870 0.028819
7 0.133796 0.191146 0.030556 0.029514
7 0.053241 0.169965 0.030556 0.028819
7 0.138194 0.281771 0.022685 0.025347
7 0.193750 0.295312 0.021759 0.021181
6 0.015741 0.150694 0.030556 0.019444
6 0.159491 0.125694 0.043981 0.029167
6 0.215972 0.113194 0.043981 0.030556
