4 0.345370 0.671875 0.211111 0.331250
4 0.104630 0.686979 0.208333 0.319792
1 0.449769 0.144271 0.151389 0.276042
1 0.094444 0.185243 0.174074 0.263542
7 0.134954 0.172743 0.091204 0.075347
7 0.118750 0.269271 0.092130 0.076042
7 0.469676 0.137326 0.099537 0.071875
7 0.287037 0.451562 0.093519 0.068403
7 0.599306 0.427431 0.090278 0.073611
7 0.576389 0.771354 0.042593 0.061458
7 0.759954 0.760764 0.045833 0.070139
7 0.945139 0.754687 0.046759 0.067708
12 0.592593 0.786979 0.096296 0.099653
9 0.496065 0.872917 0.038426 0.073611
7 0.493981 0.978125 0.042593 0.033333
7 0.212500 0.095139 0.093519 0.112500
7 0.498843 0.061979 0.102315 0.114236
6 0.230324 0.713715 0.061574 0.021875
