6 0.344618 0.835813 0.028522 0.044643
12 0.966766 0.824405 0.066468 0.083333
7 0.038814 0.974537 0.030506 0.046296
7 0.738343 0.963294 0.062500 0.072090
9 0.029886 0.698413 0.022073 0.037698
9 0.081101 0.714451 0.022817 0.038690
7 0.986359 0.941138 0.027282 0.045635
6 0.028522 0.743552 0.035218 0.041997
1 0.045511 0.938161 0.044395 0.123677
12 0.029266 0.856812 0.057540 0.113757
1 0.195685 0.951554 0.041171 0.096892
7 0.031870 0.795304 0.062748 0.086640
12 0.084449 0.862930 0.063740 0.116071
7 0.528398 0.570106 0.078125 0.107143
7 0.617808 0.527778 0.097222 0.124339
7 0.446553 0.677414 0.063740 0.131944
7 0.081473 0.777282 0.067212 0.086971
7 0.727431 0.486111 0.109127 0.136243
7 0.379960 0.652778 0.066964 0.124339
7 0.513889 0.703373 0.068452 0.146825
