7 0.766335 0.576042 0.0326705 0.0395833
5 0.146307 0.454167 0.0852273 0.1375
7 0.821733 0.465625 0.0383523 0.0479167
1 0.767045 0.601042 0.0596591 0.13125
10 0.797585 0.854167 0.115057 0.145833
13 0.473011 0.808333 0.0397727 0.0583333
5 0.12571 0.367708 0.103693 0.14375
7 0.918324 0.355208 0.0497159 0.05625
7 0.90625 0.288542 0.0454545 0.05625
1 0.90625 0.317708 0.0880682 0.16875
7 0.829545 0.522917 0.0369318 0.0458333
5 0.0923295 0.261458 0.107955 0.147917
7 0.870739 0.446875 0.0454545 0.0520833
7 0.862926 0.383333 0.0440341 0.05
13 0.583807 0.811458 0.0340909 0.0520833
13 0.528409 0.811458 0.0340909 0.0520833
1 0.817472 0.489583 0.0667614 0.145833
10 0.933239 0.698958 0.133523 0.23125
1 0.860085 0.411458 0.0724432 0.15625
11 0.12429 0.814583 0.208807 0.358333
