1 0.833681 0.762269 0.102778 0.243056
1 0.929861 0.645602 0.120833 0.255093
1 0.711632 0.906019 0.085764 0.187963
6 0.565104 0.671065 0.028819 0.032870
6 0.461111 0.889583 0.027778 0.030093
7 0.282639 0.687731 0.036111 0.042130
7 0.395139 0.696991 0.036111 0.042130
7 0.501736 0.704861 0.036111 0.042130
7 0.652604 0.355787 0.046181 0.050463
7 0.661111 0.940278 0.040972 0.055556
7 0.717014 0.874537 0.040972 0.055556
7 0.727083 0.963426 0.040972 0.055556
7 0.853646 0.810648 0.060069 0.076852
7 0.839931 0.710417 0.052778 0.068981
7 0.935764 0.590509 0.057639 0.081019
7 0.954688 0.702315 0.060764 0.087963
6 0.857465 0.068981 0.057292 0.062963
7 0.738021 0.789583 0.031597 0.031019
7 0.946007 0.501389 0.037847 0.038889
