10 0.095569 0.672619 0.188492 0.103671
10 0.351521 0.689732 0.100529 0.086806
10 0.580522 0.702009 0.112765 0.070685
1 0.063657 0.482019 0.061177 0.112847
1 0.152447 0.496776 0.058862 0.104663
1 0.234788 0.511161 0.065476 0.098710
1 0.359458 0.533482 0.052910 0.091766
13 0.924107 0.561012 0.043981 0.048611
4 0.648313 0.507688 0.152447 0.193948
4 0.788029 0.531126 0.132275 0.183780
4 0.720899 0.516741 0.140873 0.188740
3 0.672123 0.227555 0.119378 0.203125
3 0.783896 0.284598 0.096892 0.176339
3 0.874504 0.321677 0.088294 0.167163
2 0.775628 0.162326 0.142526 0.170883
1 0.563161 0.576389 0.058201 0.070437
7 0.571594 0.042535 0.079034 0.084573
7 0.273479 0.197917 0.044974 0.048115
6 0.052249 0.121528 0.060847 0.032738
6 0.129630 0.151910 0.064153 0.030506
6 0.320933 0.217014 0.049934 0.023313
