4 0.947917 0.648264 0.104167 0.152778
4 0.844907 0.655382 0.112037 0.146875
4 0.754861 0.659375 0.105093 0.143056
3 0.927083 0.444792 0.079167 0.146528
3 0.773148 0.469965 0.071296 0.128819
3 0.634722 0.487847 0.069444 0.121528
2 0.676620 0.403993 0.117130 0.118403
2 0.821759 0.384028 0.112037 0.131944
2 0.130093 0.498437 0.105556 0.092708
3 0.106019 0.555729 0.060185 0.094792
3 0.039120 0.564583 0.056019 0.097222
1 0.678009 0.633854 0.038426 0.072569
1 0.545139 0.642882 0.034722 0.067014
1 0.440972 0.647049 0.036574 0.065625
1 0.390278 0.649306 0.035185 0.060417
1 0.337731 0.653646 0.034722 0.061458
4 0.132176 0.684201 0.077315 0.100347
4 0.086806 0.688021 0.076389 0.099653
4 0.047222 0.689583 0.074074 0.096528
7 0.165046 0.485069 0.034722 0.027778
7 0.117593 0.577257 0.032407 0.028819
7 0.051157 0.585069 0.031019 0.026389
7 0.984722 0.603819 0.030556 0.023611
7 0.679398 0.621007 0.027315 0.020486
7 0.678704 0.652257 0.027778 0.021181
7 0.676852 0.678125 0.025000 0.018750
7 0.549074 0.627778 0.025926 0.020139
7 0.546759 0.657813 0.025926 0.019792
7 0.447685 0.634028 0.023148 0.017361
7 0.444444 0.661632 0.023148 0.018403
7 0.395139 0.637500 0.023611 0.019444
7 0.391204 0.664236 0.025000 0.018056
7 0.403472 0.686458 0.021759 0.015972
7 0.453704 0.684896 0.024074 0.017708
7 0.343056 0.640451 0.022222 0.017708
7 0.340509 0.666840 0.024537 0.018403
7 0.276157 0.692014 0.022685 0.016667
7 0.201620 0.448264 0.045833 0.043750
7 0.132870 0.461806 0.045370 0.043056
7 0.349769 0.479340 0.031019 0.032986
7 0.411806 0.492708 0.030093 0.030556
7 0.466898 0.506250 0.025463 0.029861
7 0.401389 0.557292 0.025000 0.025694
7 0.446528 0.567014 0.020833 0.025000
7 0.154630 0.596007 0.021296 0.020486
10 0.402546 0.769792 0.110648 0.072222
12 0.344676 0.765799 0.037500 0.027431
12 0.484028 0.766493 0.043056 0.030208
12 0.540046 0.767535 0.036574 0.031597
7 0.692361 0.773611 0.018981 0.019444
7 0.550231 0.438715 0.029167 0.029514
7 0.678704 0.559201 0.025000 0.027431
7 0.874537 0.525174 0.029630 0.030903
6 0.304861 0.450000 0.034722 0.015972
6 0.430556 0.434375 0.037037 0.020833
6 0.477083 0.425000 0.034722 0.021528
6 0.524074 0.414410 0.025926 0.017708
