10 0.557870 0.357118 0.224074 0.146181
9 0.171065 0.252604 0.073611 0.123264
9 0.101157 0.271528 0.062500 0.107639
13 0.664583 0.256076 0.054167 0.045486
13 0.598148 0.233681 0.052778 0.046528
3 0.593750 0.106250 0.064352 0.136111
3 0.473843 0.145486 0.056944 0.112500
3 0.378241 0.174306 0.054630 0.102083
2 0.404398 0.102431 0.098611 0.111806
2 0.515046 0.062674 0.103241 0.124653
2 0.649537 0.042361 0.112037 0.084028
7 0.899537 0.065799 0.063889 0.052431
7 0.679861 0.012674 0.050463 0.024653
7 0.640509 0.077604 0.051389 0.038542
7 0.600926 0.143403 0.048148 0.039583
7 0.625000 0.129514 0.036111 0.026389
7 0.481250 0.174653 0.042130 0.034028
7 0.514815 0.117361 0.041667 0.032639
7 0.543750 0.051736 0.043981 0.040278
7 0.434722 0.091840 0.037963 0.035069
7 0.411574 0.147569 0.037037 0.030556
7 0.384954 0.200174 0.038426 0.031597
7 0.026389 0.115799 0.051852 0.057986
11 0.354398 0.461979 0.290278 0.177431
8 0.586806 0.482639 0.005093 0.022917
6 0.679398 0.337326 0.009722 0.006597
6 0.657176 0.336111 0.021759 0.009028
6 0.643287 0.328819 0.009722 0.006250
6 0.568519 0.330729 0.020370 0.008681
