10 0.759259 0.592361 0.195370 0.114583
10 0.510648 0.611806 0.116667 0.081250
10 0.375694 0.618576 0.086574 0.060069
10 0.289120 0.626215 0.078241 0.050347
1 0.805324 0.361632 0.057870 0.107292
1 0.707870 0.393924 0.052778 0.095486
1 0.629398 0.419792 0.048611 0.086806
1 0.522454 0.454514 0.043056 0.073611
1 0.476620 0.468924 0.039352 0.067708
1 0.437037 0.481944 0.037963 0.063194
1 0.380093 0.500868 0.035185 0.057292
1 0.352778 0.509722 0.030556 0.053472
1 0.327546 0.517708 0.030093 0.050694
1 0.289352 0.528819 0.030556 0.047222
1 0.227546 0.548785 0.026389 0.039931
1 0.184491 0.564236 0.020833 0.036806
7 0.199074 0.330729 0.020370 0.014236
7 0.211574 0.317535 0.020370 0.015625
7 0.224074 0.305729 0.025000 0.017014
7 0.309722 0.323958 0.024074 0.015972
7 0.296065 0.334549 0.021759 0.014236
7 0.281019 0.346007 0.020370 0.014236
7 0.388657 0.340104 0.022685 0.015625
7 0.356944 0.361285 0.021296 0.014236
7 0.308102 0.210764 0.027315 0.018750
7 0.325694 0.192882 0.029167 0.023264
7 0.351157 0.167708 0.033796 0.027083
7 0.461111 0.199653 0.033333 0.023611
7 0.432639 0.223264 0.031019 0.022222
7 0.560648 0.228125 0.030556 0.022917
7 0.528009 0.250347 0.029167 0.020139
7 0.815046 0.344444 0.037500 0.029167
7 0.812037 0.392708 0.040741 0.029167
7 0.715278 0.377431 0.037037 0.027083
7 0.715046 0.421875 0.033796 0.026389
7 0.638657 0.404861 0.028241 0.024306
7 0.635185 0.443924 0.031481 0.023264
7 0.531713 0.441667 0.023611 0.020833
7 0.527546 0.475174 0.024537 0.019792
7 0.481713 0.488021 0.021759 0.018403
7 0.485185 0.456944 0.022222 0.018056
7 0.441435 0.499479 0.020833 0.017014
7 0.445139 0.469618 0.020833 0.017014
7 0.388194 0.489757 0.018056 0.014931
7 0.384259 0.515625 0.019444 0.016667
7 0.356250 0.524132 0.018056 0.014931
7 0.359954 0.499306 0.017130 0.014583
7 0.330556 0.531250 0.017593 0.013889
7 0.335185 0.507465 0.016667 0.014236
7 0.296759 0.520139 0.015741 0.013194
7 0.292824 0.540799 0.015278 0.012153
7 0.234028 0.540799 0.012500 0.010069
7 0.230787 0.558854 0.012500 0.010764
7 0.189815 0.556076 0.011111 0.008681
7 0.186574 0.571701 0.012037 0.009375
7 0.832407 0.460069 0.035185 0.025000
7 0.744676 0.478646 0.032870 0.023264
7 0.401157 0.549132 0.018056 0.013542
7 0.287269 0.572917 0.013426 0.010417
7 0.234491 0.583854 0.013426 0.010069
7 0.543287 0.397396 0.018981 0.013542
7 0.271296 0.400000 0.012963 0.009028
7 0.281944 0.419618 0.018519 0.012153
7 0.217361 0.408681 0.018056 0.012500
7 0.107407 0.440799 0.016667 0.011458
7 0.165741 0.449132 0.014815 0.010069
7 0.221065 0.457292 0.015278 0.009722
7 0.175926 0.485069 0.012963 0.009028
7 0.077315 0.472396 0.013889 0.008681
7 0.055093 0.495312 0.012037 0.007986
7 0.142130 0.505556 0.011111 0.007639
7 0.099537 0.500694 0.011111 0.007639
7 0.242824 0.518056 0.009722 0.006944
7 0.206481 0.539931 0.011111 0.007639
13 0.033102 0.550868 0.016204 0.021875
13 0.075694 0.555208 0.015278 0.020833
13 0.118056 0.558681 0.015741 0.021528
7 0.127778 0.478472 0.012963 0.009028
6 0.425926 0.318924 0.018519 0.014236
6 0.773843 0.500347 0.011574 0.007639
6 0.772454 0.519097 0.010648 0.006250
6 0.800926 0.504861 0.011111 0.006944
6 0.823148 0.513194 0.011111 0.006944
6 0.796991 0.516840 0.010648 0.006597
