9 0.409474 0.135582 0.044643 0.125661
9 0.446925 0.125661 0.044643 0.130952
9 0.492188 0.108135 0.046875 0.143519
9 0.691344 0.256779 0.033482 0.093585
9 0.655630 0.257440 0.025546 0.088955
12 0.777530 0.053902 0.049603 0.084656
12 0.607267 0.106316 0.094990 0.108796
12 0.529514 0.131944 0.055060 0.099206
11 0.770213 0.375165 0.279018 0.297950
10 0.863715 0.274140 0.105407 0.133598
7 0.397693 0.028439 0.011657 0.019180
7 0.397817 0.010251 0.011409 0.017857
7 0.454489 0.018519 0.011657 0.019180
7 0.454489 0.037037 0.011657 0.019180
7 0.587550 0.039517 0.009425 0.018188
7 0.587550 0.057374 0.009425 0.018188
7 0.638765 0.048280 0.011161 0.015873
7 0.638517 0.065642 0.010665 0.018849
6 0.661582 0.009094 0.008681 0.012235
7 0.687624 0.073413 0.011161 0.015873
7 0.686632 0.056548 0.011161 0.015873
6 0.680060 0.211310 0.009921 0.012566
7 0.860367 0.034557 0.053075 0.062500
6 0.622768 0.100694 0.017857 0.021495
6 0.671999 0.109127 0.019593 0.020503
6 0.610367 0.076389 0.017857 0.015873
6 0.530630 0.068618 0.018601 0.018188
6 0.386161 0.068618 0.015873 0.030093
6 0.416791 0.048611 0.018601 0.020503
6 0.474826 0.054894 0.019097 0.022487
