4 0.788889 0.492535 0.088889 0.118403
4 0.738194 0.497569 0.082870 0.109722
4 0.700000 0.503993 0.085185 0.104514
11 0.422222 0.665625 0.277778 0.245139
12 0.026157 0.431944 0.049537 0.039583
13 0.550231 0.487674 0.031019 0.032292
13 0.602083 0.491493 0.025463 0.030903
2 0.750463 0.259722 0.124074 0.116667
3 0.738426 0.353472 0.071296 0.095139
3 0.670602 0.371354 0.061574 0.091319
3 0.611806 0.388542 0.061574 0.086111
1 0.545833 0.384722 0.054630 0.088889
1 0.503704 0.398090 0.046296 0.082986
1 0.466898 0.410243 0.044907 0.077431
1 0.431713 0.514583 0.040278 0.057639
1 0.975694 0.476389 0.032870 0.069444
7 0.978241 0.463021 0.025000 0.017708
7 0.978704 0.491319 0.024074 0.017361
7 0.791898 0.243576 0.041204 0.031597
7 0.753009 0.365278 0.035648 0.031250
7 0.686111 0.385937 0.029630 0.027431
7 0.624074 0.402951 0.029630 0.028125
7 0.557176 0.364931 0.031944 0.025000
7 0.553935 0.403993 0.029167 0.023264
7 0.510185 0.418229 0.026852 0.023958
7 0.472222 0.428819 0.026852 0.023611
7 0.514352 0.380903 0.026852 0.025694
7 0.476389 0.392361 0.028704 0.021528
7 0.439120 0.496701 0.024537 0.018403
7 0.836806 0.204514 0.040278 0.036806
7 0.603935 0.307118 0.029167 0.026042
7 0.558102 0.327083 0.027315 0.022917
7 0.521296 0.339931 0.025926 0.030556
7 0.429630 0.378993 0.023148 0.026042
7 0.403241 0.389931 0.022222 0.024306
7 0.967361 0.234375 0.021759 0.016667
7 0.955093 0.393056 0.020370 0.016667
10 0.952778 0.600000 0.094444 0.066667
