1 0.793924 0.876852 0.083681 0.176852
1 0.277778 0.850000 0.057639 0.200926
1 0.913194 0.888426 0.092361 0.178704
1 0.563194 0.865278 0.055556 0.186111
1 0.425694 0.858796 0.051389 0.199074
7 0.567708 0.923148 0.043056 0.062963
7 0.273785 0.911806 0.046875 0.063426
7 0.283507 0.826389 0.043403 0.057407
6 0.180903 0.448843 0.020139 0.060648
6 0.081424 0.454398 0.030208 0.077315
7 0.118576 0.297222 0.046875 0.052778
7 0.195833 0.311806 0.034722 0.050463
7 0.267188 0.322917 0.042014 0.054167
7 0.268576 0.153935 0.046181 0.058796
7 0.195312 0.135185 0.046875 0.056481
7 0.101562 0.111343 0.051042 0.058796
7 0.268056 0.463426 0.038194 0.056481
7 0.203125 0.452546 0.029167 0.050463
7 0.133507 0.442130 0.040625 0.050926
7 0.787153 0.267130 0.043750 0.046296
7 0.717361 0.253704 0.040972 0.048148
7 0.658854 0.243287 0.042014 0.056944
7 0.621007 0.390046 0.037153 0.051389
7 0.739236 0.406944 0.032639 0.048148
7 0.588368 0.509722 0.033681 0.044444
7 0.699479 0.525000 0.028819 0.044444
7 0.015278 0.815046 0.029861 0.067130
7 0.425521 0.835185 0.044097 0.058333
7 0.425868 0.917593 0.044097 0.061111
7 0.559722 0.845370 0.041667 0.056481
7 0.776910 0.856944 0.041319 0.055556
7 0.800521 0.933565 0.042014 0.056944
7 0.888542 0.864120 0.040278 0.052315
7 0.919792 0.940278 0.045833 0.059259
7 0.985069 0.870370 0.029861 0.061111
