4 0.499769 0.830208 0.337500 0.339583
4 0.379630 0.872569 0.273148 0.254861
7 0.403935 0.158507 0.106019 0.094792
7 0.385417 0.314583 0.103241 0.087500
7 0.352778 0.473958 0.092593 0.087500
7 0.544444 0.481771 0.089815 0.070486
7 0.558333 0.572396 0.092593 0.078125
7 0.432176 0.598611 0.081019 0.063889
7 0.436343 0.685764 0.085648 0.064583
7 0.238194 0.624306 0.089352 0.075694
7 0.025694 0.869444 0.050463 0.053472
7 0.159491 0.929514 0.056019 0.046528
7 0.706481 0.970313 0.030556 0.033681
3 0.303704 0.421007 0.195370 0.275347
3 0.200000 0.580035 0.177778 0.237847
3 0.107870 0.692882 0.150000 0.210764
