10 0.187269 0.398958 0.209722 0.138889
10 0.467824 0.440451 0.121759 0.092708
10 0.610648 0.460069 0.092593 0.068056
10 0.699537 0.472917 0.073148 0.054167
3 0.121065 0.140972 0.084722 0.149306
3 0.248843 0.190278 0.070833 0.125000
3 0.344676 0.228646 0.066204 0.110069
3 0.630556 0.344792 0.042593 0.066667
3 0.658102 0.358333 0.035648 0.061806
3 0.684028 0.370312 0.030093 0.051042
3 0.721296 0.381597 0.027778 0.049306
2 0.192361 0.099479 0.100463 0.120486
2 0.310648 0.150521 0.101852 0.107292
2 0.394676 0.193056 0.094907 0.090278
1 0.473380 0.266146 0.045833 0.087153
1 0.524074 0.288368 0.040741 0.078819
1 0.567593 0.307118 0.039815 0.073958
1 0.183796 0.367188 0.028704 0.050347
1 0.228704 0.375521 0.028704 0.048264
1 0.271528 0.383854 0.028241 0.049653
5 0.398148 0.408333 0.028704 0.043056
7 0.052083 0.093750 0.031019 0.025694
7 0.254167 0.075000 0.030556 0.022917
7 0.207176 0.047917 0.033796 0.027083
7 0.447685 0.179167 0.023148 0.015278
7 0.467361 0.191667 0.021759 0.015278
7 0.023148 0.129167 0.045370 0.034722
7 0.107407 0.181076 0.052778 0.037847
7 0.134491 0.131250 0.047685 0.038194
7 0.144676 0.175868 0.040278 0.032292
7 0.165972 0.084028 0.048611 0.039583
7 0.235185 0.225174 0.041667 0.032292
7 0.278472 0.136979 0.037500 0.033681
7 0.330324 0.259201 0.037500 0.028819
7 0.364583 0.179514 0.034722 0.027778
7 0.465509 0.289062 0.028241 0.023958
7 0.464815 0.249479 0.028704 0.023264
7 0.516898 0.272569 0.026389 0.021528
7 0.517361 0.309201 0.025463 0.021875
7 0.561343 0.291840 0.025463 0.019792
7 0.561111 0.325521 0.025000 0.019792
7 0.620833 0.361111 0.021296 0.017361
7 0.622685 0.334028 0.019444 0.019444
7 0.633565 0.307986 0.019907 0.016667
7 0.662500 0.321354 0.018519 0.015625
7 0.650463 0.371875 0.020370 0.015972
7 0.677546 0.381076 0.018056 0.016319
7 0.687500 0.333160 0.020370 0.014236
7 0.716435 0.394271 0.018056 0.014236
7 0.718287 0.373437 0.016204 0.013542
7 0.725000 0.350868 0.015741 0.012153
7 0.743750 0.360417 0.016204 0.011806
7 0.781019 0.416146 0.013889 0.011458
7 0.786343 0.379514 0.014352 0.011111
7 0.781481 0.397743 0.013889 0.011458
7 0.178472 0.357986 0.017130 0.013194
7 0.177083 0.379861 0.015278 0.011111
7 0.159028 0.325868 0.018056 0.011458
7 0.205324 0.335590 0.016204 0.010764
7 0.248380 0.344965 0.015278 0.010764
7 0.312269 0.359549 0.014352 0.010069
7 0.421991 0.383507 0.012500 0.007986
7 0.445370 0.388715 0.011111 0.007986
7 0.467593 0.393403 0.011111 0.007639
7 0.658333 0.171181 0.025000 0.016667
7 0.746065 0.156771 0.026389 0.019097
7 0.843287 0.140278 0.027315 0.018056
7 0.753009 0.249132 0.019907 0.014236
7 0.824074 0.239757 0.019444 0.014931
7 0.937037 0.288194 0.017593 0.012500
7 0.873843 0.293403 0.017130 0.010417
7 0.814120 0.298611 0.016204 0.011111
7 0.961574 0.325868 0.014815 0.009375
7 0.907176 0.329340 0.015278 0.009375
7 0.855556 0.332639 0.014815 0.009722
7 0.885417 0.357812 0.012500 0.007986
7 0.930787 0.355382 0.012500 0.007986
7 0.978241 0.352778 0.012963 0.008333
6 0.634954 0.047569 0.029167 0.018750
6 0.666435 0.078993 0.026389 0.016319
6 0.689815 0.105208 0.023148 0.016667
6 0.801389 0.220660 0.018519 0.010764
6 0.760880 0.184201 0.019907 0.011458
6 0.840972 0.263021 0.017130 0.010069
6 0.850231 0.273958 0.016204 0.010417
7 0.815278 0.271528 0.012963 0.008333
7 0.771065 0.231424 0.015278 0.009375
9 0.716435 0.135590 0.018056 0.027431
9 0.667361 0.084201 0.017130 0.030903
9 0.651852 0.068403 0.019444 0.032639
1 0.018750 0.484722 0.016204 0.016667
1 0.037500 0.485069 0.014815 0.015278
1 0.056481 0.484375 0.015741 0.016667
1 0.143750 0.483333 0.016204 0.017361
7 0.144907 0.482639 0.011111 0.009028
7 0.058333 0.483854 0.010185 0.007986
7 0.039352 0.483854 0.010185 0.007986
7 0.021759 0.484375 0.009259 0.008333
7 0.030093 0.447396 0.010185 0.006597
7 0.046991 0.448785 0.009722 0.007292
7 0.063194 0.450000 0.009722 0.006250
12 0.309028 0.439931 0.016204 0.011806
12 0.294213 0.439063 0.013426 0.011458
13 0.694444 0.424479 0.016667 0.017708
