11 0.149537 0.673438 0.215741 0.188542
4 0.823148 0.469444 0.128704 0.163889
4 0.757176 0.482465 0.118056 0.150347
4 0.393750 0.544097 0.070833 0.093056
4 0.366898 0.545486 0.066204 0.086806
4 0.347222 0.548785 0.064815 0.085764
2 0.875926 0.113542 0.175926 0.168750
2 0.757176 0.171181 0.148611 0.156944
2 0.664583 0.217014 0.147685 0.137500
3 0.843287 0.235417 0.100463 0.153472
3 0.735648 0.276389 0.088889 0.144444
3 0.647917 0.318229 0.081019 0.126042
2 0.357870 0.367535 0.099074 0.089931
1 0.585648 0.538368 0.032407 0.045486
1 0.560880 0.542014 0.028241 0.044444
1 0.535417 0.545833 0.027315 0.045139
10 0.577546 0.632118 0.076389 0.053125
7 0.931250 0.089757 0.056944 0.048958
7 0.865278 0.265972 0.052778 0.045139
7 0.751852 0.307465 0.051852 0.043403
7 0.661574 0.340972 0.045370 0.041667
7 0.392824 0.353472 0.028241 0.025000
7 0.379167 0.399132 0.030556 0.026042
7 0.356481 0.371354 0.028704 0.022569
7 0.366435 0.443403 0.028241 0.025000
7 0.201389 0.534896 0.025926 0.018403
7 0.591667 0.529340 0.017593 0.014931
7 0.588889 0.550868 0.020370 0.014236
7 0.566204 0.533160 0.017593 0.014236
7 0.564583 0.553993 0.016204 0.013542
7 0.540741 0.536806 0.016667 0.012500
7 0.539352 0.556424 0.016667 0.013542
7 0.976620 0.037500 0.046759 0.074306
7 0.870139 0.095660 0.064352 0.071875
7 0.439120 0.315972 0.044907 0.043056
7 0.202083 0.437847 0.023611 0.020833
7 0.268981 0.461979 0.026852 0.019792
7 0.567824 0.384549 0.022685 0.027431
7 0.596528 0.502778 0.018056 0.018056
7 0.613889 0.467361 0.019444 0.018750
