10 0.603836 0.382688 0.114418 0.066964
10 0.908069 0.389757 0.119048 0.070685
12 0.813327 0.385293 0.040013 0.037450
12 0.726852 0.383557 0.029101 0.036954
12 0.493221 0.376736 0.032738 0.034722
9 0.522487 0.408730 0.016534 0.032242
9 0.706680 0.412822 0.019841 0.031498
9 0.797619 0.416295 0.017196 0.025050
7 0.914848 0.210317 0.027447 0.025298
7 0.613591 0.197917 0.027447 0.025794
1 0.927910 0.264509 0.031746 0.068204
1 0.847884 0.262029 0.031746 0.077133
1 0.705853 0.257068 0.028770 0.070188
1 0.620370 0.254464 0.030423 0.072421
1 0.538029 0.252728 0.028439 0.074901
13 0.487765 0.197297 0.061508 0.049851
7 0.498181 0.057540 0.034061 0.046131
7 0.850694 0.070809 0.036706 0.040427
