7 0.986442 0.665427 0.0218254 0.0198413
6 0.993056 0.416047 0.0138889 0.0270337
7 0.550926 0.640749 0.0257937 0.0195933
7 0.386574 0.630952 0.0257937 0.0198413
7 0.469246 0.636409 0.0257937 0.0198413
7 0.761409 0.385913 0.0241402 0.0238095
12 0.421792 0.743428 0.0287698 0.031002
7 0.971726 0.503224 0.0234788 0.0208333
7 0.2958 0.443576 0.0327381 0.0349702
6 0.475364 0.365947 0.0294312 0.0399306
7 0.470403 0.607887 0.0248016 0.0198413
7 0.765542 0.62686 0.0244709 0.0195933
9 0.642526 0.786086 0.0165344 0.0250496
7 0.752976 0.584821 0.026455 0.0282738
7 0.973049 0.640377 0.0248016 0.0208333
1 0.977348 0.651662 0.0347222 0.0647321
7 0.688492 0.650918 0.0244709 0.0200893
6 0.545966 0.373512 0.0291005 0.0367064
7 0.765212 0.654638 0.0244709 0.0205853
6 0.740079 0.390377 0.0310847 0.0302579
1 0.550926 0.626736 0.0357143 0.0694444
7 0.689319 0.622148 0.0241402 0.0190972
7 0.465112 0.565848 0.0281085 0.0295139
6 0.395668 0.360739 0.0294312 0.0379464
9 0.552414 0.778274 0.0181878 0.0292659
9 0.363426 0.769841 0.0231481 0.0332341
12 0.575231 0.748636 0.0320767 0.0369544
12 0.335813 0.736607 0.0426587 0.0421627
1 0.765212 0.639757 0.0330688 0.0682044
7 0.689153 0.461434 0.0357143 0.0424107
6 0.939319 0.409846 0.030754 0.0300099
9 0.961971 0.380704 0.0218254 0.0262897
12 0.654431 0.751612 0.0396825 0.0404266
6 0.67047 0.383557 0.0327381 0.0300099
6 0.810516 0.396825 0.0337302 0.0282738
7 0.929894 0.483135 0.0350529 0.0386905
13 0.341601 0.562996 0.0601852 0.0555556
1 0.388393 0.616443 0.0373677 0.0672123
1 0.469742 0.621156 0.036045 0.0701885
1 0.689153 0.635789 0.031746 0.0677083
7 0.361772 0.434772 0.037037 0.0401786
10 0.748843 0.761781 0.125331 0.0815972
10 0.448247 0.746652 0.127976 0.0820933
