1 0.311285 0.500231 0.035764 0.142130
1 0.020486 0.475694 0.038194 0.152315
1 0.208681 0.493519 0.035417 0.142593
1 0.402951 0.507407 0.036458 0.135185
2 0.856424 0.077778 0.132292 0.154630
3 0.780729 0.163426 0.078819 0.245370
3 0.609201 0.140509 0.086458 0.254167
3 0.420833 0.119444 0.085417 0.237963
4 0.713715 0.524074 0.100347 0.270370
4 0.608854 0.513657 0.098958 0.282870
4 0.496181 0.509259 0.099306 0.291667
10 0.332813 0.766204 0.081597 0.164815
12 0.832639 0.773843 0.028472 0.064352
12 0.150174 0.771759 0.035069 0.080556
12 0.711458 0.778009 0.031944 0.055093
9 0.981424 0.791898 0.019792 0.053241
1 0.642188 0.525926 0.038542 0.130556
7 0.642882 0.557639 0.028125 0.039352
7 0.990104 0.528241 0.019792 0.038889
7 0.854340 0.518287 0.023264 0.037500
7 0.856771 0.571528 0.023264 0.037500
7 0.403819 0.545139 0.029167 0.041204
7 0.404861 0.483565 0.029167 0.041204
7 0.311806 0.477083 0.029167 0.041204
7 0.310764 0.539583 0.030556 0.039352
7 0.209028 0.532407 0.031250 0.041667
7 0.210764 0.468519 0.031250 0.041667
7 0.021007 0.454167 0.033681 0.042593
7 0.017535 0.518056 0.033681 0.042593
7 0.155382 0.050926 0.037847 0.050000
7 0.079861 0.057176 0.068056 0.098611
7 0.479514 0.143287 0.027778 0.037500
7 0.704340 0.146296 0.038542 0.067593
7 0.772222 0.225231 0.060417 0.076389
7 0.851736 0.434722 0.017361 0.029630
7 0.945312 0.384722 0.024653 0.036111
7 0.926562 0.160880 0.031597 0.050463
7 0.974479 0.170139 0.032292 0.052315
7 0.826910 0.196296 0.030903 0.037963
7 0.203472 0.793750 0.020139 0.030093
7 0.828472 0.024769 0.061111 0.048611
