1 0.836632 0.536111 0.044097 0.141667
1 0.079514 0.654398 0.030556 0.106019
2 0.056076 0.415741 0.058681 0.151852
1 0.280729 0.664352 0.030903 0.103704
3 0.226910 0.509491 0.046181 0.168981
1 0.350347 0.667593 0.029861 0.102778
3 0.978646 0.568287 0.042014 0.131019
3 0.012153 0.489583 0.023611 0.174537
4 0.225521 0.829398 0.036458 0.119907
1 0.807118 0.696759 0.032986 0.096296
7 0.777951 0.332870 0.028125 0.036111
7 0.458160 0.293750 0.026042 0.030093
7 0.836285 0.572917 0.033681 0.043056
7 0.813368 0.338194 0.026736 0.031944
7 0.803472 0.716898 0.018750 0.026389
7 0.741319 0.370139 0.025000 0.034722
7 0.928646 0.636806 0.020486 0.030093
7 0.168403 0.117593 0.040972 0.062037
7 0.670139 0.046759 0.047222 0.067593
10 0.733854 0.819676 0.156597 0.158796
12 0.411111 0.476157 0.077083 0.194907
12 0.723437 0.501389 0.080903 0.187037
11 0.973264 0.926157 0.053472 0.147685
10 0.331076 0.797222 0.124653 0.172222
4 0.268056 0.830093 0.035417 0.119444
12 0.468403 0.744907 0.030556 0.052778
9 0.475521 0.793056 0.016319 0.049074
9 0.585590 0.795602 0.014236 0.046759
9 0.380208 0.786343 0.015972 0.048611
9 0.194271 0.782639 0.017014 0.045833
5 0.954340 0.708333 0.036458 0.092593
8 0.205903 0.877315 0.011111 0.066667
8 0.457813 0.893981 0.009375 0.033333
8 0.468750 0.895370 0.011806 0.033333
8 0.445660 0.895833 0.010764 0.037037
8 0.498785 0.895602 0.010764 0.033796
8 0.510069 0.895602 0.011806 0.032870
8 0.520312 0.895833 0.008681 0.034259
1 0.209896 0.663426 0.031597 0.107407
1 0.692014 0.688889 0.028472 0.097222
1 0.652431 0.512963 0.041667 0.130556
2 0.498785 0.463426 0.053819 0.134259
3 0.340451 0.519907 0.046875 0.163889
2 0.277257 0.441898 0.051042 0.145833
1 0.009375 0.652083 0.018056 0.112500
6 0.955382 0.019907 0.060764 0.038889
7 0.978125 0.642130 0.022222 0.029630
7 0.012326 0.573380 0.023958 0.031944
7 0.085764 0.575694 0.023611 0.032870
7 0.280382 0.589120 0.022569 0.030093
7 0.173958 0.037963 0.041667 0.063889
7 0.990278 0.183796 0.019444 0.062963
7 0.934549 0.238657 0.040625 0.049537
7 0.705903 0.401852 0.027083 0.033333
7 0.979688 0.446991 0.028125 0.038426
7 0.833681 0.511574 0.033333 0.040741
7 0.974479 0.613194 0.030903 0.037500
7 0.992882 0.689583 0.014236 0.026389
7 0.947743 0.687500 0.019792 0.025000
7 0.951042 0.725694 0.020139 0.025463
7 0.800174 0.677778 0.018403 0.024074
7 0.687674 0.669676 0.017708 0.025463
7 0.688889 0.709028 0.018750 0.026389
7 0.576736 0.515972 0.073611 0.127315
7 0.506597 0.297222 0.024306 0.034259
7 0.437847 0.334954 0.024306 0.037500
12 0.986806 0.782407 0.025694 0.028704
12 0.964583 0.782870 0.025000 0.031481
12 0.941667 0.783333 0.025694 0.032407
7 0.649653 0.495370 0.034028 0.042593
7 0.648958 0.556250 0.031944 0.037500
7 0.495312 0.448148 0.035069 0.044444
7 0.390278 0.432407 0.036111 0.047222
7 0.340451 0.564352 0.035069 0.047222
7 0.223438 0.554630 0.035069 0.047222
7 0.280556 0.421991 0.038889 0.048611
7 0.064757 0.396296 0.039236 0.053704
7 0.080556 0.634722 0.025000 0.029630
7 0.079340 0.681713 0.026042 0.031944
7 0.008160 0.629630 0.015625 0.031481
7 0.006944 0.679167 0.013194 0.035185
7 0.011111 0.535648 0.021528 0.041667
