2 0.132292 0.254630 0.056250 0.104630
3 0.094444 0.296991 0.038889 0.124537
3 0.183160 0.325694 0.037847 0.115278
3 0.261806 0.347454 0.035417 0.112500
7 0.658333 0.174306 0.024306 0.049537
10 0.165451 0.524074 0.129514 0.144444
10 0.429167 0.562037 0.079861 0.104630
12 0.804167 0.449306 0.089583 0.095833
12 0.731597 0.426620 0.093056 0.106944
12 0.531771 0.354398 0.095486 0.130093
12 0.389931 0.296759 0.088889 0.163889
12 0.025868 0.490741 0.019792 0.032407
12 0.050000 0.493287 0.021528 0.033796
13 0.411458 0.439583 0.027778 0.035648
6 0.457986 0.015741 0.026389 0.030556
6 0.504687 0.041435 0.032986 0.041204
9 0.464236 0.383565 0.051389 0.162500
9 0.562326 0.411574 0.047569 0.142593
9 0.645139 0.435880 0.042361 0.131019
9 0.834028 0.496065 0.031944 0.108796
9 0.878125 0.505556 0.031944 0.100000
9 0.917014 0.516435 0.030556 0.093056
2 0.297917 0.307639 0.053472 0.095833
2 0.222222 0.281019 0.054167 0.105556
0 0.072917 0.428935 0.031250 0.077315
0 0.125521 0.437963 0.030208 0.075926
7 0.453299 0.057176 0.028819 0.045833
7 0.435243 0.046065 0.020486 0.035648
7 0.475521 0.279630 0.021181 0.034259
7 0.428472 0.314352 0.017361 0.036111
7 0.564063 0.226157 0.021875 0.039352
7 0.609201 0.200926 0.023264 0.040741
7 0.069965 0.370370 0.019097 0.032407
7 0.123090 0.381713 0.017708 0.029167
7 0.191319 0.231250 0.022917 0.041204
7 0.069271 0.444444 0.017708 0.023148
7 0.071528 0.413889 0.017361 0.021296
7 0.125347 0.424537 0.017361 0.021296
7 0.123264 0.454630 0.017361 0.021296
7 0.092708 0.334722 0.031250 0.042593
7 0.138889 0.242593 0.029861 0.037037
7 0.180556 0.357407 0.027083 0.037963
7 0.219618 0.269907 0.026042 0.036111
7 0.258854 0.378009 0.026042 0.034722
7 0.293750 0.294676 0.025694 0.031944
7 0.456424 0.348611 0.022569 0.026852
