6 0.419891 0.355324 0.0119048 0.0168651
7 0.258681 0.604993 0.0386905 0.0505952
7 0.258061 0.501984 0.0344742 0.0416667
7 0.712054 0.600529 0.0228175 0.0291005
7 0.920759 0.663029 0.0141369 0.021164
1 0.921255 0.679233 0.0186012 0.0800265
7 0.367684 0.356647 0.0126488 0.0208333
7 0.993676 0.627149 0.0126488 0.030754
6 0.761409 0.365079 0.015873 0.0291005
3 0.992063 0.604497 0.015873 0.115741
7 0.99442 0.487765 0.0106647 0.0291005
7 0.542907 0.674107 0.0406746 0.0433201
7 0.606151 0.685351 0.016369 0.0221561
7 0.71193 0.552249 0.0220734 0.0284392
7 0.921751 0.698413 0.0146329 0.0231481
7 0.71255 0.488591 0.0223214 0.036045
7 0.446925 0.497355 0.0575397 0.0707672
1 0.538318 0.686673 0.062252 0.0810185
1 0.46627 0.588624 0.0897817 0.121032
1 0.510417 0.647983 0.0798611 0.0896164
12 0.507316 0.524306 0.030506 0.0393519
6 0.908234 0.368221 0.0203373 0.0340608
12 0.966518 0.827877 0.0257937 0.0585317
6 0.81498 0.364749 0.0183532 0.0297619
7 0.641121 0.684193 0.0203373 0.0297619
6 0.963914 0.368552 0.0215774 0.0340608
7 0.864707 0.489914 0.0215774 0.0340608
7 0.890625 0.473545 0.0208333 0.031746
7 0.608011 0.651455 0.015625 0.0218254
1 0.607143 0.668155 0.0203373 0.0816799
7 0.119792 0.0297619 0.0749008 0.0595238
7 0.230159 0.576885 0.0520833 0.0598545
6 0.708829 0.364914 0.015377 0.0300926
6 0.511533 0.36045 0.0131448 0.0224868
6 0.378348 0.361111 0.015129 0.0218254
7 0.246776 0.0291005 0.0699405 0.0582011
7 0.177579 0.541501 0.0550595 0.0757275
7 0.582217 0.485615 0.0200893 0.0327381
7 0.0193452 0.0276124 0.0376984 0.0545635
7 0.787946 0.488426 0.0238095 0.0403439
7 0.404266 0.708168 0.031746 0.0406746
7 0.763517 0.657077 0.0166171 0.0224868
7 0.642113 0.731978 0.0218254 0.0320767
7 0.561632 0.357143 0.0141369 0.0198413
7 0.983383 0.664848 0.0183532 0.0248016
7 0.763269 0.692295 0.0171131 0.0234788
7 0.791171 0.55506 0.0228175 0.0300926
10 0.972842 0.835648 0.0533234 0.102513
1 0.440724 0.5458 0.0982143 0.141865
9 0.804688 0.326058 0.0146329 0.026455
9 0.923239 0.327381 0.015625 0.0284392
6 0.614335 0.363922 0.014881 0.025463
7 0.706721 0.689153 0.0171131 0.0224868
7 0.706225 0.654431 0.015625 0.0218254
9 0.957341 0.327381 0.014881 0.0257937
11 0.793899 0.884094 0.243552 0.230489
9 0.753968 0.325728 0.0138889 0.0251323
9 0.719866 0.326058 0.0136409 0.0277778
7 0.790055 0.60334 0.0225694 0.0300926
7 0.821429 0.693948 0.0168651 0.0234788
7 0.87004 0.555721 0.0223214 0.0314153
7 0.983507 0.70205 0.0171131 0.0244709
12 0.891493 0.826885 0.0176091 0.0340608
7 0.132192 0.508267 0.0615079 0.0793651
12 0.606399 0.808366 0.0228175 0.0492725
1 0.984251 0.681713 0.0245536 0.083664
7 0.0223214 0.262897 0.0446429 0.0681217
7 0.821677 0.658895 0.0168651 0.0228175
1 0.706597 0.6708 0.0213294 0.0816799
7 0.869544 0.605985 0.0243056 0.0320767
1 0.641989 0.705522 0.030506 0.112765
1 0.821553 0.676422 0.0235615 0.0803571
7 0.0575397 0.306052 0.0540675 0.0618386
7 0.353547 0.379795 0.0379464 0.0539021
1 0.763517 0.673611 0.0230655 0.0820106
7 0.0947421 0.344246 0.0496032 0.0568783
7 0.428819 0.378638 0.0357143 0.0562169
1 0.712178 0.572255 0.0285218 0.110119
7 0.279018 0.379299 0.0386905 0.0582011
1 0.869544 0.578373 0.030754 0.114418
1 0.790923 0.575893 0.0292659 0.112103
