10 0.107176 0.352083 0.213426 0.190972
10 0.583796 0.411111 0.188889 0.131250
10 0.859028 0.442708 0.135648 0.093056
3 0.278241 0.083681 0.076852 0.166667
3 0.536111 0.165278 0.078704 0.142361
3 0.648843 0.202951 0.072685 0.123264
3 0.737500 0.231597 0.069444 0.112500
2 0.789352 0.193576 0.097222 0.094792
2 0.705556 0.159896 0.103704 0.103125
2 0.598380 0.123785 0.093056 0.114236
2 0.367824 0.051042 0.118981 0.101389
1 0.108333 0.316493 0.031481 0.076736
1 0.262037 0.338715 0.033333 0.067014
1 0.867824 0.259375 0.053241 0.091667
1 0.923611 0.279861 0.047222 0.085417
1 0.972685 0.296354 0.046296 0.080208
0 0.813889 0.416667 0.024074 0.034722
7 0.060185 0.069965 0.068519 0.053819
7 0.269444 0.131771 0.057407 0.045486
7 0.341435 0.020660 0.053241 0.040625
7 0.303935 0.076389 0.053241 0.043056
7 0.208333 0.095660 0.044444 0.034375
7 0.444444 0.166840 0.040741 0.028125
7 0.520139 0.208160 0.043056 0.035764
7 0.571991 0.112500 0.043056 0.036806
7 0.545139 0.158854 0.044907 0.033681
7 0.598148 0.074132 0.031481 0.023264
7 0.640741 0.092708 0.031481 0.020833
7 0.671759 0.148785 0.037037 0.032986
7 0.649306 0.195139 0.035648 0.029167
7 0.630324 0.239583 0.034722 0.031944
7 0.721759 0.264931 0.035185 0.029167
7 0.736343 0.223090 0.032870 0.026736
7 0.756713 0.181424 0.030093 0.028819
7 0.818056 0.281250 0.027778 0.020139
7 0.857407 0.285069 0.029630 0.025000
7 0.858565 0.243403 0.031944 0.025000
7 0.914815 0.264236 0.028704 0.024306
7 0.915046 0.302604 0.028241 0.023958
7 0.962963 0.281424 0.026852 0.021875
7 0.961574 0.317361 0.025926 0.021528
7 0.852315 0.184896 0.025000 0.016319
7 0.809954 0.410417 0.013426 0.011111
7 0.699074 0.394444 0.015741 0.011806
7 0.697685 0.413715 0.014815 0.011458
7 0.817130 0.391493 0.012963 0.007986
7 0.791667 0.387500 0.013889 0.008333
7 0.680787 0.368229 0.013426 0.010069
7 0.581250 0.351736 0.015278 0.011111
7 0.538889 0.344444 0.014815 0.010417
7 0.242130 0.290278 0.020370 0.013194
7 0.448611 0.463715 0.009259 0.005903
7 0.434954 0.463194 0.009722 0.006250
1 0.472685 0.493924 0.014815 0.015625
1 0.443056 0.494792 0.013889 0.014583
1 0.428935 0.495486 0.014352 0.014583
7 0.429630 0.494792 0.009259 0.007639
7 0.445370 0.494618 0.009259 0.007292
7 0.474074 0.493924 0.009259 0.007986
12 0.229630 0.403472 0.038889 0.026389
12 0.274074 0.410243 0.026852 0.019097
12 0.320602 0.414931 0.022685 0.018750
4 0.211111 0.434896 0.037963 0.060764
9 0.242130 0.429167 0.011111 0.022917
8 0.312269 0.488715 0.008796 0.014931
8 0.264583 0.488368 0.010648 0.014931
8 0.253704 0.488194 0.011111 0.015972
8 0.243519 0.486806 0.010185 0.015278
8 0.065741 0.466840 0.010185 0.034375
8 0.046065 0.468924 0.015278 0.037847
8 0.033565 0.467014 0.009722 0.036806
