8 0.380787 0.393477 0.037368 0.108879
8 0.425099 0.392485 0.037368 0.108879
8 0.474372 0.393477 0.037368 0.108879
8 0.622520 0.405878 0.037368 0.108879
8 0.584160 0.403894 0.037368 0.108879
8 0.659557 0.405382 0.037368 0.108879
8 0.758102 0.413070 0.037368 0.108879
8 0.797784 0.414062 0.037368 0.108879
8 0.834491 0.415303 0.037368 0.108879
3 0.022487 0.327133 0.033730 0.087798
3 0.123347 0.329365 0.033730 0.087798
7 0.090608 0.219618 0.021164 0.017113
7 0.024471 0.239707 0.023810 0.020089
7 0.454696 0.315724 0.013889 0.009921
6 0.601521 0.197421 0.011905 0.009921
6 0.548280 0.192708 0.011905 0.009921
6 0.653770 0.202133 0.011905 0.009921
6 0.746693 0.209077 0.011905 0.009921
7 0.864418 0.292535 0.021825 0.013641
7 0.746032 0.290551 0.021825 0.013641
7 0.846396 0.285466 0.016865 0.012401
1 0.893022 0.412822 0.024802 0.051835
7 0.891369 0.423735 0.015542 0.012153
7 0.890046 0.403150 0.015542 0.012153
1 0.846230 0.410590 0.016534 0.049851
8 0.884425 0.528894 0.008929 0.026538
12 0.491733 0.493056 0.017196 0.013889
10 0.155423 0.491567 0.082011 0.061012
4 0.087302 0.439360 0.044312 0.093998
4 0.024802 0.436880 0.044312 0.093998
10 0.414021 0.494420 0.101190 0.061260
4 0.631283 0.453869 0.033069 0.075893
4 0.675926 0.452877 0.033069 0.075893
4 0.723876 0.453001 0.039021 0.076141
9 0.904431 0.270461 0.042328 0.045883
9 0.865410 0.508433 0.018519 0.016369
9 0.894841 0.508929 0.018519 0.016369
