10 0.214782 0.549769 0.049107 0.129960
9 0.748388 0.564815 0.021081 0.072090
9 0.727307 0.556217 0.021577 0.075397
9 0.705357 0.554398 0.023810 0.086971
9 0.622768 0.518353 0.022817 0.088294
9 0.593750 0.506944 0.025298 0.090608
9 0.557788 0.498677 0.025298 0.105820
12 0.461062 0.416832 0.096230 0.110119
12 0.528150 0.435351 0.073661 0.085648
12 0.629588 0.477513 0.067212 0.077381
12 0.672867 0.494874 0.058036 0.070437
12 0.164559 0.280423 0.138641 0.158730
12 0.312996 0.339120 0.098710 0.125992
7 0.498264 0.139385 0.023313 0.048611
7 0.431672 0.146991 0.026042 0.049934
7 0.369792 0.155093 0.026786 0.046958
7 0.034970 0.065311 0.028274 0.053241
7 0.271577 0.028274 0.027282 0.052579
7 0.246900 0.335813 0.044891 0.081680
3 0.077381 0.314815 0.042659 0.107143
3 0.014385 0.288029 0.028274 0.119048
