9 0.278979 0.562284 0.0129758 0.0317186
7 0.429066 0.106834 0.0160035 0.0239331
7 0.14176 0.259516 0.0140571 0.0184544
7 0.116025 0.387399 0.0227076 0.0291234
1 0.990484 0.0644464 0.0190311 0.128893
7 0.0775303 0.396626 0.0222751 0.0291234
7 0.0113538 0.318051 0.0196799 0.0259516
7 0.615593 0.28936 0.0261678 0.0516148
7 0.281466 0.211217 0.0153547 0.0210496
6 0.101535 0.0236448 0.0218426 0.0288351
7 0.0169766 0.0187428 0.028763 0.0334487
7 0.532331 0.301182 0.0240052 0.0377739
7 0.237132 0.180075 0.0179498 0.0245098
9 0.271302 0.563437 0.013192 0.0311419
7 0.0867215 0.25692 0.0203287 0.027105
7 0.473616 0.232122 0.0259516 0.0420992
7 0.223075 0.250865 0.0235727 0.0340254
7 0.17074 0.267301 0.0235727 0.0322953
7 0.992106 0.0911188 0.0153547 0.0553633
12 0.698421 0.502307 0.0240052 0.0553633
1 0.275952 0.248847 0.04109 0.119377
7 0.238646 0.358997 0.0218426 0.0282584
7 0.460099 0.315456 0.0231401 0.0334487
7 0.710099 0.0774221 0.0157872 0.0297001
7 0.0849914 0.33218 0.0229239 0.0288351
9 0.385705 0.560842 0.0105969 0.0317186
7 0.689987 0.0154268 0.0192474 0.0302768
1 0.216155 0.265283 0.0421713 0.112457
7 0.0956964 0.230825 0.0183824 0.0262399
6 0.143274 0.0105248 0.020545 0.0210496
1 0.558607 0.164216 0.04109 0.157151
1 0.0134083 0.330306 0.0268166 0.0891003
7 0.0924524 0.0725202 0.0244377 0.0320069
7 0.875973 0.120386 0.0400086 0.0579585
7 0.560229 0.14504 0.0283304 0.0455594
7 0.219831 0.297578 0.0248702 0.0340254
7 0.290549 0.348039 0.0222751 0.0294118
7 0.280277 0.231546 0.0224913 0.0357555
7 0.559472 0.208189 0.0285467 0.0461361
7 0.0892085 0.29109 0.0218426 0.0285467
7 0.278114 0.280709 0.0250865 0.0360438
7 0.0102725 0.354383 0.020545 0.0259516
7 0.396086 0.196799 0.0261678 0.0400807
7 0.0487673 0.304787 0.0209775 0.0265283
7 0.473616 0.175173 0.0263841 0.0412341
7 0.395869 0.252883 0.0261678 0.0392157
7 0.0449827 0.343858 0.0220588 0.0268166
7 0.166739 0.310554 0.0242215 0.0311419
12 0.616025 0.502163 0.0253028 0.0544983
1 0.471453 0.195069 0.041955 0.14158
7 0.74481 0.0853518 0.0311419 0.0536332
1 0.874676 0.0826125 0.0503893 0.164072
10 0.894031 0.416523 0.199827 0.203287
7 0.74535 0.154123 0.0322232 0.0533449
7 0.872837 0.0446943 0.0397924 0.0576701
1 0.393382 0.215975 0.0432526 0.136101
1 0.744485 0.106978 0.0426038 0.17474
10 0.489511 0.457612 0.13949 0.155709
1 0.0439014 0.319348 0.0371972 0.0942907
1 0.164144 0.282151 0.0415225 0.101788
10 0.233564 0.482122 0.125433 0.130911
1 0.0852076 0.306661 0.0389273 0.101788
12 0.312716 0.523645 0.0311419 0.0438293
10 0.0592561 0.5 0.107266 0.105536
