13 0.572751 0.344370 0.052249 0.049355
7 0.561673 0.211806 0.032738 0.033730
7 0.563327 0.244172 0.028108 0.024554
7 0.565642 0.275422 0.025463 0.023065
7 0.217758 0.206473 0.029431 0.030506
7 0.168320 0.176711 0.019180 0.022073
7 0.398148 0.522569 0.015212 0.016369
7 0.485284 0.522941 0.018849 0.019097
9 0.480655 0.546751 0.018188 0.028522
10 0.409888 0.524678 0.112765 0.071677
10 0.131118 0.521949 0.116733 0.078125
12 0.029927 0.521205 0.029431 0.033978
12 0.225364 0.527654 0.026124 0.031002
12 0.294312 0.531374 0.017196 0.027034
9 0.312335 0.538442 0.016865 0.031746
7 0.149140 0.360987 0.025794 0.024554
1 0.494048 0.414683 0.023810 0.075397
1 0.416997 0.411334 0.022487 0.069196
1 0.340774 0.408110 0.025463 0.066716
1 0.202546 0.406250 0.030093 0.064980
1 0.126323 0.402778 0.033730 0.065476
1 0.049603 0.403150 0.031746 0.064732
7 0.051422 0.418651 0.024140 0.018849
7 0.054894 0.391989 0.023810 0.016617
7 0.129134 0.392237 0.025463 0.019097
7 0.128472 0.420263 0.021495 0.017609
7 0.202712 0.422743 0.025794 0.021081
7 0.205192 0.395337 0.023479 0.017361
7 0.339947 0.397941 0.021825 0.018105
7 0.337136 0.425223 0.020833 0.015129
7 0.416667 0.399802 0.021825 0.017857
7 0.416336 0.428447 0.023810 0.018105
7 0.494544 0.429688 0.024802 0.018601
7 0.494378 0.402282 0.020503 0.020337
7 0.243882 0.453745 0.018188 0.024058
7 0.173280 0.452505 0.025132 0.025546
7 0.102348 0.450645 0.022156 0.026290
