12 0.682044 0.157573 0.0352183 0.0439815
7 0.202257 0.0102513 0.0240575 0.0191799
7 0.704985 0.19461 0.0250496 0.0618386
13 0.254588 0.0408399 0.0220734 0.0347222
3 0.330853 0.03125 0.0272817 0.0625
3 0.202877 0.0122354 0.0287698 0.0238095
7 0.391741 0.0714286 0.0166171 0.0257937
3 0.297991 0.0299272 0.0295139 0.0591931
7 0.297867 0.00578704 0.0173611 0.0115741
12 0.658482 0.148148 0.0367064 0.0542328
7 0.691096 0.190972 0.0215774 0.0651455
7 0.324033 0.046131 0.0176091 0.0248016
7 0.372272 0.0300926 0.0178571 0.0257937
7 0.747024 0.21131 0.0327381 0.0608466
7 0.569072 0.118552 0.0230655 0.0453042
7 0.265997 0.0241402 0.0210813 0.0297619
3 0.267113 0.0238095 0.031746 0.047619
7 0.369792 0.0631614 0.0188492 0.0271164
1 0.372396 0.0456349 0.0260417 0.0760582
12 0.62872 0.129795 0.0540675 0.067791
7 0.460689 0.0697751 0.0280258 0.0555556
12 0.584821 0.115575 0.0391865 0.0664683
12 0.482639 0.0606812 0.0426587 0.0955688
7 0.295883 0.0372024 0.0198413 0.0274471
10 0.127232 0.136905 0.108631 0.138889
12 0.542535 0.0930886 0.0592758 0.0896164
12 0.420139 0.0444775 0.0575397 0.0882936
10 0.365575 0.184358 0.0639881 0.104828
10 0.263517 0.163029 0.0840774 0.119048
