8 0.525463 0.519717 0.019180 0.053819
6 0.956184 0.401042 0.022156 0.018849
8 0.707011 0.522693 0.021164 0.066220
7 0.389054 0.425099 0.078373 0.065972
8 0.721561 0.526910 0.018519 0.065724
12 0.846230 0.456969 0.171296 0.166419
8 0.755126 0.530630 0.017526 0.064732
7 0.493882 0.411706 0.069114 0.056052
8 0.739087 0.528894 0.017857 0.064732
7 0.125827 0.145957 0.081019 0.060268
7 0.026951 0.155134 0.053241 0.061756
7 0.208499 0.411706 0.078373 0.068452
7 0.744213 0.128720 0.070437 0.068452
7 0.703208 0.089906 0.078373 0.079117
7 0.243717 0.139261 0.082011 0.063244
7 0.314319 0.414187 0.075728 0.067956
7 0.782573 0.158358 0.067791 0.072173
8 0.512897 0.519221 0.019180 0.053819
