10 0.232870 0.681076 0.157407 0.109375
10 0.392593 0.695660 0.123148 0.089236
10 0.497685 0.704340 0.105556 0.070486
1 0.062269 0.404687 0.076389 0.129514
1 0.135648 0.429861 0.070370 0.121528
1 0.241435 0.467882 0.067130 0.104514
1 0.293519 0.485069 0.056481 0.100694
1 0.338657 0.501563 0.054167 0.092014
1 0.405324 0.525000 0.052315 0.084722
1 0.436574 0.537674 0.052778 0.081597
1 0.466898 0.547743 0.049537 0.076736
1 0.512269 0.563715 0.043981 0.071181
1 0.589352 0.593056 0.037963 0.063194
1 0.647454 0.614236 0.032870 0.057639
7 0.641204 0.601736 0.018519 0.015278
7 0.644213 0.626910 0.018056 0.014236
7 0.050000 0.377431 0.045370 0.035417
7 0.052083 0.435937 0.044907 0.035069
7 0.125000 0.403993 0.040741 0.031597
7 0.127546 0.459201 0.043056 0.032986
7 0.233796 0.445660 0.034259 0.028125
7 0.236343 0.494097 0.034722 0.028472
7 0.283333 0.464410 0.031481 0.026042
7 0.286574 0.509896 0.033333 0.026042
7 0.331250 0.525521 0.031944 0.025347
7 0.327778 0.482292 0.029630 0.025000
7 0.396065 0.507986 0.029167 0.022222
7 0.399537 0.547222 0.028704 0.022917
7 0.428009 0.519792 0.027315 0.021528
7 0.431250 0.558333 0.029167 0.022917
7 0.458565 0.531076 0.025463 0.021181
7 0.460880 0.566667 0.026389 0.020139
7 0.503935 0.548958 0.022685 0.018750
7 0.507407 0.581944 0.024074 0.018750
7 0.582639 0.579340 0.021759 0.016319
7 0.585417 0.607812 0.022685 0.016319
7 0.368519 0.594271 0.026852 0.020486
7 0.469676 0.618924 0.020833 0.017014
7 0.271065 0.191146 0.041204 0.029514
7 0.407407 0.176042 0.038889 0.028472
7 0.552083 0.158854 0.039352 0.030208
7 0.646528 0.271007 0.034722 0.023958
7 0.659722 0.285764 0.028704 0.021528
7 0.673148 0.299826 0.028704 0.020486
7 0.527546 0.284375 0.032870 0.022917
7 0.543981 0.298438 0.028704 0.020486
7 0.561111 0.312326 0.028704 0.021181
7 0.415046 0.296528 0.031019 0.023611
7 0.431019 0.310069 0.032407 0.020833
7 0.452083 0.323611 0.029167 0.020139
7 0.166435 0.355382 0.028241 0.019792
7 0.539815 0.401562 0.025926 0.017708
7 0.633796 0.393576 0.025926 0.017708
7 0.730556 0.385590 0.026852 0.018403
7 0.778472 0.438194 0.021759 0.015972
7 0.694213 0.445660 0.022685 0.014931
7 0.612963 0.452431 0.021296 0.015972
7 0.497222 0.507118 0.017593 0.012847
7 0.670602 0.492535 0.019907 0.013542
7 0.742130 0.486806 0.020370 0.013194
7 0.844676 0.513021 0.018056 0.012153
7 0.778472 0.518056 0.018981 0.011806
7 0.714815 0.522743 0.017593 0.012153
7 0.558333 0.547396 0.021296 0.014236
7 0.410185 0.709201 0.018519 0.011458
13 0.871065 0.604340 0.026389 0.031597
13 0.806250 0.608333 0.024537 0.030556
13 0.746065 0.611111 0.028241 0.031250
6 0.385417 0.266840 0.033796 0.019097
