10 0.509954 0.843056 0.343056 0.203472
1 0.396296 0.474132 0.081481 0.162847
1 0.579398 0.508681 0.079167 0.153472
1 0.741204 0.539062 0.082407 0.148264
7 0.977315 0.567187 0.045370 0.039931
7 0.982870 0.627951 0.034259 0.040625
7 0.731713 0.517361 0.058796 0.042361
7 0.735417 0.582812 0.054167 0.043403
7 0.571296 0.485938 0.062963 0.044792
7 0.572685 0.553646 0.062037 0.047569
7 0.394676 0.450347 0.062500 0.045833
7 0.390741 0.521007 0.062037 0.048264
7 0.216204 0.021528 0.071296 0.042361
7 0.424769 0.082986 0.064352 0.052083
12 0.178935 0.865972 0.060648 0.080556
9 0.720602 0.925694 0.032870 0.061806
7 0.961574 0.515104 0.045370 0.045486
6 0.600463 0.106597 0.078704 0.066667
6 0.896991 0.207986 0.077315 0.055556
