7 0.727307 0.826554 0.0394345 0.0558862
7 0.112599 0.844742 0.0243056 0.0353836
7 0.482143 0.30539 0.0322421 0.0512566
13 0.660466 0.846395 0.0446429 0.078373
0 0.0231895 0.930556 0.0374504 0.130291
7 0.680928 0.58168 0.0399306 0.0694444
1 0.0276538 0.729332 0.0533234 0.225198
7 0.0224454 0.790509 0.0448909 0.0631614
7 0.0261657 0.911872 0.0275298 0.0386905
7 0.343502 0.632771 0.0644841 0.135251
7 0.605283 0.625165 0.0443948 0.0737434
7 0.657614 0.66336 0.0503472 0.0873016
7 0.903522 0.348214 0.0605159 0.0912698
7 0.109127 0.965112 0.0267857 0.0367064
7 0.0290179 0.842593 0.0252976 0.0363757
7 0.72061 0.541336 0.046875 0.0740741
7 0.552703 0.650628 0.0543155 0.0955688
7 0.111235 0.913194 0.0260417 0.0353836
6 0.706349 0.135913 0.0510913 0.0813492
12 0.955357 0.750165 0.0882936 0.215939
7 0.761533 0.672454 0.0558036 0.0843254
0 0.110491 0.936177 0.0369544 0.125661
6 0.104167 0.0269511 0.0535714 0.0539021
7 0.839906 0.410053 0.061756 0.0906085
7 0.0921379 0.625496 0.0597718 0.145172
9 0.193204 0.805886 0.0947421 0.294974
7 0.0225694 0.965112 0.0277778 0.0393519
7 0.516493 0.218419 0.0478671 0.0697751
7 0.970238 0.280093 0.0595238 0.101852
12 0.495288 0.705357 0.120536 0.242725
7 0.227555 0.623677 0.0682044 0.132937
6 0.222098 0.0388558 0.0518353 0.0770503
9 0.408234 0.806548 0.0873016 0.297619
1 0.732019 0.789517 0.0528274 0.165013
6 0.514633 0.0911045 0.0416667 0.088955
6 0.334573 0.0539021 0.0525794 0.0886243
6 0.611359 0.110615 0.0446429 0.0863095
9 0.606523 0.822255 0.0860615 0.280093
