10 0.747917 0.490451 0.166204 0.109375
10 0.547917 0.510417 0.123611 0.084722
10 0.411574 0.524306 0.100000 0.070139
10 0.322685 0.532986 0.082407 0.056944
10 0.248380 0.540799 0.075463 0.053819
1 0.982407 0.212674 0.035185 0.126042
1 0.898380 0.244271 0.067130 0.117708
1 0.748611 0.289931 0.056481 0.102778
1 0.681481 0.310417 0.052778 0.095833
1 0.623843 0.327951 0.052315 0.089236
1 0.537963 0.354167 0.046296 0.079861
1 0.497917 0.368576 0.045833 0.076736
1 0.460880 0.378646 0.042130 0.071181
1 0.403704 0.394097 0.037037 0.065972
1 0.374306 0.403646 0.034722 0.063542
1 0.347917 0.411632 0.034722 0.060069
1 0.307639 0.423090 0.030093 0.055903
1 0.287500 0.429861 0.027778 0.054167
1 0.267130 0.435764 0.028704 0.053472
1 0.235880 0.444444 0.029167 0.049306
7 0.318056 0.106250 0.036111 0.029167
7 0.301620 0.121701 0.036574 0.028125
7 0.281019 0.140278 0.034259 0.026389
7 0.428472 0.119271 0.036574 0.028125
7 0.407639 0.135243 0.035648 0.025347
7 0.386574 0.149653 0.033333 0.025000
7 0.534028 0.130556 0.033796 0.025694
7 0.485417 0.157986 0.031944 0.026389
7 0.905556 0.220312 0.041667 0.034375
7 0.907176 0.273090 0.041204 0.035069
7 0.757176 0.269792 0.035648 0.030556
7 0.756019 0.316146 0.036111 0.030208
7 0.689583 0.290104 0.033796 0.026042
7 0.687963 0.334028 0.036111 0.026389
7 0.631019 0.309201 0.031481 0.025347
7 0.631019 0.350521 0.033333 0.026736
7 0.546296 0.337847 0.028704 0.021528
7 0.544907 0.374306 0.028704 0.022222
7 0.503472 0.351910 0.026389 0.022569
7 0.503472 0.385590 0.027315 0.021181
7 0.466898 0.363021 0.025463 0.020486
7 0.465741 0.395660 0.026852 0.021875
7 0.408565 0.381250 0.024537 0.018750
7 0.408333 0.410590 0.025000 0.021181
7 0.380093 0.389757 0.023148 0.018403
7 0.379861 0.418924 0.022685 0.019097
7 0.354398 0.398264 0.022685 0.017361
7 0.354167 0.426389 0.024074 0.018056
7 0.311806 0.412500 0.018981 0.015972
7 0.311806 0.436979 0.019907 0.016319
7 0.291435 0.418403 0.018981 0.015278
7 0.290972 0.443056 0.018056 0.015972
7 0.271528 0.425174 0.018056 0.015625
7 0.270370 0.448611 0.019444 0.014583
7 0.240509 0.434722 0.019907 0.013889
7 0.239815 0.456771 0.018519 0.014931
7 0.562500 0.414236 0.027778 0.020139
7 0.748380 0.181597 0.030093 0.034028
7 0.287731 0.228819 0.027315 0.030556
7 0.374537 0.238194 0.025926 0.026389
7 0.279398 0.293403 0.022685 0.020139
7 0.205093 0.287674 0.022222 0.019097
7 0.033333 0.356424 0.018519 0.016319
7 0.093519 0.360243 0.018519 0.014236
7 0.153472 0.362847 0.018056 0.014583
7 0.325463 0.379340 0.023148 0.021181
13 0.020602 0.440104 0.028241 0.031597
13 0.076620 0.443056 0.028241 0.029167
13 0.134491 0.444097 0.028241 0.030556
6 0.561574 0.075694 0.058333 0.029167
