10 0.645668 0.755084 0.309854 0.214038
10 0.204861 0.742436 0.232474 0.150050
12 0.813823 0.810144 0.066799 0.079117
7 0.890046 0.828745 0.039352 0.046379
1 0.797288 0.376860 0.132937 0.189732
1 0.633598 0.405134 0.133598 0.170883
1 0.496362 0.432292 0.117725 0.161706
1 0.303075 0.465526 0.108135 0.143849
1 0.214947 0.481647 0.111111 0.130952
1 0.128803 0.494172 0.102844 0.120288
7 0.127646 0.528398 0.064815 0.038938
7 0.140873 0.473090 0.055556 0.035962
7 0.228836 0.459697 0.057540 0.035962
7 0.210979 0.516245 0.054894 0.038442
7 0.300595 0.500992 0.064153 0.044147
7 0.318452 0.442336 0.062831 0.042411
7 0.491567 0.468502 0.078373 0.048611
7 0.508929 0.404142 0.075397 0.045883
7 0.645172 0.377480 0.072090 0.050595
7 0.630126 0.449157 0.079034 0.051587
7 0.793816 0.424107 0.079696 0.057540
7 0.807044 0.346602 0.073082 0.053819
7 0.819775 0.549107 0.073413 0.076885
7 0.672784 0.561880 0.061177 0.064732
7 0.361276 0.589782 0.057870 0.056052
7 0.277612 0.597842 0.053902 0.053819
7 0.023313 0.617932 0.045966 0.041915
7 0.025794 0.499876 0.050926 0.034474
7 0.197090 0.072545 0.055556 0.054315
7 0.355489 0.139757 0.051587 0.052827
7 0.333333 0.363219 0.041667 0.039435
7 0.684028 0.278398 0.047288 0.045883
7 0.047123 0.261161 0.041336 0.043651
