9 0.741237 0.078869 0.047950 0.064484
9 0.859623 0.203993 0.032077 0.034970
9 0.878142 0.234747 0.032077 0.034970
9 0.785053 0.140625 0.038360 0.042163
9 0.808697 0.168403 0.033399 0.039187
7 0.535218 0.150546 0.038690 0.030258
7 0.573909 0.177331 0.038690 0.030258
7 0.667989 0.181424 0.049603 0.038442
7 0.665675 0.220114 0.029762 0.022569
7 0.690476 0.235987 0.029762 0.022569
7 0.774140 0.259549 0.029762 0.022569
8 0.755126 0.282490 0.030093 0.109127
8 0.498016 0.240079 0.029101 0.113095
8 0.484458 0.238343 0.029101 0.113095
8 0.513558 0.244048 0.029101 0.113095
8 0.535714 0.253720 0.023810 0.100694
8 0.544312 0.260169 0.023810 0.100694
8 0.552579 0.264385 0.023810 0.100694
8 0.572751 0.271329 0.021825 0.095734
8 0.582176 0.270337 0.021495 0.088294
7 0.470734 0.280010 0.016204 0.019345
7 0.847222 0.040427 0.041667 0.034226
7 0.858466 0.078001 0.041667 0.026538
8 0.818783 0.378968 0.026455 0.173611
1 0.865245 0.365203 0.022156 0.048859
1 0.924769 0.369420 0.022156 0.048859
1 0.986276 0.366443 0.022156 0.048859
7 0.864418 0.361483 0.020503 0.017609
7 0.925595 0.362475 0.020503 0.017609
7 0.985780 0.363219 0.020503 0.017609
7 0.964120 0.372644 0.021495 0.015129
7 0.895007 0.371900 0.021495 0.015129
7 0.848380 0.371156 0.021495 0.015129
