8 0.449074 0.369916 0.029101 0.085565
8 0.361276 0.347842 0.022156 0.135169
8 0.351687 0.349826 0.022156 0.135169
8 0.340774 0.352555 0.022156 0.135169
8 0.314319 0.362971 0.018849 0.123264
8 0.300761 0.367436 0.018849 0.123264
8 0.291667 0.368056 0.016534 0.116567
8 0.272487 0.374628 0.015212 0.107887
8 0.265377 0.377108 0.014881 0.104911
8 0.257440 0.376860 0.014881 0.101438
8 0.212467 0.403150 0.020833 0.057788
8 0.174438 0.410094 0.020833 0.057788
8 0.192626 0.409846 0.020833 0.057788
1 0.080357 0.423735 0.019180 0.030506
7 0.128968 0.373636 0.015212 0.010169
7 0.006448 0.421999 0.012235 0.011161
1 0.007606 0.423859 0.014550 0.037202
7 0.156911 0.434524 0.014220 0.011409
7 0.099372 0.431300 0.014220 0.011409
7 0.066964 0.430308 0.014220 0.011409
7 0.066303 0.429812 0.014220 0.011409
7 0.181878 0.347594 0.015212 0.010169
7 0.199570 0.339162 0.018188 0.013641
7 0.221892 0.326885 0.021825 0.015377
7 0.285384 0.303571 0.023148 0.017857
7 0.325893 0.285466 0.030093 0.020833
7 0.373347 0.259549 0.031746 0.026042
12 0.403274 0.184028 0.055225 0.050099
12 0.353671 0.209325 0.049272 0.042659
12 0.495536 0.144097 0.123347 0.056052
7 0.582672 0.172371 0.035053 0.044643
9 0.579696 0.219122 0.039683 0.063740
7 0.534226 0.296999 0.032077 0.032490
1 0.929563 0.383681 0.017857 0.035714
7 0.928737 0.375992 0.012897 0.011409
7 0.930390 0.392609 0.012897 0.011409
7 0.868882 0.382688 0.012897 0.011409
7 0.869213 0.396329 0.012897 0.011409
1 0.866402 0.389633 0.017857 0.035714
1 0.835317 0.392609 0.017857 0.035714
1 0.807870 0.396825 0.017857 0.035714
7 0.836640 0.385789 0.011243 0.008185
7 0.836971 0.399926 0.011243 0.008185
7 0.807209 0.402406 0.011243 0.008185
7 0.807870 0.387525 0.011243 0.008185
7 0.835648 0.342138 0.010582 0.009673
7 0.862103 0.344618 0.010582 0.009673
7 0.888228 0.348834 0.010582 0.009673
7 0.878638 0.313616 0.012566 0.007688
7 0.953704 0.323041 0.012566 0.012153
3 0.985119 0.328373 0.024471 0.049603
6 0.967262 0.234747 0.009259 0.007688
6 0.973214 0.236979 0.009259 0.007688
9 0.894676 0.235243 0.010251 0.013641
9 0.972057 0.215402 0.010251 0.013641
6 0.875661 0.257192 0.014550 0.010913
6 0.844577 0.264137 0.015212 0.010417
6 0.745701 0.286086 0.011905 0.008185
6 0.771660 0.279514 0.012235 0.006944
7 0.749339 0.306052 0.015873 0.014881
7 0.736111 0.325397 0.015873 0.014881
7 0.711640 0.317956 0.015873 0.014881
7 0.717427 0.371900 0.016204 0.012153
7 0.682209 0.377604 0.011243 0.011657
7 0.647487 0.381820 0.011243 0.011657
7 0.759259 0.392733 0.007937 0.007192
7 0.758267 0.406374 0.007937 0.007192
1 0.758102 0.398562 0.011574 0.029762
4 0.706515 0.425223 0.067130 0.046379
2 0.717923 0.333829 0.033069 0.031250
2 0.705192 0.367932 0.016865 0.033978
2 0.681713 0.343006 0.033399 0.023313
2 0.650463 0.348834 0.030423 0.021577
3 0.669147 0.371528 0.014881 0.033730
3 0.637897 0.373884 0.014550 0.033482
1 0.606481 0.369668 0.026455 0.036458
1 0.578373 0.371900 0.020503 0.035962
1 0.555721 0.375868 0.016865 0.030010
7 0.582507 0.364335 0.012235 0.011409
7 0.581184 0.382440 0.012235 0.011409
7 0.607308 0.379340 0.013558 0.011657
7 0.608300 0.362351 0.012235 0.011409
7 0.557705 0.369296 0.012235 0.011409
7 0.556713 0.384673 0.012235 0.011409
7 0.535549 0.430060 0.010251 0.009425
1 0.534557 0.420015 0.017526 0.034474
7 0.537698 0.354415 0.011243 0.010913
7 0.517692 0.358383 0.009590 0.008929
7 0.576554 0.345486 0.011574 0.009921
12 0.886243 0.450149 0.015873 0.017857
10 0.846396 0.451637 0.059854 0.034722
10 0.751488 0.453249 0.039352 0.029018
11 0.640542 0.473338 0.057540 0.056300
11 0.557209 0.491815 0.108466 0.099206
