10 0.480903 0.781250 0.206250 0.226389
12 0.278125 0.865509 0.032639 0.085648
12 0.012674 0.872917 0.024653 0.078241
9 0.886285 0.862963 0.039931 0.104630
9 0.955035 0.861343 0.046875 0.101389
1 0.080382 0.365278 0.079514 0.185185
1 0.339757 0.364583 0.052431 0.183796
1 0.481944 0.363657 0.049306 0.184722
1 0.626042 0.360417 0.052083 0.186574
1 0.886285 0.354167 0.074653 0.185185
7 0.836979 0.821296 0.026736 0.037963
7 0.223438 0.888657 0.027431 0.030093
7 0.302604 0.278472 0.026736 0.034722
7 0.677431 0.273843 0.028472 0.033796
7 0.890278 0.415046 0.047222 0.057870
7 0.874653 0.337963 0.046528 0.061111
7 0.627257 0.421065 0.044792 0.057870
7 0.623437 0.343056 0.042014 0.058333
7 0.482639 0.347685 0.043750 0.055556
7 0.481771 0.421528 0.044792 0.056944
7 0.337674 0.422454 0.045486 0.062500
7 0.341667 0.346759 0.041667 0.061111
7 0.078646 0.423148 0.046875 0.060185
7 0.095660 0.348380 0.045486 0.057870
7 0.033854 0.554630 0.042708 0.055556
7 0.161458 0.550000 0.042361 0.051852
7 0.389931 0.552083 0.038889 0.052315
7 0.512500 0.547454 0.038889 0.052315
7 0.639236 0.546991 0.038889 0.052315
7 0.869618 0.532639 0.039236 0.056019
7 0.487153 0.293056 0.036806 0.042593
