4 0.369213 0.329167 0.095833 0.120139
4 0.322685 0.336632 0.082407 0.112847
4 0.283796 0.339583 0.087037 0.109028
2 0.335417 0.090972 0.126389 0.124306
3 0.321065 0.169618 0.076389 0.120486
3 0.250694 0.193403 0.067130 0.108333
3 0.190741 0.210938 0.062037 0.101042
1 0.115509 0.208507 0.057870 0.096875
1 0.068287 0.221528 0.053241 0.093056
1 0.025926 0.234201 0.050926 0.089236
1 0.878472 0.280208 0.040278 0.077083
1 0.753241 0.294618 0.038889 0.071875
1 0.691667 0.303472 0.039815 0.070833
1 0.631944 0.309722 0.038889 0.067361
1 0.543056 0.320833 0.035185 0.062500
7 0.882407 0.264236 0.030556 0.020833
7 0.880324 0.299479 0.029167 0.021181
7 0.759028 0.280903 0.027315 0.020139
7 0.756250 0.312153 0.026389 0.022222
7 0.770602 0.340625 0.025463 0.019444
7 0.711806 0.346528 0.024537 0.018056
7 0.695602 0.288889 0.027315 0.019444
7 0.694676 0.320660 0.025463 0.019097
7 0.639120 0.296701 0.023611 0.019097
7 0.637500 0.326389 0.024074 0.018750
7 0.547917 0.309375 0.024537 0.018750
7 0.546296 0.335590 0.022222 0.017708
7 0.571759 0.359896 0.022222 0.015625
7 0.526852 0.364583 0.022222 0.015972
7 0.420602 0.373785 0.018056 0.015625
13 0.116898 0.322222 0.035648 0.036111
13 0.175231 0.328299 0.031944 0.035069
7 0.377546 0.072569 0.040278 0.036806
7 0.336574 0.198437 0.037963 0.032986
7 0.268287 0.217535 0.033796 0.030903
7 0.202083 0.232118 0.034722 0.033681
7 0.127778 0.188715 0.034259 0.026736
7 0.125231 0.230382 0.033796 0.030903
7 0.080324 0.203819 0.031019 0.025694
7 0.078009 0.242708 0.034722 0.029861
7 0.034491 0.215451 0.032870 0.024653
7 0.033333 0.254861 0.034259 0.025000
11 0.068981 0.503993 0.137037 0.237153
10 0.715972 0.434722 0.126389 0.076389
12 0.654398 0.439757 0.042130 0.032292
12 0.806944 0.435243 0.037963 0.030208
12 0.879398 0.434028 0.031944 0.034722
7 0.420370 0.034201 0.043519 0.041319
7 0.084722 0.160590 0.032407 0.032986
7 0.128241 0.149132 0.033333 0.027431
7 0.178704 0.130903 0.036111 0.029167
7 0.877778 0.013542 0.041667 0.026389
7 0.774306 0.124132 0.030093 0.023958
7 0.703241 0.109722 0.027778 0.025000
7 0.626852 0.092882 0.029630 0.026736
7 0.755787 0.211458 0.020833 0.022917
7 0.701620 0.202778 0.020833 0.021528
7 0.534259 0.274653 0.020370 0.022917
7 0.527315 0.237674 0.017593 0.017708
7 0.383565 0.217708 0.018981 0.016667
6 0.582407 0.075868 0.041667 0.019097
7 0.544213 0.078125 0.018981 0.015972
6 0.727083 0.041146 0.041204 0.027431
6 0.787037 0.023611 0.047222 0.030556
