10 0.533796 0.357465 0.378704 0.255208
10 0.092361 0.390278 0.183796 0.172222
1 0.114352 0.063889 0.112963 0.127083
1 0.038426 0.081424 0.075926 0.142014
7 0.728704 0.081424 0.082407 0.062153
7 0.551852 0.124479 0.073148 0.054514
7 0.135648 0.220833 0.053704 0.043056
7 0.336343 0.026910 0.080093 0.050347
7 0.122685 0.096528 0.061111 0.052083
7 0.139120 0.025174 0.056019 0.045486
7 0.046528 0.061111 0.056944 0.045833
7 0.035648 0.126910 0.057407 0.046875
12 0.761806 0.463542 0.081019 0.067361
9 0.815972 0.527604 0.028241 0.055208
