11 0.440509 0.635069 0.620833 0.486111
2 0.693981 0.199306 0.068519 0.120139
2 0.527546 0.194965 0.063426 0.139236
2 0.365972 0.199306 0.060648 0.147222
2 0.218519 0.353819 0.077778 0.139583
2 0.921296 0.420660 0.044444 0.073958
2 0.411806 0.422222 0.034722 0.070833
2 0.340972 0.422569 0.037500 0.071528
7 0.024537 0.142361 0.043519 0.052778
7 0.159028 0.136458 0.057870 0.049306
7 0.397685 0.121875 0.045370 0.056250
7 0.541898 0.113715 0.056019 0.060069
7 0.700694 0.107292 0.058796 0.068056
7 0.786574 0.220660 0.036111 0.041319
10 0.919676 0.541146 0.117130 0.071875
12 0.891435 0.543924 0.020833 0.035764
