7 0.587467 0.317212 0.040675 0.028770
7 0.657077 0.311384 0.070767 0.049851
8 0.722388 0.414559 0.020172 0.066220
8 0.704530 0.410218 0.019511 0.064980
8 0.690642 0.409598 0.022156 0.065724
7 0.735615 0.021701 0.069114 0.042907
6 0.942791 0.283482 0.022487 0.018353
8 0.736938 0.415923 0.020172 0.066964
12 0.827381 0.346230 0.164021 0.161210
7 0.377646 0.309648 0.070767 0.056300
7 0.113095 0.028026 0.080688 0.055556
7 0.228340 0.023313 0.083003 0.046131
7 0.020668 0.032862 0.040675 0.061260
7 0.480324 0.297991 0.080357 0.059276
7 0.301753 0.296999 0.081019 0.066716
7 0.192791 0.295015 0.081349 0.069692
7 0.771991 0.042535 0.071759 0.075149
