10 0.605093 0.411632 0.202778 0.128125
3 0.895370 0.109375 0.071296 0.171528
3 0.637037 0.195312 0.057407 0.116319
3 0.528472 0.226215 0.052315 0.107292
3 0.438426 0.250174 0.052778 0.096181
2 0.463657 0.195139 0.087500 0.098611
2 0.563657 0.160069 0.085648 0.107639
2 0.681713 0.122569 0.095833 0.121528
7 0.951852 0.084549 0.056481 0.049653
7 0.904167 0.164931 0.054630 0.042361
7 0.707407 0.109896 0.042593 0.037847
7 0.643981 0.227604 0.038889 0.032986
7 0.676852 0.170139 0.042593 0.035417
7 0.768287 0.184028 0.036574 0.029167
7 0.586806 0.149479 0.040278 0.032292
7 0.535417 0.253993 0.035648 0.029514
7 0.562731 0.205208 0.037500 0.027083
7 0.561574 0.236458 0.029630 0.022917
7 0.445602 0.276042 0.032870 0.027083
7 0.489352 0.182639 0.030556 0.028472
7 0.467824 0.231250 0.033796 0.025694
9 0.303241 0.335764 0.058333 0.106944
9 0.232176 0.349479 0.055093 0.089236
13 0.683102 0.311806 0.050463 0.038194
13 0.622685 0.296007 0.050926 0.039931
8 0.020833 0.334028 0.040741 0.230556
7 0.181481 0.229167 0.063889 0.045139
7 0.072222 0.253819 0.060185 0.041667
8 0.556713 0.519444 0.006019 0.023611
8 0.562269 0.519444 0.006019 0.022917
8 0.567130 0.519618 0.004630 0.023264
11 0.381250 0.506424 0.259722 0.155903
6 0.052778 0.339757 0.016667 0.012153
6 0.105556 0.348438 0.015741 0.010069
6 0.346296 0.376563 0.015741 0.007986
6 0.471528 0.398264 0.016204 0.005556
6 0.574074 0.377083 0.022222 0.010417
6 0.624306 0.372049 0.020833 0.008681
