1 0.564583 0.876620 0.089583 0.227315
1 0.063368 0.565741 0.115625 0.312963
1 0.234896 0.668750 0.098958 0.287500
1 0.468056 0.807639 0.086806 0.239352
6 0.644792 0.522917 0.068750 0.064352
7 0.453819 0.773380 0.050000 0.070833
7 0.227778 0.752778 0.068750 0.088889
6 0.811285 0.672454 0.038542 0.040278
1 0.642708 0.907870 0.076389 0.184259
7 0.738194 0.572917 0.040278 0.054167
7 0.863715 0.515972 0.043403 0.057870
7 0.914062 0.768519 0.035764 0.045370
7 0.685069 0.868287 0.029861 0.040278
7 0.469271 0.705787 0.037153 0.050463
7 0.229861 0.627546 0.063194 0.086574
7 0.046354 0.650926 0.075347 0.096296
7 0.057118 0.517130 0.075347 0.096296
7 0.463889 0.880324 0.056944 0.073611
7 0.548090 0.836111 0.046181 0.066667
7 0.558681 0.938889 0.050000 0.068519
7 0.631076 0.890972 0.046181 0.061574
7 0.644618 0.975000 0.051042 0.050000
7 0.750000 0.968519 0.040972 0.055556
7 0.796528 0.064352 0.047222 0.072222
7 0.533507 0.047222 0.059375 0.087963
7 0.386458 0.157870 0.053472 0.089815
