12 0.019792 0.100694 0.038889 0.191204
12 0.318056 0.185648 0.145833 0.166667
12 0.471701 0.233333 0.114931 0.144444
12 0.633160 0.290741 0.102431 0.112037
12 0.701910 0.317130 0.085764 0.098148
12 0.805035 0.346528 0.081597 0.082870
12 0.852604 0.364120 0.066319 0.076389
9 0.947743 0.426620 0.020486 0.075463
9 0.927951 0.420833 0.021875 0.079630
9 0.905729 0.415741 0.021181 0.083333
9 0.822049 0.390741 0.025347 0.096296
9 0.789062 0.384028 0.029514 0.100463
9 0.755382 0.375694 0.029514 0.105093
10 0.097396 0.465046 0.148958 0.158796
3 0.132986 0.215741 0.044444 0.156481
3 0.204861 0.233333 0.047917 0.138889
7 0.126389 0.253241 0.029167 0.041667
7 0.197049 0.269676 0.026736 0.037500
7 0.076042 0.105093 0.033333 0.035185
7 0.151910 0.132870 0.028819 0.037037
7 0.220486 0.154861 0.027778 0.037500
7 0.095660 0.072222 0.027431 0.034259
7 0.327257 0.155093 0.023264 0.026852
7 0.073090 0.025231 0.022569 0.029167
7 0.136632 0.011111 0.023264 0.021296
7 0.332986 0.090509 0.021528 0.025463
7 0.490972 0.048380 0.022222 0.027315
7 0.560243 0.030093 0.022569 0.027778
7 0.632812 0.013426 0.023958 0.025926
7 0.410243 0.259722 0.046875 0.055556
