10 0.130093 0.634201 0.259259 0.230903
10 0.387500 0.702778 0.209259 0.143750
10 0.546991 0.739236 0.137500 0.106250
1 0.146759 0.215451 0.122222 0.191319
1 0.252546 0.296007 0.104167 0.171875
1 0.337500 0.359896 0.088889 0.150347
1 0.445139 0.442188 0.071759 0.124653
1 0.489583 0.478993 0.065278 0.114931
1 0.528241 0.507292 0.065741 0.105556
1 0.583102 0.549653 0.054167 0.093750
1 0.664352 0.613368 0.044444 0.076736
7 0.494213 0.066493 0.055093 0.044792
7 0.674074 0.045139 0.056481 0.046528
7 0.868981 0.026215 0.061111 0.048264
7 0.132176 0.179167 0.079167 0.061111
7 0.125694 0.263889 0.080093 0.060417
7 0.238657 0.261458 0.061574 0.054167
7 0.234954 0.338194 0.067130 0.052083
7 0.324537 0.329688 0.054630 0.046875
7 0.322222 0.400174 0.049074 0.047569
7 0.433333 0.417535 0.041667 0.037153
7 0.432407 0.473958 0.043519 0.036806
7 0.573843 0.529340 0.031944 0.027431
7 0.574074 0.573090 0.034259 0.029514
7 0.657639 0.597222 0.032870 0.024306
7 0.659028 0.631771 0.030093 0.023264
7 0.131481 0.407465 0.057407 0.044792
7 0.386111 0.566840 0.039815 0.031597
13 0.826620 0.665278 0.037500 0.035417
13 0.895139 0.665451 0.032870 0.034375
13 0.970602 0.663889 0.031019 0.036806
7 0.642593 0.322396 0.038889 0.034375
7 0.711343 0.434549 0.030093 0.026736
7 0.760417 0.508160 0.025463 0.025347
7 0.846528 0.505729 0.025463 0.023264
7 0.937037 0.503819 0.026852 0.022917
7 0.869676 0.559028 0.020833 0.020139
7 0.794676 0.559722 0.020833 0.022917
7 0.946065 0.556076 0.021759 0.021181
9 0.019907 0.746875 0.030556 0.043750
8 0.342593 0.805382 0.016667 0.060764
8 0.362731 0.807292 0.015278 0.061111
6 0.379630 0.090451 0.084259 0.038542
9 0.413889 0.049306 0.048148 0.056944
