11 0.596759 0.786285 0.501852 0.410069
1 0.311111 0.448785 0.108333 0.180903
1 0.390278 0.285590 0.092593 0.154514
1 0.461806 0.336458 0.082870 0.143056
1 0.524074 0.379688 0.081481 0.130903
1 0.118981 0.597569 0.041667 0.071528
1 0.274306 0.624132 0.036574 0.057986
1 0.332407 0.634722 0.032407 0.054167
7 0.292593 0.410590 0.065741 0.051736
7 0.295833 0.494618 0.069444 0.052431
7 0.371759 0.250868 0.055556 0.044792
7 0.374537 0.323611 0.058333 0.045833
7 0.446528 0.309201 0.049537 0.039236
7 0.449769 0.372396 0.049537 0.039931
7 0.507870 0.351736 0.047222 0.036111
7 0.511343 0.410243 0.048611 0.037153
7 0.600694 0.391319 0.034722 0.028472
7 0.595833 0.436285 0.032407 0.030903
7 0.638889 0.418750 0.037037 0.028472
7 0.592361 0.482812 0.037500 0.030903
7 0.789352 0.531944 0.024074 0.019444
7 0.787731 0.562847 0.022685 0.018750
7 0.790046 0.595139 0.024537 0.020139
7 0.071065 0.358854 0.031019 0.028819
7 0.286343 0.447743 0.025463 0.020486
7 0.309259 0.455729 0.024074 0.021875
7 0.384954 0.448264 0.023611 0.022222
7 0.112731 0.583681 0.027315 0.022222
7 0.113889 0.614410 0.025926 0.019792
7 0.268981 0.612153 0.022222 0.016667
7 0.269676 0.639757 0.021759 0.017014
7 0.326389 0.623090 0.020370 0.016319
7 0.327778 0.648785 0.019444 0.014931
7 0.296528 0.669792 0.022685 0.015278
7 0.325926 0.673438 0.021296 0.016319
7 0.080787 0.019965 0.076389 0.039236
7 0.279398 0.148785 0.065278 0.061458
7 0.367361 0.212847 0.055093 0.061111
7 0.434491 0.264410 0.050463 0.053125
7 0.568519 0.363715 0.042593 0.044792
7 0.758565 0.510069 0.027315 0.026389
7 0.412500 0.504861 0.019444 0.026389
7 0.342824 0.586632 0.016204 0.017708
7 0.392824 0.582639 0.013426 0.017361
11 0.943287 0.764410 0.113426 0.155903
4 0.769907 0.680729 0.046296 0.075347
11 0.160185 0.777604 0.254630 0.205903
10 0.328704 0.745139 0.091667 0.063194
10 0.427778 0.744792 0.074074 0.046528
