4 0.543056 0.288194 0.142593 0.252083
4 0.415509 0.307986 0.124537 0.236806
4 0.295370 0.327083 0.137963 0.220139
7 0.160880 0.044965 0.068056 0.057292
7 0.387500 0.137153 0.062037 0.051389
7 0.565509 0.092535 0.072685 0.058681
7 0.986806 0.459375 0.026389 0.027083
7 0.715278 0.325868 0.034259 0.023264
7 0.601389 0.341493 0.032407 0.019792
7 0.741667 0.461285 0.026852 0.021875
7 0.640509 0.468750 0.025463 0.021528
9 0.689120 0.398264 0.031944 0.061111
8 0.756250 0.526563 0.018056 0.073958
8 0.731250 0.527951 0.019907 0.072569
8 0.676620 0.528819 0.018981 0.073611
8 0.631019 0.531944 0.017593 0.071528
8 0.654398 0.532118 0.017130 0.075347
8 0.652546 0.532118 0.042130 0.087847
12 0.668981 0.332813 0.102778 0.075347
6 0.699769 0.185764 0.048611 0.024306
6 0.046528 0.372396 0.045833 0.017708
