10 0.690046 0.788021 0.281019 0.195486
10 0.412731 0.809896 0.179167 0.139236
10 0.253472 0.816493 0.147685 0.103125
1 0.973611 0.340451 0.052778 0.188542
1 0.747685 0.436806 0.104630 0.155556
1 0.640509 0.477778 0.097685 0.140972
1 0.557176 0.512674 0.085648 0.128819
1 0.440278 0.559028 0.072222 0.112500
1 0.386343 0.579167 0.068981 0.103472
1 0.338889 0.598264 0.065741 0.099306
1 0.270833 0.627083 0.065741 0.092361
7 0.769676 0.410938 0.059722 0.047569
7 0.756481 0.479167 0.064815 0.047222
7 0.840741 0.579167 0.055556 0.038889
7 0.737731 0.603993 0.048611 0.037153
7 0.662731 0.455382 0.054167 0.042014
7 0.652546 0.517188 0.053241 0.044097
7 0.577083 0.489757 0.045833 0.037153
7 0.565046 0.547917 0.050463 0.038194
7 0.457639 0.537847 0.038426 0.031944
7 0.447222 0.587847 0.038889 0.032639
7 0.474306 0.667535 0.038426 0.028125
7 0.404167 0.561111 0.032407 0.030556
7 0.391898 0.607639 0.035648 0.030556
7 0.355787 0.580903 0.035648 0.028472
7 0.287037 0.608333 0.032407 0.027778
7 0.276852 0.649653 0.033333 0.027083
7 0.346065 0.625000 0.036574 0.029167
13 0.091667 0.625521 0.041667 0.051736
7 0.155556 0.194271 0.054630 0.062153
7 0.311343 0.235069 0.051389 0.061806
7 0.454861 0.274132 0.049537 0.057292
7 0.038889 0.356944 0.043519 0.052083
7 0.161111 0.384549 0.041667 0.046181
7 0.279398 0.410243 0.041204 0.043403
7 0.067824 0.472222 0.031019 0.038889
7 0.165278 0.492361 0.031481 0.037500
7 0.320370 0.570486 0.032407 0.032639
7 0.482639 0.497743 0.040278 0.038542
7 0.774306 0.361111 0.047685 0.052083
6 0.559259 0.251563 0.071296 0.037847
