11 0.282862 0.525298 0.142113 0.258929
13 0.857515 0.357970 0.028522 0.047950
13 0.822297 0.377480 0.016121 0.030093
13 0.835193 0.368552 0.016121 0.030093
7 0.841146 0.237269 0.014137 0.021495
7 0.660838 0.239253 0.014137 0.021495
7 0.655754 0.258598 0.011409 0.018519
7 0.651538 0.277447 0.011409 0.018519
7 0.479043 0.244213 0.014137 0.021495
7 0.384053 0.221726 0.016617 0.029431
7 0.324653 0.221230 0.015377 0.028439
7 0.266617 0.223710 0.017361 0.028770
7 0.168651 0.225860 0.015377 0.028439
7 0.111111 0.226852 0.015377 0.028439
7 0.055804 0.226190 0.015377 0.028439
1 0.771081 0.404927 0.011409 0.061839
1 0.727431 0.405589 0.011409 0.061839
1 0.684276 0.406581 0.011409 0.061839
7 0.771081 0.394015 0.011905 0.014881
7 0.771329 0.420800 0.011905 0.014881
7 0.727679 0.420800 0.011905 0.014881
7 0.727183 0.393684 0.011905 0.014881
7 0.684028 0.395007 0.011905 0.014881
7 0.684276 0.419808 0.011905 0.014881
7 0.608631 0.420470 0.011905 0.014881
7 0.608631 0.395007 0.011905 0.014881
7 0.567708 0.394676 0.011905 0.014881
7 0.567708 0.419808 0.011905 0.014881
7 0.527282 0.419808 0.011905 0.014881
7 0.528026 0.395337 0.011905 0.014881
1 0.609127 0.404266 0.011409 0.061839
1 0.567708 0.406581 0.011409 0.061839
1 0.527778 0.408896 0.011409 0.061839
1 0.458581 0.406581 0.011409 0.061839
7 0.459077 0.394015 0.011905 0.014881
7 0.458085 0.417493 0.011905 0.014881
7 0.420139 0.417493 0.011905 0.014881
7 0.420387 0.395007 0.011905 0.014881
1 0.419395 0.404927 0.011409 0.061839
1 0.380208 0.405258 0.011409 0.061839
7 0.380208 0.418485 0.011905 0.014881
7 0.381696 0.393684 0.011905 0.014881
1 0.312252 0.403604 0.011409 0.061839
7 0.313492 0.391700 0.011905 0.014881
7 0.314236 0.414848 0.011905 0.014881
7 0.275546 0.391369 0.011905 0.014881
1 0.274182 0.395172 0.010665 0.042989
1 0.235739 0.395172 0.010665 0.042989
7 0.238591 0.390377 0.011905 0.014881
7 0.175223 0.236276 0.011657 0.020172
7 0.196553 0.253142 0.011657 0.020172
2 0.148934 0.253803 0.026538 0.069114
2 0.089906 0.252811 0.026538 0.069114
2 0.025918 0.255787 0.036954 0.066468
3 0.066344 0.316138 0.016617 0.079365
3 0.008433 0.316468 0.016369 0.079365
3 0.127480 0.311508 0.017361 0.083995
1 0.036334 0.398810 0.017609 0.057540
7 0.038442 0.388558 0.010913 0.015212
7 0.037698 0.411706 0.010913 0.015212
4 0.065848 0.433366 0.033978 0.097553
4 0.099826 0.435020 0.033978 0.097553
4 0.135541 0.433697 0.033978 0.097553
10 0.024678 0.499835 0.036954 0.055225
10 0.153026 0.499504 0.040675 0.053241
10 0.567460 0.508598 0.056052 0.061508
10 0.410094 0.506118 0.033482 0.055225
7 0.460069 0.511574 0.008433 0.013889
9 0.481771 0.509590 0.009177 0.015873
9 0.374008 0.504795 0.008929 0.021495
9 0.679067 0.527943 0.010913 0.025463
7 0.672619 0.500992 0.008433 0.014550
10 0.722966 0.511243 0.060020 0.063492
9 0.065476 0.164187 0.012897 0.016204
9 0.265129 0.160053 0.009921 0.017196
9 0.289187 0.160053 0.009921 0.017196
9 0.325645 0.158730 0.009921 0.017196
6 0.262897 0.190642 0.011905 0.017526
6 0.297247 0.189484 0.010169 0.016534
6 0.332961 0.188161 0.010169 0.017857
6 0.395461 0.186839 0.011161 0.019180
6 0.430928 0.186012 0.010169 0.017526
6 0.467882 0.186343 0.011161 0.020172
9 0.405878 0.157242 0.008681 0.015542
9 0.436632 0.156581 0.008681 0.015542
9 0.462674 0.155754 0.011657 0.017196
6 0.534970 0.182540 0.010417 0.019180
6 0.610863 0.179729 0.009921 0.020172
7 0.572545 0.174272 0.009673 0.014550
6 0.074529 0.192460 0.012153 0.017857
