11 0.493519 0.609028 0.275000 0.211806
11 0.705324 0.574826 0.126389 0.130903
4 0.891204 0.457986 0.072222 0.103472
4 0.837037 0.462500 0.073148 0.100000
4 0.784954 0.465278 0.080093 0.097222
2 0.872454 0.249479 0.104167 0.105208
3 0.851852 0.316493 0.059259 0.111458
3 0.771991 0.332639 0.055093 0.107639
3 0.700000 0.349306 0.054630 0.103472
1 0.618750 0.351910 0.046759 0.082292
1 0.567593 0.362500 0.043519 0.079861
1 0.519444 0.372743 0.042593 0.076736
1 0.947917 0.431771 0.030093 0.060764
1 0.477778 0.467014 0.041667 0.069444
7 0.951620 0.420660 0.021759 0.016319
7 0.950231 0.446701 0.021759 0.019097
7 0.969444 0.468056 0.022222 0.017361
7 0.906019 0.235243 0.037963 0.030903
7 0.977778 0.278993 0.037963 0.028125
7 0.863426 0.343576 0.036111 0.028819
7 0.782639 0.359722 0.033796 0.028472
7 0.712269 0.373264 0.031019 0.026389
7 0.626389 0.333160 0.032407 0.026736
7 0.624537 0.370660 0.028704 0.025347
7 0.574537 0.345660 0.027778 0.023264
7 0.573843 0.381771 0.028241 0.025347
7 0.527778 0.356250 0.026852 0.022222
7 0.525231 0.390278 0.025463 0.022222
7 0.485648 0.388715 0.024074 0.019792
7 0.450694 0.396007 0.023611 0.018403
7 0.484954 0.453125 0.026389 0.020833
7 0.484259 0.485590 0.025000 0.021181
7 0.019676 0.487500 0.031944 0.027083
1 0.018981 0.494444 0.033333 0.054861
7 0.038889 0.504861 0.025926 0.022917
12 0.088889 0.386806 0.056481 0.037500
13 0.573380 0.443576 0.029167 0.030903
13 0.621296 0.446007 0.031481 0.031597
7 0.763657 0.484028 0.019907 0.014583
7 0.743056 0.446007 0.019444 0.015625
7 0.740972 0.467361 0.018056 0.015278
7 0.935880 0.199479 0.037500 0.032986
7 0.850694 0.224306 0.036574 0.031944
7 0.667824 0.278472 0.030093 0.027083
7 0.567361 0.305556 0.028241 0.031250
7 0.493056 0.328993 0.024074 0.025347
7 0.455556 0.338542 0.024074 0.025000
7 0.420139 0.347569 0.024537 0.024306
7 0.931019 0.387326 0.024074 0.021875
7 0.963194 0.355729 0.018981 0.019097
10 0.928704 0.548611 0.104630 0.068056
6 0.974769 0.202083 0.042130 0.020833
