10 0.064120 0.530903 0.089352 0.056944
10 0.267824 0.550694 0.054167 0.038889
10 0.329167 0.556076 0.045370 0.032986
12 0.110648 0.421007 0.073148 0.069792
12 0.215278 0.446528 0.061111 0.059722
12 0.418519 0.504861 0.041667 0.036806
12 0.447222 0.512500 0.035185 0.031944
12 0.487731 0.523438 0.043056 0.028125
12 0.510648 0.527431 0.025926 0.022222
12 0.529861 0.536458 0.033796 0.022222
12 0.560417 0.545139 0.025463 0.020139
7 0.179630 0.453819 0.036111 0.023611
7 0.442593 0.519965 0.015741 0.011458
9 0.569907 0.555903 0.008333 0.020833
9 0.594213 0.561632 0.007870 0.018403
9 0.580556 0.557465 0.007407 0.019097
9 0.603241 0.563194 0.005556 0.015972
9 0.574769 0.556424 0.007870 0.019792
9 0.598611 0.561979 0.006481 0.017014
9 0.088426 0.199826 0.022222 0.029514
9 0.126157 0.221354 0.022685 0.025347
9 0.145833 0.232813 0.022222 0.024653
9 0.207176 0.270313 0.018056 0.020486
9 0.230556 0.284549 0.017593 0.019792
9 0.244676 0.293576 0.017130 0.020486
6 0.093287 0.210417 0.020833 0.013889
6 0.162500 0.251910 0.017593 0.012153
6 0.234954 0.294618 0.016204 0.010069
6 0.257407 0.308507 0.014815 0.009375
6 0.211343 0.280382 0.015278 0.010764
6 0.293750 0.328819 0.013426 0.009028
6 0.311806 0.336979 0.012500 0.007986
6 0.327778 0.348611 0.012963 0.008333
6 0.353241 0.364931 0.012037 0.007639
6 0.366667 0.371528 0.011111 0.007639
6 0.378704 0.380903 0.011111 0.007639
7 0.084259 0.310590 0.019444 0.013542
7 0.145602 0.307812 0.018981 0.014236
7 0.209028 0.306250 0.019907 0.013889
7 0.316898 0.364410 0.015278 0.010764
7 0.263657 0.365278 0.015278 0.011111
7 0.212037 0.366319 0.015741 0.010417
7 0.087731 0.369097 0.015278 0.009722
7 0.345139 0.376215 0.009722 0.007292
7 0.387963 0.403646 0.012963 0.008681
7 0.343519 0.403472 0.012963 0.008333
7 0.298843 0.403472 0.012500 0.008333
7 0.437500 0.430903 0.010185 0.007639
7 0.399074 0.430903 0.011111 0.006944
7 0.361111 0.430903 0.011111 0.006944
7 0.268056 0.431076 0.011111 0.007292
7 0.279398 0.455382 0.011574 0.007292
7 0.474537 0.450868 0.010185 0.006597
7 0.407407 0.450868 0.009259 0.005903
7 0.340046 0.473438 0.010648 0.006597
3 0.062037 0.440278 0.029630 0.041667
0 0.046296 0.488194 0.030556 0.030556
0 0.021065 0.482639 0.031019 0.031250
7 0.037037 0.481076 0.011111 0.007986
7 0.036806 0.494618 0.010648 0.007986
7 0.056481 0.452083 0.017593 0.013889
7 0.115741 0.419792 0.016667 0.011111
7 0.276157 0.496701 0.011574 0.010069
7 0.294676 0.501215 0.011574 0.009375
7 0.312500 0.505035 0.012037 0.008681
7 0.339583 0.510243 0.009722 0.008681
7 0.353704 0.512674 0.008333 0.006597
7 0.367130 0.515278 0.009259 0.007639
7 0.256713 0.478646 0.011574 0.009375
7 0.037963 0.213542 0.028704 0.019444
7 0.024537 0.460069 0.011111 0.007639
