1 0.932986 0.340741 0.042361 0.150000
1 0.774479 0.539120 0.028125 0.087500
3 0.590625 0.429861 0.041667 0.132870
3 0.737674 0.403241 0.044097 0.137037
3 0.479687 0.450000 0.037847 0.112037
3 0.379167 0.466435 0.035417 0.105093
3 0.662674 0.418519 0.045486 0.131481
7 0.179688 0.286111 0.023958 0.045370
7 0.503472 0.316204 0.022917 0.047222
7 0.694792 0.255556 0.027778 0.044444
7 0.456424 0.293519 0.027431 0.051852
7 0.544792 0.333565 0.023611 0.043981
7 0.734549 0.278241 0.028125 0.044444
7 0.068403 0.329861 0.025000 0.041204
7 0.651389 0.227778 0.029167 0.050000
7 0.526215 0.147685 0.032292 0.061111
7 0.120313 0.264352 0.026042 0.044444
7 0.196181 0.180324 0.024306 0.052315
7 0.264062 0.207176 0.028819 0.046759
7 0.307465 0.335648 0.023264 0.038889
7 0.946701 0.456019 0.014931 0.029630
7 0.792535 0.469676 0.019792 0.035648
7 0.398611 0.074306 0.040972 0.063426
7 0.351736 0.354398 0.022222 0.037500
7 0.012674 0.311806 0.020486 0.041204
7 0.325347 0.235417 0.027778 0.050463
10 0.705208 0.644213 0.143056 0.143981
10 0.466667 0.644676 0.116667 0.118981
11 0.804688 0.787963 0.069097 0.215741
12 0.278472 0.434491 0.111111 0.131944
10 0.295312 0.644444 0.097569 0.102778
4 0.967708 0.684491 0.033333 0.118056
12 0.181424 0.453241 0.096181 0.113889
12 0.046701 0.480556 0.087847 0.102778
9 0.012847 0.615278 0.019444 0.055556
1 0.828993 0.537037 0.028125 0.089815
1 0.724653 0.543750 0.025694 0.084722
1 0.926910 0.527778 0.037153 0.100926
1 0.988889 0.523611 0.022222 0.101852
3 0.425521 0.458565 0.037847 0.107870
2 0.394097 0.412731 0.054167 0.093056
2 0.443924 0.402083 0.053125 0.097685
2 0.501389 0.391667 0.060417 0.102778
2 0.614583 0.366667 0.055556 0.111111
2 0.688715 0.349074 0.060764 0.119444
2 0.771007 0.334259 0.063542 0.127778
6 0.257812 0.088426 0.041319 0.036111
6 0.294097 0.065278 0.044444 0.041667
6 0.335938 0.045370 0.047569 0.039815
6 0.412326 0.012269 0.046875 0.023611
7 0.059375 0.241204 0.027083 0.048148
7 0.467882 0.109259 0.040625 0.062963
7 0.725347 0.526157 0.019444 0.024537
7 0.724653 0.563194 0.019444 0.024537
7 0.775521 0.560880 0.021181 0.024537
7 0.775694 0.522454 0.020139 0.026389
7 0.830382 0.557870 0.020486 0.025926
7 0.831424 0.518056 0.020486 0.025926
7 0.742361 0.477315 0.019444 0.030556
7 0.783507 0.314352 0.035069 0.042593
7 0.742014 0.442824 0.032639 0.041204
7 0.666319 0.455787 0.031250 0.039352
7 0.700694 0.330787 0.031250 0.039352
7 0.626042 0.351157 0.031250 0.039352
7 0.594444 0.465046 0.031250 0.039352
7 0.483854 0.479398 0.026736 0.034722
7 0.514062 0.374306 0.026736 0.034722
7 0.458160 0.387731 0.026736 0.034722
7 0.430382 0.487269 0.024653 0.031944
7 0.380382 0.493750 0.024653 0.031944
7 0.407813 0.398380 0.024653 0.031944
7 0.204514 0.456713 0.050694 0.086574
7 0.936111 0.128935 0.031944 0.042130
7 0.977951 0.116667 0.028819 0.046296
7 0.933507 0.384259 0.038542 0.046296
7 0.934201 0.314815 0.038542 0.046296
7 0.931597 0.511343 0.022917 0.028241
7 0.931597 0.550694 0.022917 0.028241
