1 0.092130 0.173264 0.145370 0.225694
1 0.241435 0.256076 0.131944 0.199653
1 0.357176 0.322396 0.112500 0.172569
5 0.506481 0.414236 0.098148 0.149306
5 0.567824 0.451389 0.095833 0.142361
5 0.620602 0.477951 0.083796 0.126736
0 0.711343 0.514931 0.108796 0.100694
0 0.745139 0.527604 0.105093 0.085764
0 0.776620 0.548958 0.102315 0.093750
1 0.531713 0.647049 0.067130 0.117014
11 0.734954 0.785764 0.214352 0.257639
4 0.244676 0.607292 0.145833 0.220833
4 0.142593 0.588889 0.124074 0.236806
4 0.055556 0.570312 0.110185 0.262847
7 0.055556 0.141319 0.071296 0.063194
7 0.062269 0.232465 0.072685 0.062153
7 0.207176 0.229167 0.060648 0.052083
7 0.217824 0.307465 0.065278 0.051042
7 0.329630 0.296528 0.057407 0.047917
7 0.336806 0.367188 0.056019 0.046181
7 0.481250 0.382292 0.047685 0.040278
7 0.485648 0.441146 0.046296 0.039236
7 0.674306 0.494097 0.032870 0.028472
7 0.681944 0.539583 0.033333 0.026389
7 0.710417 0.514410 0.034722 0.027431
7 0.742130 0.533681 0.031481 0.025000
7 0.062037 0.406076 0.062963 0.048958
7 0.539352 0.622743 0.036111 0.030208
7 0.544444 0.673438 0.039815 0.031597
7 0.463194 0.343924 0.047685 0.046181
7 0.647454 0.457118 0.031944 0.031597
7 0.024306 0.776042 0.036574 0.027778
1 0.024769 0.780556 0.045833 0.059722
11 0.359259 0.860069 0.392593 0.279861
