1 0.160069 0.221528 0.060417 0.181019
1 0.410938 0.265509 0.048958 0.163426
1 0.292014 0.243056 0.050000 0.171296
1 0.311111 0.534028 0.025694 0.084722
1 0.371875 0.537731 0.027083 0.081944
1 0.138021 0.515278 0.027431 0.085185
1 0.573438 0.563657 0.024653 0.081944
1 0.070139 0.510417 0.029861 0.089352
1 0.248785 0.527083 0.026736 0.087500
2 0.752083 0.271296 0.074306 0.135185
2 0.645139 0.248611 0.063194 0.136111
2 0.853819 0.292130 0.081250 0.135185
3 0.591146 0.338194 0.048958 0.145833
3 0.805729 0.372454 0.053125 0.143981
3 0.700000 0.359028 0.047917 0.141204
4 0.634722 0.567593 0.062500 0.172222
4 0.700347 0.574769 0.059722 0.168981
4 0.763715 0.581713 0.059375 0.160648
11 0.229861 0.751157 0.459028 0.494907
10 0.532639 0.710880 0.040278 0.085648
12 0.431424 0.705093 0.017014 0.045370
12 0.828819 0.735648 0.020139 0.043519
12 0.947743 0.746991 0.018403 0.035648
6 0.974306 0.374074 0.030556 0.029630
9 0.926215 0.754630 0.011458 0.029630
1 0.937847 0.603241 0.028472 0.075926
1 0.847396 0.594907 0.028819 0.077778
1 0.522743 0.556481 0.020486 0.079630
1 0.466146 0.552315 0.021181 0.081481
1 0.018056 0.418981 0.035417 0.203704
7 0.919271 0.374306 0.021181 0.041204
7 0.889757 0.369444 0.019792 0.044444
7 0.799653 0.408565 0.040278 0.049537
7 0.698438 0.389583 0.041319 0.056019
7 0.734549 0.266204 0.037847 0.044444
7 0.760590 0.359954 0.032986 0.042130
7 0.672396 0.346991 0.036458 0.040278
7 0.641146 0.337963 0.021181 0.042593
7 0.632639 0.246991 0.036111 0.045833
7 0.588889 0.375000 0.041667 0.051852
7 0.411111 0.312731 0.040972 0.049537
7 0.413889 0.243287 0.040972 0.049537
7 0.294618 0.221991 0.037847 0.047685
7 0.286285 0.292824 0.037847 0.047685
7 0.157812 0.268519 0.042014 0.055556
7 0.166146 0.197222 0.040625 0.053704
7 0.073958 0.494444 0.021528 0.025926
7 0.067708 0.532870 0.021528 0.025926
7 0.135069 0.538889 0.021528 0.025926
7 0.139236 0.502315 0.021528 0.025926
7 0.009549 0.466435 0.018403 0.052315
7 0.016319 0.382639 0.031944 0.058796
7 0.250694 0.514120 0.020139 0.027315
7 0.247569 0.550694 0.020139 0.027315
7 0.309722 0.555324 0.020139 0.027315
7 0.311806 0.520602 0.018750 0.024537
7 0.370486 0.526157 0.018750 0.024537
7 0.367708 0.560417 0.018750 0.024537
7 0.467361 0.537037 0.016667 0.022222
7 0.466493 0.572222 0.017708 0.023148
7 0.521701 0.543056 0.015625 0.023148
7 0.520660 0.578241 0.015625 0.023148
7 0.573611 0.583796 0.018056 0.024074
7 0.573958 0.549537 0.018056 0.024074
7 0.848264 0.612963 0.018056 0.023148
7 0.846007 0.581481 0.017708 0.022222
7 0.934201 0.592130 0.018403 0.022222
7 0.938368 0.622222 0.018403 0.022222
7 0.901215 0.500000 0.015625 0.028704
7 0.842361 0.528241 0.014583 0.025926
7 0.091840 0.448148 0.021181 0.034259
7 0.188542 0.125000 0.039583 0.071296
7 0.304861 0.148611 0.035417 0.068519
7 0.414410 0.169907 0.033681 0.063889
7 0.592708 0.208333 0.031250 0.053704
7 0.687326 0.225000 0.032292 0.054630
7 0.782118 0.243519 0.036458 0.057407
7 0.832639 0.279630 0.034028 0.046296
7 0.446354 0.311806 0.022569 0.040278
7 0.459375 0.717130 0.013194 0.023148
