7 0.293056 0.152546 0.024306 0.038426
10 0.431944 0.523843 0.075000 0.165278
11 0.602431 0.671065 0.056944 0.113426
11 0.698438 0.701620 0.128125 0.161574
10 0.351562 0.590972 0.041319 0.115278
10 0.308854 0.627546 0.027431 0.088426
13 0.783507 0.207870 0.051042 0.087037
4 0.556597 0.632407 0.016667 0.063889
4 0.568229 0.629861 0.014236 0.065278
4 0.579167 0.626157 0.015278 0.065278
13 0.711458 0.190972 0.047222 0.091204
13 0.637153 0.172917 0.047917 0.093981
12 0.038542 0.659491 0.034722 0.043981
12 0.936458 0.491435 0.028472 0.036574
12 0.911285 0.498148 0.024653 0.036111
12 0.889931 0.504861 0.024306 0.036574
12 0.795833 0.541435 0.033333 0.033796
12 0.665278 0.582407 0.026389 0.025926
9 0.165104 0.701852 0.008681 0.028704
9 0.761632 0.582870 0.010764 0.033333
9 0.787847 0.578704 0.011111 0.034259
9 0.705035 0.600000 0.010069 0.028704
9 0.648090 0.615509 0.010069 0.028241
9 0.308160 0.162500 0.014931 0.036111
9 0.284028 0.268056 0.015278 0.035185
9 0.281424 0.283796 0.014236 0.034259
9 0.276562 0.302315 0.012153 0.029630
9 0.256250 0.392593 0.009028 0.026852
6 0.280035 0.233333 0.037847 0.025000
6 0.305208 0.103241 0.045833 0.030556
6 0.313889 0.056944 0.045833 0.030556
6 0.324479 0.013194 0.051736 0.025463
8 0.128472 0.710880 0.006944 0.043056
5 0.634549 0.501389 0.033681 0.067593
5 0.612500 0.513194 0.032639 0.064352
5 0.591840 0.523148 0.029514 0.059259
1 0.547222 0.546065 0.019444 0.057870
1 0.563021 0.538426 0.020486 0.054630
0 0.680208 0.473148 0.040278 0.068519
0 0.711458 0.456944 0.043056 0.074074
0 0.748264 0.437500 0.043056 0.077778
2 0.384028 0.185880 0.085417 0.120833
2 0.363194 0.246528 0.079167 0.112500
3 0.387326 0.280324 0.057292 0.129167
3 0.364236 0.324537 0.052083 0.123148
7 0.147743 0.684954 0.007292 0.014352
7 0.142187 0.686806 0.007292 0.013426
7 0.161111 0.587731 0.008333 0.013426
7 0.183681 0.587731 0.008333 0.013426
7 0.159028 0.570602 0.008333 0.013426
7 0.184722 0.570602 0.008333 0.013426
7 0.156771 0.520833 0.011458 0.018519
7 0.187847 0.523380 0.010417 0.017130
7 0.190451 0.490741 0.012847 0.019444
7 0.225174 0.492593 0.011458 0.016667
7 0.155382 0.487731 0.013542 0.021759
7 0.152257 0.443056 0.014931 0.025000
7 0.193924 0.445139 0.012847 0.023611
7 0.235069 0.448148 0.011806 0.023148
7 0.246528 0.388194 0.015278 0.028241
7 0.199132 0.382176 0.016319 0.028241
7 0.147396 0.378009 0.017014 0.029167
7 0.141146 0.280093 0.023958 0.039815
7 0.205035 0.286574 0.023958 0.039815
7 0.264410 0.297917 0.019097 0.034722
7 0.356771 0.086343 0.018403 0.033796
7 0.215625 0.135880 0.029167 0.048611
7 0.128299 0.118287 0.033681 0.049537
7 0.423958 0.195370 0.028472 0.034259
7 0.441493 0.409954 0.014236 0.027315
7 0.548264 0.511806 0.011806 0.025463
7 0.563715 0.502315 0.010069 0.025926
7 0.579167 0.490741 0.013194 0.026852
7 0.610938 0.472222 0.012153 0.025926
7 0.632292 0.459259 0.013889 0.026852
7 0.655903 0.444213 0.015278 0.027315
7 0.702951 0.414352 0.017014 0.029630
7 0.734549 0.393981 0.017708 0.031481
7 0.770139 0.371528 0.018750 0.031944
7 0.755208 0.421296 0.020139 0.024074
7 0.757118 0.454167 0.017708 0.023148
7 0.719792 0.441204 0.016667 0.021296
7 0.721528 0.472685 0.016667 0.021296
7 0.704688 0.553009 0.012847 0.018056
7 0.707292 0.582407 0.013889 0.018519
7 0.690104 0.487731 0.013542 0.018981
7 0.688021 0.458102 0.014931 0.018056
1 0.707986 0.567824 0.023611 0.062500
7 0.642882 0.513657 0.014931 0.018981
7 0.640625 0.485417 0.013889 0.017130
7 0.618750 0.497454 0.013889 0.017130
7 0.619097 0.524306 0.013889 0.017130
7 0.598437 0.534722 0.012847 0.015741
7 0.598611 0.509954 0.013889 0.017130
7 0.536979 0.565509 0.010764 0.015278
7 0.536632 0.544676 0.010764 0.015278
7 0.549826 0.536806 0.010764 0.015278
7 0.550868 0.558102 0.010764 0.015278
7 0.567187 0.550694 0.010764 0.015278
7 0.567187 0.528935 0.010764 0.015278
7 0.584896 0.570833 0.010069 0.014815
7 0.568576 0.577315 0.009375 0.013889
7 0.647222 0.588194 0.010417 0.019907
7 0.664757 0.582407 0.009375 0.020370
7 0.444618 0.372454 0.025347 0.031944
7 0.443750 0.325000 0.027083 0.036111
7 0.400521 0.309722 0.028125 0.038889
7 0.376389 0.356250 0.026389 0.034722
7 0.358507 0.394444 0.023958 0.033333
7 0.338889 0.345833 0.022222 0.030556
7 0.327257 0.377083 0.020486 0.028241
7 0.327951 0.420833 0.019792 0.028704
7 0.333333 0.443750 0.024306 0.026389
7 0.321007 0.465972 0.021181 0.023611
7 0.297222 0.515278 0.020139 0.021296
7 0.293229 0.459259 0.019097 0.023148
7 0.409375 0.239120 0.029861 0.043056
7 0.411632 0.168056 0.032986 0.044444
7 0.986979 0.602546 0.015625 0.021759
7 0.936111 0.600231 0.015278 0.019907
7 0.954861 0.601157 0.013889 0.020833
8 0.803993 0.646296 0.006597 0.020370
8 0.810590 0.646759 0.006597 0.020370
8 0.816493 0.646296 0.006597 0.020370
