4 0.176389 0.435590 0.100926 0.162153
4 0.049537 0.425694 0.098148 0.161806
3 0.025000 0.187847 0.049074 0.144444
3 0.230787 0.213889 0.069907 0.138194
2 0.129630 0.108854 0.092593 0.155903
2 0.343287 0.140278 0.065278 0.145833
1 0.106713 0.447049 0.031944 0.066319
1 0.284028 0.462153 0.028241 0.064583
1 0.508796 0.480556 0.024074 0.061111
1 0.585648 0.487674 0.023148 0.059375
1 0.721528 0.499306 0.024537 0.059722
1 0.794444 0.505035 0.025926 0.058681
1 0.865278 0.511111 0.027778 0.059028
1 0.984954 0.521701 0.030093 0.056597
7 0.337269 0.246701 0.028241 0.020486
7 0.395139 0.255035 0.027315 0.018403
7 0.711111 0.291146 0.025926 0.017014
7 0.753009 0.297222 0.026389 0.017361
7 0.803009 0.302778 0.025463 0.018056
7 0.675000 0.320139 0.023148 0.015972
7 0.645370 0.346007 0.021296 0.014931
7 0.142824 0.103993 0.057870 0.042014
7 0.290972 0.191493 0.051389 0.043403
7 0.346528 0.131944 0.055093 0.038889
7 0.110185 0.435417 0.024074 0.018750
7 0.103472 0.465104 0.024537 0.018403
7 0.215509 0.502257 0.022685 0.016319
7 0.286806 0.450694 0.022685 0.017361
7 0.282407 0.479340 0.024074 0.016319
7 0.509954 0.469965 0.020833 0.015625
7 0.507639 0.497569 0.020833 0.015972
7 0.586343 0.477431 0.021759 0.015278
7 0.584491 0.505035 0.020833 0.016319
7 0.720833 0.488889 0.021296 0.015972
7 0.720139 0.515451 0.020833 0.015625
7 0.792824 0.494271 0.020833 0.014931
7 0.792361 0.521701 0.021759 0.014931
7 0.862731 0.500868 0.021759 0.014931
7 0.863194 0.527604 0.021759 0.015625
7 0.980787 0.510938 0.019907 0.014931
7 0.982639 0.537500 0.020833 0.014583
7 0.310417 0.110243 0.046759 0.033681
7 0.814120 0.444618 0.017130 0.010069
7 0.848611 0.431424 0.018519 0.012153
7 0.956481 0.392014 0.022222 0.014583
7 0.984028 0.475521 0.016204 0.010069
10 0.171065 0.583507 0.127315 0.075347
10 0.488889 0.604340 0.118519 0.071875
10 0.774769 0.622569 0.117130 0.067361
12 0.257407 0.589583 0.017593 0.032639
12 0.581250 0.608681 0.017130 0.029861
12 0.657870 0.615451 0.016667 0.030208
12 0.842361 0.626910 0.020833 0.030903
12 0.950463 0.636806 0.030556 0.025694
6 0.819676 0.299479 0.018981 0.015625
6 0.695370 0.284896 0.020370 0.016319
