10 0.403125 0.256500 0.115250 0.123667
10 0.208625 0.239000 0.112250 0.108667
10 0.059375 0.224333 0.103750 0.096667
8 0.577625 0.261333 0.014250 0.122000
7 0.564375 0.191333 0.017750 0.036000
7 0.488750 0.188167 0.019000 0.032333
7 0.194375 0.173833 0.013250 0.022333
12 0.210500 0.166333 0.026000 0.040667
12 0.170875 0.160167 0.025250 0.034333
12 0.271375 0.163667 0.020750 0.040667
12 0.325125 0.169000 0.014750 0.042667
12 0.402875 0.174500 0.025750 0.037667
12 0.450250 0.175500 0.025000 0.037667
9 0.424375 0.174667 0.013250 0.042000
9 0.476125 0.181333 0.013750 0.048000
9 0.474125 0.236167 0.020250 0.053667
9 0.507500 0.239500 0.018500 0.055667
1 0.214250 0.054167 0.044000 0.105667
1 0.164000 0.051667 0.037500 0.102667
1 0.118375 0.054833 0.041250 0.101667
1 0.046375 0.061667 0.041750 0.104667
7 0.053500 0.083167 0.024500 0.027000
7 0.049625 0.038500 0.025750 0.027667
7 0.123875 0.035167 0.025250 0.034333
7 0.124875 0.080167 0.023250 0.029000
7 0.172125 0.081500 0.022250 0.030333
7 0.169000 0.035167 0.023500 0.032333
7 0.217375 0.031833 0.022750 0.032333
7 0.222375 0.081333 0.020750 0.027333
7 0.320375 0.078833 0.028750 0.035667
7 0.450625 0.075167 0.025750 0.034333
13 0.473375 0.024500 0.048750 0.048333
