13 0.514875 0.579833 0.055250 0.101000
13 0.554625 0.574000 0.054250 0.090000
13 0.580750 0.560833 0.047500 0.069000
7 0.502125 0.279667 0.038250 0.070667
7 0.544500 0.300333 0.030000 0.052000
7 0.577375 0.317167 0.029250 0.041000
7 0.667000 0.378667 0.015000 0.032667
7 0.651125 0.370167 0.015750 0.027000
7 0.635125 0.361833 0.016750 0.037000
7 0.256500 0.168167 0.020500 0.045667
6 0.075500 0.211167 0.041000 0.030333
6 0.116875 0.206500 0.034750 0.033000
6 0.236375 0.177833 0.032250 0.029667
6 0.286750 0.166167 0.033000 0.025667
6 0.335750 0.158667 0.032000 0.034000
9 0.110750 0.161167 0.019000 0.027000
9 0.138125 0.151667 0.022750 0.030000
9 0.073875 0.166167 0.021250 0.025000
7 0.098500 0.362833 0.024500 0.039667
7 0.033500 0.350167 0.029000 0.040333
7 0.190125 0.314667 0.028750 0.050667
7 0.254000 0.331167 0.029500 0.045000
7 0.306750 0.347000 0.026000 0.040667
7 0.220625 0.387833 0.020750 0.029000
7 0.258000 0.396667 0.019000 0.026667
7 0.403375 0.378000 0.018250 0.026667
7 0.433625 0.387833 0.013750 0.022333
7 0.457250 0.394167 0.017000 0.028333
8 0.568000 0.717500 0.009500 0.060333
8 0.531875 0.714167 0.007250 0.051000
9 0.545500 0.702833 0.017500 0.057667
9 0.582750 0.715833 0.016000 0.050333
7 0.559625 0.653000 0.014250 0.026667
7 0.518250 0.653333 0.019000 0.023333
12 0.414500 0.620000 0.025500 0.036000
12 0.462875 0.623833 0.025250 0.038333
9 0.431125 0.619667 0.010250 0.032000
9 0.455125 0.626333 0.011250 0.027333
12 0.332250 0.616000 0.015000 0.029333
12 0.281625 0.611833 0.015250 0.021667
7 0.307000 0.615667 0.013000 0.018667
12 0.208875 0.602333 0.022750 0.033333
7 0.191000 0.607333 0.012000 0.022000
10 0.080125 0.694167 0.100750 0.103000
10 0.251625 0.722333 0.105250 0.112667
10 0.471750 0.753333 0.122500 0.125333
1 0.460250 0.568167 0.031500 0.114333
1 0.392750 0.566167 0.031000 0.109000
1 0.285875 0.564167 0.029750 0.104333
1 0.231125 0.557167 0.030750 0.099667
1 0.181375 0.557833 0.027750 0.098333
1 0.098250 0.555667 0.032000 0.103333
1 0.055500 0.548833 0.032500 0.089000
1 0.015875 0.551333 0.031250 0.092667
7 0.016625 0.530167 0.022250 0.030333
7 0.017500 0.566000 0.024000 0.026667
7 0.060000 0.569167 0.022000 0.025000
7 0.058875 0.530833 0.018250 0.023667
7 0.100750 0.569833 0.021000 0.023667
7 0.100125 0.530667 0.019250 0.024000
7 0.182500 0.534500 0.025500 0.025000
7 0.181750 0.574500 0.024000 0.021000
7 0.233750 0.534667 0.020000 0.024000
7 0.233000 0.577667 0.022500 0.023333
7 0.288250 0.538167 0.023000 0.025667
7 0.286750 0.584000 0.022000 0.024667
7 0.394750 0.542333 0.024500 0.031333
7 0.394250 0.588667 0.022500 0.027333
7 0.459750 0.543667 0.019500 0.025333
7 0.460625 0.591333 0.020750 0.023333
