7 0.458250 0.212667 0.024000 0.034667
7 0.457125 0.156167 0.028750 0.037000
7 0.388875 0.206167 0.022250 0.031000
7 0.387000 0.155167 0.024000 0.031667
7 0.275250 0.149667 0.024000 0.034667
7 0.278625 0.200167 0.025250 0.029000
7 0.222375 0.198167 0.021750 0.029000
7 0.219375 0.149167 0.024250 0.034333
7 0.168875 0.192167 0.021750 0.031667
7 0.163750 0.143833 0.028000 0.035667
7 0.077250 0.141167 0.022500 0.029667
7 0.082500 0.185833 0.027500 0.028333
7 0.039500 0.183833 0.026000 0.030333
7 0.031375 0.141167 0.028750 0.027667
10 0.080000 0.316000 0.100500 0.101333
10 0.255000 0.339167 0.104500 0.112333
10 0.470000 0.370167 0.106000 0.121667
13 0.507125 0.168667 0.064750 0.139333
13 0.559250 0.172000 0.049500 0.105333
9 0.546875 0.327833 0.018750 0.058333
9 0.431500 0.243667 0.013500 0.045333
12 0.412500 0.249500 0.028500 0.048333
12 0.465625 0.255500 0.027250 0.046333
12 0.200375 0.227167 0.033250 0.038333
1 0.458750 0.182667 0.036000 0.125333
1 0.387875 0.179333 0.040250 0.122667
1 0.274500 0.173333 0.045500 0.127333
1 0.216125 0.164333 0.042750 0.114000
1 0.163625 0.165500 0.042750 0.104333
1 0.077500 0.164000 0.048500 0.104667
1 0.030875 0.159000 0.045250 0.099333
8 0.570375 0.340167 0.008250 0.045667
8 0.534250 0.332167 0.007500 0.055000
