7 0.597448 0.561178 0.00835592 0.0123159
9 0.680894 0.56573 0.00993677 0.0198126
7 0.486224 0.506693 0.0117435 0.0147256
7 0.0176152 0.502544 0.00993677 0.011245
1 0.293248 0.504685 0.0110659 0.0230254
12 0.379291 0.531593 0.0106143 0.0141901
7 0.550813 0.433333 0.0103884 0.0190094
7 0.404359 0.504418 0.00925926 0.0117805
7 0.370822 0.433467 0.00993677 0.0176707
7 0.57238 0.312584 0.0128726 0.0147256
12 0.413618 0.536814 0.0110659 0.0165997
7 0.488708 0.420616 0.0130985 0.0230254
7 0.41836 0.504284 0.0101626 0.0120482
7 0.0407633 0.51178 0.00745257 0.0115127
7 0.233853 0.468675 0.0106143 0.0184739
1 0.306233 0.505087 0.0112918 0.0238286
7 0.52902 0.53079 0.0119693 0.015261
9 0.476739 0.328916 0.0112918 0.0147256
7 0.228094 0.471888 0.0103884 0.0174029
6 0.476287 0.350335 0.0158085 0.016332
9 0.416441 0.354485 0.0108401 0.0133869
9 0.767276 0.614056 0.0119693 0.0286479
9 0.0330849 0.518474 0.00971093 0.0184739
9 0.493225 0.323025 0.0117435 0.015261
7 0.536585 0.387015 0.0167118 0.0323963
7 0.403907 0.520214 0.00925926 0.0117805
7 0.465108 0.52423 0.0101626 0.0139224
2 0.195799 0.504552 0.0234869 0.0334672
7 0.389453 0.518608 0.00925926 0.011245
7 0.41757 0.521151 0.00993677 0.0120482
7 0.572719 0.394779 0.0171635 0.0334672
7 0.457882 0.417671 0.013776 0.0235609
7 0.0063234 0.502811 0.00858175 0.011245
9 0.740176 0.612182 0.0119693 0.0291834
6 0.558266 0.321151 0.0158085 0.0174029
1 0.320687 0.50589 0.0117435 0.0259705
10 0.31346 0.543641 0.0194219 0.026506
9 0.00451671 0.521687 0.00903342 0.0206158
6 0.432475 0.368273 0.0140018 0.0131191
7 0.388776 0.432396 0.0106143 0.0192771
7 0.752597 0.374029 0.0232611 0.0433735
9 0.507453 0.316064 0.0108401 0.015261
7 0.446025 0.523025 0.0103884 0.0131191
13 0.726287 0.527711 0.0397471 0.065328
12 0.670506 0.565194 0.0153568 0.0235609
7 0.447719 0.505355 0.0106143 0.0131191
1 0.341125 0.506426 0.012421 0.0307898
7 0.652326 0.514056 0.0146793 0.0192771
12 0.542796 0.548862 0.0146793 0.0230254
7 0.465673 0.505756 0.0103884 0.0139224
7 0.588528 0.511513 0.0130985 0.0174029
7 0.693089 0.546051 0.0149051 0.0179384
6 0.61958 0.305221 0.0182927 0.0203481
9 0.0223577 0.522356 0.00858175 0.0198126
7 0.211495 0.476037 0.00925926 0.0165997
1 0.692412 0.530388 0.0212285 0.0674699
1 0.332769 0.50589 0.012421 0.0291834
7 0.692638 0.517537 0.0140018 0.0182062
6 0.417005 0.373092 0.013776 0.0131191
12 0.614047 0.55743 0.0135501 0.02249
6 0.589092 0.31178 0.0196477 0.0174029
7 0.423555 0.41419 0.013776 0.0257028
12 0.694332 0.565997 0.0155827 0.0240964
13 0.755985 0.524096 0.0341012 0.0548862
7 0.52902 0.508969 0.0119693 0.0149933
7 0.603659 0.405489 0.0144535 0.026506
7 0.558266 0.532932 0.0126468 0.016332
1 0.403794 0.511513 0.0135501 0.037751
10 0.278907 0.535341 0.0149051 0.0211513
6 0.4965 0.343374 0.0155827 0.0168675
7 0.589205 0.537082 0.0140018 0.0182062
1 0.445687 0.513387 0.016486 0.0441767
12 0.579946 0.553146 0.0149051 0.0240964
7 0.726739 0.36091 0.0248419 0.0519411
1 0.417457 0.51245 0.0146793 0.0401606
1 0.353884 0.507229 0.0130985 0.0313253
7 0.55804 0.509237 0.0126468 0.0165997
10 0.477078 0.590361 0.0476513 0.0583668
1 0.389453 0.51071 0.0142276 0.0356091
1 0.371161 0.509237 0.0133243 0.032664
7 0.652213 0.542035 0.0144535 0.0190094
1 0.46556 0.51419 0.017841 0.0500669
10 0.370935 0.560643 0.0304878 0.0380187
13 0.77168 0.523025 0.0280036 0.0511379
1 0.651423 0.527845 0.0223577 0.069344
10 0.698058 0.634137 0.0727191 0.0896921
1 0.485998 0.515529 0.0185185 0.0532798
10 0.338415 0.553414 0.0246161 0.0321285
10 0.295506 0.538554 0.016486 0.0227577
1 0.587624 0.522624 0.0207769 0.0610442
1 0.528229 0.51834 0.0194219 0.0551539
11 0.174797 0.656359 0.0813008 0.146452
1 0.557136 0.519813 0.0198735 0.0586345
11 0.164973 0.576707 0.0417796 0.0733601
10 0.413505 0.573092 0.0392954 0.0452477
10 0.566396 0.611245 0.0627823 0.0696118
