7 0.238672 0.622917 0.0195312 0.0333333
7 0.551172 0.715104 0.0210938 0.0322917
9 0.0160156 0.291667 0.0164062 0.0291667
10 0.482812 0.86875 0.101562 0.11875
7 0.240234 0.330729 0.0195312 0.034375
9 0.0605469 0.292188 0.0179687 0.0322917
7 0.0417969 0.721354 0.0226563 0.0322917
6 0.303125 0.344271 0.01875 0.0364583
7 0.370313 0.435417 0.0234375 0.0479167
13 0.630859 0.647396 0.0335938 0.0614583
7 0.419922 0.717708 0.0226563 0.0333333
1 0.548437 0.694792 0.034375 0.110417
7 0.301953 0.719271 0.0226563 0.0322917
7 0.485156 0.717708 0.021875 0.0333333
7 0.0789063 0.430208 0.025 0.0520833
6 0.180078 0.340104 0.0195312 0.0364583
6 0.00742187 0.34375 0.0148437 0.0395833
7 0.164062 0.719792 0.021875 0.03125
1 0.0429688 0.695833 0.034375 0.114583
9 0.420312 0.889063 0.025 0.0614583
6 0.0671875 0.340625 0.01875 0.0375
7 0.548047 0.675 0.0210938 0.03125
7 0.232422 0.71875 0.0210938 0.03125
10 0.0136719 0.882292 0.0273438 0.11875
7 0.484375 0.674479 0.021875 0.0322917
7 0.233594 0.676042 0.021875 0.03125
7 0.301953 0.675 0.0226563 0.0333333
7 0.630859 0.441146 0.0242187 0.053125
1 0.165234 0.69375 0.0351562 0.1125
7 0.0433594 0.677083 0.0226563 0.0333333
7 0.419531 0.674479 0.021875 0.0322917
1 0.301953 0.692708 0.0335938 0.110417
7 0.165234 0.677083 0.0226563 0.0333333
13 0.657422 0.623438 0.0476562 0.0802083
1 0.420312 0.693229 0.034375 0.111458
1 0.484375 0.692708 0.034375 0.1125
10 0.234375 0.875 0.109375 0.114583
1 0.232031 0.694271 0.0328125 0.109375
