1 0.789844 0.863542 0.048438 0.158333
1 0.987500 0.821354 0.020313 0.151042
1 0.261719 0.937500 0.021875 0.125000
1 0.108594 0.955729 0.031250 0.088542
2 0.468750 0.235937 0.101562 0.201042
2 0.642188 0.151562 0.106250 0.232292
3 0.408203 0.410417 0.080469 0.268750
3 0.251953 0.473438 0.085156 0.238542
3 0.573828 0.353646 0.085156 0.309375
4 0.603125 0.770833 0.120313 0.414583
4 0.487109 0.794792 0.100781 0.370833
4 0.391406 0.815104 0.106250 0.359375
7 0.428516 0.481771 0.044531 0.086458
7 0.275391 0.535937 0.046094 0.092708
7 0.341406 0.306250 0.056250 0.060417
2 0.304297 0.325521 0.125781 0.144792
7 0.495312 0.238542 0.056250 0.064583
7 0.667188 0.163021 0.057813 0.071875
7 0.676172 0.497917 0.030469 0.039583
7 0.350391 0.595833 0.027344 0.033333
7 0.110547 0.948438 0.021094 0.032292
7 0.271094 0.923438 0.023438 0.032292
7 0.269141 0.976562 0.027344 0.034375
7 0.785547 0.836458 0.033594 0.045833
7 0.789844 0.894792 0.032813 0.050000
6 0.158594 0.603646 0.021875 0.032292
7 0.081250 0.696354 0.021875 0.046875
7 0.018750 0.657813 0.021875 0.046875
7 0.137500 0.725521 0.021875 0.046875
6 0.114844 0.623958 0.015625 0.020833
7 0.079687 0.840104 0.020313 0.042708
7 0.125781 0.856771 0.020313 0.042708
7 0.264062 0.796354 0.020313 0.042708
7 0.304688 0.823958 0.021875 0.025000
7 0.346875 0.845833 0.020313 0.033333
1 0.323828 0.925521 0.024219 0.111458
7 0.333984 0.910937 0.025781 0.030208
7 0.989062 0.797917 0.021875 0.041667
1 0.053516 0.962500 0.036719 0.075000
7 0.104297 0.990104 0.019531 0.019792
7 0.058594 0.955208 0.020313 0.027083
7 0.012109 0.963021 0.022656 0.028125
