2 0.860938 0.365104 0.065625 0.180208
3 0.880078 0.666146 0.038281 0.126042
3 0.024219 0.509896 0.040625 0.126042
4 0.860938 0.843229 0.035937 0.117708
7 0.872656 0.340104 0.042188 0.076042
7 0.737891 0.354167 0.035156 0.075000
7 0.360156 0.586979 0.018750 0.044792
7 0.610156 0.206250 0.034375 0.083333
7 0.037500 0.598958 0.021875 0.039583
8 0.605469 0.895312 0.012500 0.053125
9 0.820703 0.823958 0.035156 0.093750
9 0.550391 0.809375 0.016406 0.033333
12 0.280078 0.332813 0.096094 0.209375
12 0.665234 0.305729 0.088281 0.330208
9 0.430078 0.803125 0.017969 0.039583
9 0.612500 0.808854 0.018750 0.040625
12 0.591016 0.743750 0.028906 0.056250
12 0.532422 0.746875 0.028906 0.056250
7 0.455859 0.748437 0.016406 0.034375
0 0.153516 0.777083 0.053906 0.093750
7 0.157812 0.813542 0.020313 0.029167
7 0.163281 0.768750 0.018750 0.031250
7 0.065234 0.695312 0.017969 0.028125
7 0.066016 0.655729 0.017969 0.028125
1 0.065234 0.668750 0.036719 0.102083
1 0.011328 0.666146 0.021094 0.084375
7 0.010547 0.694792 0.016406 0.025000
7 0.013672 0.655729 0.014844 0.021875
