4 0.272656 0.428646 0.025000 0.084375
6 0.277734 0.128646 0.016406 0.028125
8 0.530469 0.341667 0.023438 0.150000
8 0.184375 0.363542 0.026562 0.108333
8 0.457813 0.333854 0.025000 0.155208
8 0.432812 0.332292 0.020313 0.156250
8 0.053906 0.355208 0.031250 0.135417
8 0.599219 0.344271 0.028125 0.126042
8 0.156641 0.363542 0.028906 0.100000
8 0.639844 0.350000 0.028125 0.110417
8 0.507422 0.333333 0.022656 0.145833
8 0.019141 0.354687 0.028906 0.132292
8 0.084375 0.358333 0.029687 0.112500
8 0.550000 0.337500 0.020313 0.152083
8 0.409766 0.335938 0.021094 0.151042
9 0.256641 0.094792 0.014844 0.020833
9 0.290234 0.100000 0.014844 0.022917
9 0.314844 0.104167 0.012500 0.025000
12 0.571094 0.129688 0.076563 0.082292
12 0.488672 0.114583 0.069531 0.089583
12 0.391797 0.094271 0.066406 0.086458
8 0.619531 0.347917 0.028125 0.110417
8 0.211328 0.366667 0.027344 0.108333
4 0.303125 0.426563 0.025000 0.084375
3 0.275391 0.320833 0.021094 0.077083
9 0.095703 0.062500 0.014844 0.022917
13 0.685937 0.372396 0.023438 0.038542
13 0.661719 0.377083 0.018750 0.037500
7 0.673438 0.276562 0.010937 0.019792
7 0.650391 0.283333 0.011719 0.016667
9 0.312109 0.200000 0.024219 0.075000
10 0.137109 0.473958 0.063281 0.070833
12 0.029687 0.465104 0.015625 0.034375
12 0.089453 0.469271 0.017969 0.036458
7 0.098828 0.173958 0.014844 0.018750
7 0.074219 0.169271 0.017188 0.023958
