10 0.117188 0.726042 0.179688 0.237500
10 0.321094 0.797917 0.109375 0.185417
10 0.440234 0.840104 0.071094 0.153125
10 0.515625 0.872396 0.051562 0.117708
6 0.390625 0.022917 0.053125 0.043750
6 0.422266 0.073958 0.036719 0.043750
7 0.153125 0.272917 0.050000 0.060417
7 0.114062 0.408854 0.043750 0.061458
7 0.183203 0.465104 0.041406 0.057292
7 0.245312 0.507812 0.037500 0.048958
7 0.323047 0.570833 0.036719 0.045833
7 0.348828 0.459375 0.036719 0.045833
7 0.385547 0.493750 0.030469 0.045833
7 0.366016 0.595313 0.033594 0.042708
3 0.133203 0.361458 0.096094 0.218750
3 0.209766 0.428646 0.080469 0.223958
3 0.260937 0.464062 0.067187 0.186458
3 0.342578 0.544792 0.061719 0.175000
3 0.381250 0.572396 0.059375 0.176042
3 0.407422 0.583854 0.046094 0.190625
2 0.191797 0.293229 0.092969 0.169792
2 0.258984 0.348438 0.089844 0.176042
2 0.303516 0.406250 0.082031 0.160417
7 0.401562 0.621875 0.035937 0.058333
13 0.354297 0.706250 0.022656 0.052083
7 0.657813 0.331250 0.032813 0.054167
7 0.575000 0.341667 0.026562 0.050000
7 0.631250 0.461979 0.025000 0.040625
