7 0.981641 0.269271 0.0242187 0.0427083
2 0.557813 0.159375 0.06875 0.1375
7 0.489844 0.288542 0.03125 0.0416667
7 0.898047 0.239063 0.0273438 0.053125
7 0.452344 0.25625 0.0296875 0.0416667
6 0.910156 0.0192708 0.021875 0.0302083
7 0.940625 0.254167 0.028125 0.0541667
7 0.973828 0.125 0.0289063 0.0479167
7 0.920703 0.104687 0.0257812 0.046875
1 0.408984 0.292708 0.0429688 0.13125
1 0.445703 0.276042 0.0445312 0.135417
2 0.694531 0.0947917 0.08125 0.177083
3 0.546094 0.245312 0.0484375 0.157292
12 0.984375 0.573958 0.0296875 0.0541667
1 0.487109 0.257292 0.0476562 0.145833
1 0.958984 0.369271 0.0445312 0.121875
10 0.746484 0.574479 0.0617188 0.0927083
7 0.742969 0.0255208 0.0390625 0.0510417
3 0.658984 0.188542 0.0554687 0.183333
1 0.855859 0.388021 0.0398437 0.113542
12 0.0296875 0.316667 0.05 0.0645833
3 0.594141 0.217187 0.0507812 0.169792
1 0.905469 0.378646 0.04375 0.121875
4 0.667188 0.429167 0.05625 0.197917
11 0.566406 0.615104 0.121875 0.203125
4 0.629297 0.435937 0.0570313 0.194792
4 0.709766 0.420833 0.0601562 0.204167
11 0.369922 0.651042 0.250781 0.389583
10 0.925781 0.561458 0.11875 0.127083
