8 0.132422 0.835938 0.044531 0.276042
8 0.163672 0.848437 0.038281 0.265625
9 0.510547 0.315625 0.078906 0.264583
9 0.577734 0.636458 0.058594 0.091667
9 0.662109 0.876042 0.038281 0.070833
7 0.603516 0.208854 0.082031 0.138542
7 0.626563 0.403125 0.075000 0.122917
7 0.642188 0.539583 0.075000 0.122917
12 0.423047 0.201042 0.210156 0.218750
12 0.423047 0.402604 0.099219 0.155208
8 0.197266 0.867188 0.038281 0.265625
8 0.242969 0.900521 0.039062 0.198958
8 0.263281 0.918229 0.028125 0.163542
8 0.284375 0.928125 0.023438 0.143750
8 0.569141 0.922396 0.055469 0.155208
