1 0.122656 0.751563 0.039062 0.138542
1 0.494141 0.722396 0.039844 0.142708
1 0.190625 0.744271 0.039062 0.144792
1 0.274219 0.736979 0.056250 0.163542
1 0.410156 0.735417 0.048438 0.143750
6 0.187891 0.336458 0.022656 0.035417
7 0.252344 0.377604 0.039062 0.078125
7 0.594141 0.321875 0.035156 0.066667
13 0.613672 0.572396 0.063281 0.107292
13 0.636719 0.621354 0.043750 0.073958
7 0.409766 0.702083 0.025781 0.037500
7 0.408203 0.757292 0.025781 0.037500
7 0.491797 0.755208 0.025781 0.037500
7 0.494141 0.695833 0.025781 0.037500
7 0.268359 0.716667 0.025781 0.037500
7 0.267578 0.767708 0.025781 0.037500
7 0.189453 0.773958 0.025781 0.037500
7 0.193359 0.718750 0.025781 0.037500
7 0.119141 0.728125 0.025781 0.037500
7 0.116797 0.779167 0.025781 0.037500
7 0.217188 0.652083 0.025000 0.047917
7 0.141797 0.582812 0.024219 0.038542
7 0.173828 0.609896 0.024219 0.038542
7 0.039453 0.509896 0.024219 0.038542
10 0.197266 0.948438 0.128906 0.103125
