6 0.429297 0.275521 0.085156 0.059375
6 0.505859 0.343229 0.075781 0.046875
6 0.642969 0.461979 0.070312 0.040625
6 0.567578 0.400521 0.074219 0.053125
6 0.665234 0.107292 0.058594 0.039583
6 0.682813 0.493229 0.057813 0.028125
6 0.717578 0.520312 0.047656 0.021875
6 0.825781 0.353125 0.037500 0.020833
6 0.777734 0.283333 0.052344 0.033333
6 0.737500 0.218750 0.050000 0.029167
6 0.703516 0.166146 0.053906 0.036458
6 0.521094 0.148438 0.046875 0.053125
6 0.580859 0.192708 0.027344 0.033333
6 0.611719 0.246354 0.045312 0.044792
