1 0.413281 0.983333 0.0359375 0.03125
7 0.607813 0.956771 0.01875 0.0302083
7 0.383203 0.78125 0.0257812 0.0458333
7 0.430859 0.751562 0.0242187 0.046875
7 0.405078 0.930729 0.0226563 0.046875
7 0.99375 0.921875 0.0125 0.0416667
7 0.851953 0.981771 0.0414063 0.0364583
7 0.277734 0.846354 0.0242187 0.0427083
7 0.241406 0.864583 0.025 0.0479167
1 0.985547 0.886458 0.0289063 0.160417
6 0.191406 0.565104 0.0328125 0.0447917
7 0.141797 0.965104 0.0289063 0.0427083
7 0.216016 0.559375 0.0273438 0.0458333
7 0.290234 0.985417 0.0257812 0.0291667
6 0.126563 0.545833 0.0328125 0.04375
7 0.201953 0.905729 0.0289063 0.053125
6 0.358594 0.636979 0.028125 0.040625
6 0.00664063 0.502083 0.0132813 0.0479167
6 0.409766 0.655208 0.0257812 0.0333333
6 0.252734 0.594792 0.0351562 0.0458333
1 0.858203 0.961979 0.0726563 0.0760417
1 0.955859 0.864062 0.0804688 0.171875
7 0.989062 0.860937 0.021875 0.046875
7 0.948047 0.773958 0.0398437 0.0625
7 0.885156 0.816146 0.040625 0.0489583
7 0.198437 0.620833 0.0359375 0.0708333
1 0.290234 0.972396 0.0367187 0.0552083
1 0.0113281 0.942708 0.0226563 0.114583
7 0.895312 0.748958 0.040625 0.0666667
1 0.141797 0.959375 0.0460938 0.08125
1 0.217969 0.963542 0.04375 0.0729167
7 0.217969 0.978125 0.028125 0.0395833
7 0.555078 0.603125 0.0429688 0.0791667
7 0.835156 0.723958 0.0453125 0.075
7 0.94375 0.839583 0.0421875 0.05
7 0.639063 0.640104 0.04375 0.0760417
1 0.894922 0.843229 0.0757812 0.165625
7 0.954687 0.903125 0.04375 0.05
7 0.716406 0.675 0.0453125 0.0770833
7 0.894922 0.881771 0.0429688 0.0510417
