4 0.459766 0.195312 0.116406 0.326042
4 0.367578 0.238021 0.116406 0.326042
4 0.292578 0.270313 0.116406 0.326042
12 0.889453 0.303646 0.064844 0.123958
9 0.807813 0.407292 0.035937 0.085417
11 0.133203 0.595313 0.264844 0.432292
1 0.069531 0.183333 0.057813 0.247917
7 0.094922 0.157292 0.046094 0.062500
7 0.083984 0.253125 0.046094 0.062500
7 0.029687 0.042708 0.040625 0.064583
6 0.730078 0.266146 0.044531 0.038542
6 0.772266 0.305208 0.039844 0.031250
7 0.854688 0.301563 0.026562 0.032292
7 0.973828 0.272396 0.032031 0.040625
8 0.903516 0.588542 0.022656 0.116667
8 0.927734 0.581250 0.022656 0.116667
8 0.953516 0.579167 0.022656 0.116667
