7 0.211719 0.545313 0.0203125 0.0364583
9 0.392188 0.431771 0.0109375 0.0239583
7 0.567187 0.709896 0.0125 0.0197917
6 0.554688 0.476562 0.015625 0.021875
2 0.227734 0.605729 0.0257812 0.0885417
9 0.426562 0.432292 0.0125 0.0229167
7 0.189844 0.722396 0.0171875 0.0239583
1 0.028125 0.728125 0.0234375 0.0770833
9 0.353906 0.427083 0.0140625 0.0229167
6 0.250781 0.448438 0.015625 0.021875
7 0.628125 0.641667 0.0125 0.0229167
7 0.767187 0.665625 0.0125 0.025
7 0.563672 0.475521 0.0132813 0.021875
7 0.519141 0.568229 0.0148437 0.0302083
7 0.473828 0.565104 0.0179687 0.0427083
7 0.703125 0.782292 0.0171875 0.025
7 0.439844 0.765625 0.015625 0.0229167
7 0.886328 0.602083 0.0195312 0.0395833
6 0.596484 0.485417 0.0164062 0.025
7 0.715625 0.584896 0.01875 0.034375
7 0.321484 0.552604 0.0179687 0.0302083
7 0.838672 0.626042 0.0164062 0.03125
3 0.113281 0.654688 0.025 0.0864583
7 0.639063 0.875521 0.0125 0.028125
7 0.785547 0.655729 0.0132813 0.0260417
7 0.701953 0.751042 0.0179687 0.025
7 0.860937 0.613542 0.01875 0.0354167
7 0.673437 0.610937 0.015625 0.0302083
7 0.439844 0.735417 0.0171875 0.025
12 0.301562 0.879167 0.0171875 0.0416667
8 0.145313 0.595312 0.0375 0.196875
6 0.427734 0.46875 0.0164062 0.025
7 0.693359 0.596875 0.0164062 0.03125
4 0.198437 0.802604 0.040625 0.117708
7 0.525781 0.772396 0.015625 0.0239583
9 0.243359 0.4125 0.0148437 0.025
3 0.271875 0.658333 0.025 0.0958333
8 0.0476562 0.590104 0.0359375 0.196875
1 0.702344 0.764063 0.0234375 0.0822917
11 0.502734 0.889583 0.178906 0.220833
8 0.296094 0.607292 0.0328125 0.195833
9 0.194141 0.406771 0.0148437 0.0239583
1 0.748047 0.76875 0.0242187 0.0791667
7 0.748828 0.676562 0.0132813 0.0239583
9 0.685938 0.906771 0.0171875 0.0447917
6 0.198828 0.44375 0.0179687 0.0270833
1 0.526563 0.754687 0.021875 0.078125
4 0.153516 0.803646 0.0414063 0.119792
12 0.122266 0.261458 0.0851562 0.154167
13 0.909766 0.735937 0.0320312 0.0552083
7 0.619141 0.746354 0.0148437 0.0239583
9 0.159766 0.404167 0.0148437 0.025
7 0.526563 0.740104 0.015625 0.0239583
8 0.0964844 0.592708 0.0351562 0.2
7 0.573047 0.74375 0.0164062 0.0229167
6 0.333203 0.458333 0.0179687 0.025
6 0.509375 0.476042 0.0171875 0.025
7 0.621094 0.778646 0.015625 0.0239583
7 0.540234 0.573958 0.0179687 0.0375
1 0.439844 0.75 0.0234375 0.0770833
8 0.339063 0.611458 0.0328125 0.19375
7 0.747656 0.755729 0.0171875 0.021875
13 0.857031 0.748438 0.0265625 0.046875
7 0.747656 0.785937 0.0171875 0.0239583
13 0.883203 0.74375 0.0273438 0.0479167
1 0.792578 0.769792 0.0257812 0.0791667
7 0.573047 0.775521 0.0164062 0.0239583
1 0.621094 0.761979 0.021875 0.078125
7 0.789844 0.756771 0.0171875 0.0239583
7 0.791406 0.786979 0.0171875 0.0239583
1 0.573047 0.757812 0.0226563 0.0760417
3 0.194141 0.658854 0.0289063 0.096875
12 0.293359 0.289583 0.0757812 0.147917
10 0.742969 0.896354 0.078125 0.084375
