1 0.487500 0.575521 0.062500 0.157292
1 0.434375 0.541146 0.053125 0.178125
3 0.646875 0.688542 0.043750 0.095833
7 0.428906 0.521875 0.037500 0.033333
7 0.588672 0.694792 0.033594 0.031250
7 0.438281 0.586979 0.043750 0.053125
7 0.524609 0.632292 0.036719 0.039583
7 0.483203 0.614062 0.041406 0.044792
7 0.580859 0.563021 0.022656 0.053125
7 0.284375 0.351562 0.043750 0.071875
7 0.128906 0.238021 0.046875 0.080208
7 0.213672 0.300000 0.049219 0.075000
7 0.389453 0.426563 0.039844 0.067708
7 0.483594 0.495312 0.026562 0.057292
7 0.550000 0.536458 0.021875 0.054167
7 0.440234 0.464583 0.028906 0.052083
7 0.486719 0.550521 0.043750 0.044792
7 0.526563 0.572917 0.029687 0.035417
7 0.591797 0.643229 0.030469 0.038542
7 0.622266 0.711979 0.022656 0.032292
7 0.622656 0.663542 0.021875 0.035417
7 0.650781 0.721875 0.031250 0.043750
7 0.652734 0.677604 0.025781 0.032292
1 0.402344 0.709896 0.054688 0.138542
7 0.392969 0.681771 0.040625 0.055208
7 0.398438 0.757812 0.035937 0.053125
1 0.108594 0.749479 0.034375 0.084375
7 0.107422 0.728646 0.025781 0.030208
7 0.105078 0.772396 0.025781 0.030208
1 0.534375 0.602604 0.034375 0.111458
7 0.588281 0.592708 0.040625 0.037500
2 0.619141 0.607292 0.075781 0.072917
3 0.604297 0.681771 0.030469 0.096875
12 0.778516 0.291667 0.091406 0.110417
