2 0.507422 0.366146 0.114844 0.303125
2 0.105078 0.440625 0.138281 0.287500
2 0.300391 0.407813 0.136719 0.265625
3 0.406250 0.515104 0.123438 0.376042
3 0.033203 0.578646 0.064844 0.273958
7 0.821875 0.606250 0.037500 0.077083
7 0.884375 0.599479 0.043750 0.067708
7 0.899609 0.689583 0.041406 0.052083
6 0.785937 0.623958 0.028125 0.052083
7 0.541016 0.337500 0.061719 0.075000
7 0.431250 0.600000 0.046875 0.104167
7 0.339844 0.381250 0.057813 0.079167
7 0.220312 0.628125 0.051562 0.100000
3 0.201172 0.566667 0.083594 0.225000
7 0.037500 0.658333 0.056250 0.089583
7 0.158594 0.418229 0.053125 0.071875
4 0.403516 0.902083 0.130469 0.195833
4 0.279297 0.902083 0.130469 0.195833
4 0.129297 0.902083 0.130469 0.195833
