7 0.86875 0.795313 0.0265625 0.0427083
7 0.742578 0.925 0.0382813 0.1125
7 0.895703 0.769792 0.0242187 0.0395833
7 0.587891 0.923437 0.0398437 0.136458
7 0.491797 0.453125 0.0257812 0.04375
11 0.0363281 0.854688 0.0726563 0.271875
6 0.482812 0.473958 0.0265625 0.0458333
7 0.229687 0.3375 0.05625 0.0895833
7 0.982422 0.680208 0.0304688 0.05
7 0.826172 0.920833 0.0289063 0.04375
6 0.559766 0.481771 0.0257812 0.0489583
1 0.142969 0.901563 0.0484375 0.167708
7 0.137891 0.935417 0.0304688 0.0458333
7 0.587891 0.905729 0.0304688 0.046875
1 0.828125 0.934896 0.0421875 0.130208
7 0.2375 0.9375 0.034375 0.04375
7 0.405859 0.951042 0.0320312 0.04375
7 0.912109 0.980208 0.0304688 0.0395833
7 0.497656 0.898958 0.0296875 0.04375
1 0.742578 0.930208 0.0414063 0.1375
7 0.735937 0.558854 0.0375 0.071875
7 0.588281 0.963542 0.0296875 0.0458333
7 0.145313 0.873958 0.03125 0.0458333
7 0.909375 0.926042 0.03125 0.04375
7 0.490625 0.822917 0.0296875 0.0541667
7 0.0640625 0.315625 0.059375 0.0875
7 0.741016 0.914583 0.0289063 0.04375
7 0.406641 0.891146 0.0304688 0.0447917
7 0.496484 0.955729 0.0304688 0.0447917
7 0.830469 0.977083 0.0296875 0.0416667
1 0.9125 0.938542 0.0453125 0.122917
7 0.745703 0.972917 0.0320312 0.0479167
7 0.241016 0.879687 0.0320312 0.0427083
1 0.239453 0.903646 0.0507812 0.146875
1 0.496484 0.919271 0.0429688 0.148958
1 0.405469 0.915104 0.046875 0.151042
1 0.588281 0.925521 0.0421875 0.142708
