6 0.957812 0.391146 0.034375 0.034375
6 0.698438 0.394792 0.028125 0.0395833
6 0.303906 0.136979 0.0265625 0.0614583
6 0.798437 0.120833 0.025 0.05
6 0.03125 0.109896 0.0578125 0.0885417
6 0.258984 0.397396 0.0414063 0.046875
6 0.977734 0.0796875 0.0445312 0.123958
6 0.507812 0.395312 0.0265625 0.0364583
6 0.515625 0.123958 0.021875 0.0541667
6 0.913672 0.119792 0.0351562 0.0625
6 0.222266 0.0973958 0.0617188 0.113542
6 0.437109 0.0875 0.0476562 0.110417
6 0.687891 0.123958 0.0320312 0.06875
6 0.766797 0.08125 0.0507812 0.108333
