7 0.0277344 0.306771 0.0539063 0.065625
0 0.139062 0.0869792 0.104687 0.165625
7 0.204297 0.196875 0.0648438 0.0854167
1 0.130469 0.182292 0.08125 0.2
7 0.0597656 0.151562 0.0554687 0.0802083
7 0.467187 0.053125 0.0671875 0.0979167
7 0.862109 0.381771 0.0414063 0.0677083
7 0.864062 0.452083 0.0421875 0.0645833
7 0.133594 0.240625 0.071875 0.0875
1 0.0339844 0.255729 0.0679687 0.176042
7 0.941797 0.597396 0.0367187 0.0552083
10 0.0464844 0.543229 0.0929687 0.228125
1 0.190625 0.138021 0.0859375 0.219792
7 0.941406 0.522917 0.040625 0.0729167
1 0.941016 0.559375 0.0429688 0.15625
10 0.269141 0.459375 0.219531 0.264583
11 0.555859 0.894271 0.200781 0.211458
11 0.844922 0.814583 0.217969 0.310417
7 0.882812 0.316667 0.034375 0.0708333
7 0.287109 0.154167 0.0695312 0.0958333
1 0.276563 0.104167 0.09375 0.208333
10 0.684375 0.320312 0.282813 0.346875
1 0.8625 0.415625 0.0484375 0.158333
