12 0.701562 0.747917 0.017188 0.037500
12 0.105859 0.728646 0.025781 0.046875
12 0.232031 0.730729 0.018750 0.038542
10 0.159766 0.733854 0.082031 0.076042
10 0.362109 0.740104 0.075781 0.082292
4 0.586328 0.667708 0.035156 0.114583
4 0.630859 0.668750 0.033594 0.110417
4 0.540625 0.664062 0.031250 0.117708
4 0.086719 0.656250 0.028125 0.110417
2 0.113281 0.466667 0.043750 0.097917
3 0.013281 0.511458 0.025000 0.112500
3 0.648047 0.519271 0.028906 0.117708
2 0.533203 0.463542 0.028906 0.093750
2 0.603125 0.467708 0.043750 0.102083
2 0.683984 0.469271 0.028906 0.105208
8 0.755469 0.465625 0.028125 0.216667
8 0.711328 0.464062 0.032031 0.213542
8 0.664844 0.461458 0.028125 0.212500
8 0.564063 0.465104 0.023438 0.211458
8 0.517188 0.458854 0.028125 0.205208
8 0.471875 0.463542 0.029687 0.210417
8 0.282813 0.457292 0.029687 0.216667
8 0.328516 0.459375 0.035156 0.210417
8 0.373437 0.456771 0.029687 0.215625
7 0.207031 0.392708 0.017188 0.033333
7 0.111328 0.579167 0.019531 0.029167
7 0.111719 0.610417 0.021875 0.025000
7 0.309766 0.582292 0.017969 0.029167
7 0.614453 0.589583 0.017969 0.027083
7 0.906250 0.594792 0.020313 0.029167
7 0.957031 0.597396 0.021875 0.026042
7 0.907422 0.630208 0.019531 0.027083
7 0.959375 0.631250 0.021875 0.031250
1 0.907031 0.611458 0.028125 0.083333
1 0.958203 0.613542 0.028906 0.079167
1 0.111328 0.591146 0.027344 0.088542
7 0.241016 0.390104 0.016406 0.034375
7 0.855469 0.418750 0.023438 0.045833
7 0.896484 0.412500 0.019531 0.033333
7 0.925000 0.419792 0.021875 0.039583
6 0.878516 0.321875 0.021094 0.029167
6 0.975391 0.323958 0.022656 0.031250
9 0.600781 0.279167 0.015625 0.022917
12 0.691016 0.135417 0.078906 0.156250
12 0.518359 0.134896 0.074219 0.136458
12 0.357031 0.138021 0.079687 0.121875
6 0.560937 0.313542 0.017188 0.020833
6 0.608984 0.315625 0.021094 0.022917
9 0.553516 0.278646 0.013281 0.023958
9 0.182812 0.271875 0.018750 0.022917
9 0.150391 0.269271 0.016406 0.023958
6 0.142187 0.310417 0.018750 0.037500
6 0.188281 0.308333 0.017188 0.033333
9 0.043750 0.267708 0.017188 0.025000
11 0.906250 0.787500 0.156250 0.293750
