10 0.777734 0.656771 0.219531 0.228125
10 0.481641 0.697917 0.142969 0.191667
10 0.288672 0.701042 0.108594 0.164583
12 0.937891 0.706771 0.057031 0.086458
9 0.899219 0.788021 0.017188 0.053125
9 0.766016 0.789062 0.019531 0.061458
13 0.060156 0.452083 0.037500 0.070833
13 0.133984 0.468750 0.041406 0.068750
7 0.241406 0.479687 0.026562 0.040625
7 0.239844 0.527604 0.026562 0.036458
7 0.276172 0.516146 0.030469 0.040625
7 0.281250 0.463021 0.031250 0.038542
7 0.319141 0.444792 0.032031 0.035417
7 0.316797 0.498958 0.036719 0.039583
7 0.400781 0.463021 0.032813 0.046875
7 0.405078 0.403646 0.032031 0.044792
7 0.453125 0.441146 0.039062 0.046875
7 0.455859 0.381250 0.032031 0.047917
7 0.518359 0.351562 0.036719 0.051042
7 0.514844 0.416667 0.034375 0.050000
7 0.646484 0.364583 0.042969 0.052083
7 0.650391 0.285938 0.044531 0.055208
7 0.739453 0.327604 0.049219 0.057292
7 0.744531 0.244792 0.050000 0.058333
7 0.850391 0.283854 0.044531 0.065625
7 0.848437 0.193750 0.045312 0.062500
1 0.844531 0.226042 0.075000 0.225000
1 0.732812 0.276042 0.065625 0.202083
1 0.643750 0.320312 0.064062 0.209375
1 0.394922 0.425521 0.053906 0.165625
1 0.451172 0.401562 0.057031 0.163542
1 0.513281 0.378125 0.062500 0.175000
1 0.311328 0.469271 0.057031 0.136458
1 0.269922 0.486979 0.049219 0.132292
1 0.236719 0.495312 0.042188 0.121875
7 0.502344 0.242188 0.026562 0.053125
7 0.310547 0.164583 0.028906 0.054167
7 0.227344 0.134896 0.034375 0.061458
7 0.131641 0.102604 0.036719 0.063542
6 0.380078 0.040104 0.036719 0.040625
6 0.340234 0.080208 0.032031 0.037500
7 0.019141 0.229167 0.032031 0.056250
7 0.097266 0.254688 0.024219 0.051042
7 0.339844 0.341667 0.023438 0.045833
7 0.761328 0.429167 0.041406 0.050000
7 0.856250 0.398438 0.040625 0.055208
7 0.551562 0.495833 0.029687 0.043750
7 0.492578 0.516667 0.035156 0.037500
7 0.317578 0.569792 0.027344 0.033333
7 0.355859 0.556771 0.024219 0.034375
