11 0.880859 0.370833 0.182031 0.279167
8 0.202344 0.155729 0.028125 0.169792
8 0.235547 0.148958 0.027344 0.164583
8 0.264844 0.143229 0.028125 0.161458
8 0.333594 0.143229 0.025000 0.169792
8 0.365625 0.142187 0.028125 0.161458
8 0.396484 0.137500 0.024219 0.160417
8 0.471875 0.127604 0.026562 0.176042
8 0.504687 0.128125 0.023438 0.170833
8 0.537500 0.125521 0.026562 0.171875
4 0.673047 0.279167 0.035156 0.106250
3 0.673828 0.148438 0.033594 0.113542
2 0.696484 0.088542 0.047656 0.108333
1 0.723828 0.223438 0.022656 0.069792
1 0.810547 0.213021 0.025781 0.069792
1 0.861328 0.209896 0.021094 0.069792
1 0.914844 0.207292 0.029687 0.070833
12 0.386328 0.357292 0.022656 0.050000
4 0.151562 0.304688 0.037500 0.092708
1 0.021875 0.186458 0.031250 0.091667
3 0.150391 0.186979 0.027344 0.103125
11 0.038281 0.399479 0.075000 0.140625
10 0.332813 0.365625 0.068750 0.077083
12 0.438281 0.353125 0.021875 0.041667
12 0.728906 0.342708 0.023438 0.043750
