12 0.304297 0.267188 0.096094 0.146875
12 0.155859 0.283333 0.110156 0.145833
12 0.635547 0.217188 0.069531 0.163542
12 0.807422 0.212500 0.080469 0.141667
12 0.971484 0.195833 0.057031 0.152083
8 0.033203 0.652604 0.041406 0.132292
8 0.064453 0.653646 0.036719 0.134375
8 0.096875 0.647917 0.039062 0.127083
8 0.162891 0.621875 0.030469 0.108333
8 0.193750 0.638542 0.034375 0.133333
8 0.226562 0.638021 0.037500 0.130208
8 0.262109 0.638542 0.035156 0.137500
8 0.583594 0.560937 0.026562 0.219792
8 0.625391 0.555729 0.030469 0.217708
8 0.671094 0.557813 0.028125 0.221875
8 0.773438 0.553646 0.032813 0.230208
8 0.824219 0.549479 0.029687 0.221875
8 0.871875 0.548438 0.034375 0.226042
8 0.981250 0.543229 0.037500 0.232292
3 0.957422 0.601042 0.036719 0.131250
11 0.132422 0.876042 0.102344 0.162500
10 0.461719 0.830208 0.078125 0.085417
10 0.658594 0.831250 0.075000 0.087500
12 0.811328 0.820833 0.025781 0.060417
12 0.401953 0.827083 0.021094 0.043750
7 0.110937 0.526042 0.023438 0.045833
7 0.175391 0.521875 0.022656 0.041667
7 0.092188 0.429688 0.046875 0.065625
7 0.249219 0.420312 0.046875 0.053125
6 0.898047 0.385417 0.021094 0.033333
6 0.987500 0.378646 0.020313 0.030208
6 0.842578 0.386979 0.019531 0.023958
6 0.794141 0.389062 0.016406 0.032292
6 0.303125 0.420833 0.017188 0.025000
6 0.348047 0.416667 0.017969 0.031250
6 0.426563 0.413542 0.018750 0.029167
6 0.473047 0.410417 0.017969 0.033333
9 0.266016 0.390104 0.016406 0.023958
9 0.293750 0.388542 0.017188 0.025000
9 0.435156 0.376042 0.015625 0.025000
9 0.464453 0.376042 0.017969 0.020833
9 0.510938 0.372917 0.020313 0.033333
7 0.492969 0.489063 0.020313 0.032292
7 0.505469 0.503646 0.017188 0.026042
7 0.535937 0.500000 0.018750 0.027083
3 0.314453 0.619792 0.028906 0.118750
2 0.413281 0.569271 0.040625 0.107292
7 0.143359 0.717187 0.017969 0.023958
7 0.148438 0.684896 0.018750 0.032292
7 0.406250 0.711979 0.018750 0.028125
7 0.407422 0.678125 0.019531 0.025000
7 0.507812 0.675000 0.017188 0.035417
7 0.508594 0.713021 0.020313 0.028125
7 0.652344 0.672396 0.021875 0.032292
7 0.599609 0.673438 0.022656 0.034375
7 0.651563 0.707812 0.023438 0.026042
7 0.705469 0.709896 0.025000 0.023958
7 0.705469 0.672917 0.021875 0.027083
7 0.859375 0.670833 0.026562 0.033333
7 0.862109 0.706250 0.017969 0.031250
7 0.916406 0.670312 0.021875 0.030208
1 0.860547 0.680208 0.027344 0.083333
1 0.703906 0.686458 0.029687 0.087500
1 0.599609 0.681771 0.028906 0.082292
1 0.653125 0.684896 0.029687 0.082292
1 0.506250 0.689063 0.031250 0.101042
1 0.408203 0.693229 0.033594 0.092708
1 0.147266 0.699479 0.032031 0.080208
9 0.888672 0.347917 0.016406 0.027083
4 0.335156 0.755208 0.029687 0.108333
4 0.296875 0.758333 0.037500 0.112500
4 0.941406 0.754167 0.034375 0.108333
4 0.891797 0.753646 0.030469 0.119792
4 0.848437 0.751042 0.028125 0.120833
