6 0.440625 0.696354 0.0359375 0.0322917
6 0.532031 0.0104167 0.0296875 0.0208333
7 0.571875 0.847396 0.0140625 0.0260417
7 0.515234 0.851562 0.0132813 0.021875
7 0.993359 0.655208 0.0132813 0.0333333
7 0.285156 0.711979 0.0203125 0.0385417
6 0.0277344 0.15 0.0351562 0.0395833
9 0.444141 0.897917 0.0148437 0.0458333
7 0.0195312 0.349479 0.0359375 0.0572917
7 0.198047 0.155729 0.0429688 0.0760417
7 0.189844 0.423958 0.0265625 0.0375
3 0.603125 0.592708 0.0484375 0.1625
4 0.273047 0.930729 0.0351562 0.123958
12 0.236719 0.539583 0.1125 0.222917
7 0.460938 0.847396 0.015625 0.0364583
7 0.854297 0.471875 0.0710938 0.129167
7 0.515234 0.411979 0.0242187 0.0385417
6 0.0191406 0.142188 0.0335938 0.0447917
10 0.146875 0.882292 0.08125 0.179167
9 0.469141 0.01875 0.0273438 0.0375
2 0.968359 0.452604 0.0632813 0.163542
7 0.978125 0.442187 0.0421875 0.059375
9 0.0304688 0.115625 0.0296875 0.0770833
7 0.434375 0.381771 0.0296875 0.0447917
7 0.158594 0.413542 0.0328125 0.0416667
7 0.63125 0.0432292 0.04375 0.071875
7 0.148828 0.725521 0.0210938 0.0385417
4 0.30625 0.930208 0.034375 0.122917
7 0.234375 0.461979 0.0265625 0.040625
1 0.788672 0.746875 0.0320312 0.110417
12 0.0324219 0.56875 0.0632813 0.177083
6 0.439063 0.0192708 0.034375 0.0385417
7 0.920313 0.660417 0.0265625 0.0458333
10 0.541406 0.871875 0.164062 0.204167
7 0.546094 0.454688 0.0265625 0.0489583
12 0.663672 0.440625 0.114844 0.291667
7 0.480859 0.376042 0.0304688 0.05
10 0.940625 0.858854 0.117188 0.219792
7 0.103516 0.729167 0.0210938 0.0375
