7 0.00625 0.234375 0.0125 0.03125
12 0.567187 0.3625 0.03125 0.0625
1 0.355859 0.0385417 0.0648438 0.0770833
12 0.28125 0.411979 0.021875 0.0302083
1 0.0226563 0.197396 0.0359375 0.119792
7 0.360547 0.021875 0.0398437 0.04375
7 0.270312 0.0182292 0.0359375 0.0364583
7 0.0261719 0.220313 0.0242187 0.034375
7 0.00742187 0.189583 0.0148437 0.03125
7 0.0402344 0.126042 0.0210938 0.0416667
1 0.0601562 0.169792 0.040625 0.1375
7 0.221875 0.101042 0.0375 0.0520833
1 0.263672 0.0625 0.0554687 0.125
7 0.0671875 0.144271 0.0265625 0.040625
7 0.065625 0.194271 0.0265625 0.0385417
7 0.0269531 0.175 0.0242187 0.0354167
7 0.123438 0.104687 0.03125 0.046875
1 0.0886719 0.151042 0.0429688 0.139583
1 0.119531 0.129688 0.0484375 0.146875
7 0.0921875 0.126042 0.028125 0.0416667
7 0.181641 0.123958 0.0335938 0.0479167
7 0.121875 0.158854 0.0296875 0.0427083
7 0.0910156 0.177604 0.0289063 0.0385417
7 0.181641 0.0635417 0.0320312 0.05
7 0.221875 0.0375 0.0359375 0.0520833
1 0.218359 0.0770833 0.0523437 0.154167
7 0.266406 0.0723958 0.0375 0.053125
1 0.176563 0.0916667 0.05 0.164583
10 0.475391 0.277083 0.185156 0.225
10 0.0332031 0.386979 0.0601562 0.105208
10 0.865625 0.159896 0.267188 0.311458
10 0.121094 0.3625 0.103125 0.139583
10 0.258984 0.325 0.128906 0.185417
