13 0.790234 0.419271 0.033594 0.069792
13 0.716406 0.427604 0.031250 0.069792
13 0.645312 0.433333 0.035937 0.070833
7 0.616797 0.239583 0.024219 0.054167
7 0.691016 0.228125 0.025781 0.050000
7 0.767578 0.216667 0.024219 0.054167
10 0.088672 0.535417 0.175781 0.241667
10 0.335938 0.606250 0.150000 0.183333
10 0.489844 0.635938 0.100000 0.138542
7 0.040625 0.140625 0.054688 0.072917
7 0.045312 0.043750 0.060937 0.072917
7 0.135937 0.203646 0.048438 0.061458
7 0.140234 0.114583 0.052344 0.075000
7 0.327734 0.331250 0.046094 0.052083
7 0.328125 0.261458 0.040625 0.054167
7 0.374609 0.365104 0.039844 0.042708
1 0.043750 0.108333 0.085938 0.214583
1 0.145703 0.162500 0.075781 0.210417
1 0.228906 0.215104 0.070312 0.209375
1 0.331641 0.296354 0.064844 0.173958
1 0.382031 0.337500 0.060937 0.179167
1 0.427734 0.358854 0.052344 0.188542
1 0.490625 0.415104 0.053125 0.155208
1 0.527734 0.431771 0.038281 0.128125
7 0.488672 0.439583 0.033594 0.041667
7 0.489063 0.382812 0.039062 0.048958
