1 0.642969 0.817708 0.023438 0.095833
1 0.599609 0.822917 0.027344 0.089583
1 0.686719 0.817708 0.026562 0.097917
3 0.855469 0.691667 0.039062 0.104167
3 0.910937 0.685937 0.032813 0.111458
3 0.952344 0.670833 0.035937 0.116667
4 0.395703 0.890625 0.032031 0.108333
4 0.905469 0.846354 0.051562 0.155208
6 0.623437 0.534896 0.015625 0.023958
7 0.650781 0.606250 0.021875 0.025000
7 0.358594 0.457292 0.059375 0.060417
7 0.455469 0.630729 0.017188 0.046875
8 0.048438 0.668229 0.023438 0.213542
8 0.139063 0.644271 0.023438 0.186458
8 0.023047 0.668750 0.022656 0.193750
8 0.168750 0.640625 0.021875 0.212500
8 0.205078 0.639062 0.027344 0.244792
8 0.078906 0.663021 0.023438 0.209375
8 0.279687 0.623437 0.035937 0.248958
9 0.697656 0.480208 0.010937 0.020833
9 0.580469 0.413021 0.043750 0.111458
10 0.647266 0.956250 0.086719 0.072917
12 0.171875 0.343229 0.101562 0.146875
12 0.321484 0.297917 0.128906 0.135417
12 0.457813 0.254167 0.120313 0.135417
8 0.314844 0.622396 0.035937 0.248958
8 0.354687 0.618229 0.035937 0.248958
4 0.423438 0.891667 0.028125 0.108333
4 0.959375 0.849479 0.050000 0.153125
4 0.853125 0.857812 0.051562 0.155208
7 0.595313 0.808333 0.015625 0.022917
7 0.593750 0.842708 0.015625 0.022917
7 0.639062 0.840625 0.015625 0.022917
7 0.639844 0.807292 0.015625 0.022917
7 0.686719 0.802083 0.015625 0.022917
7 0.686719 0.836458 0.015625 0.022917
2 0.805078 0.629687 0.035156 0.080208
2 0.894531 0.614583 0.034375 0.068750
3 0.774609 0.683854 0.027344 0.096875
7 0.602734 0.702604 0.013281 0.023958
7 0.627734 0.713542 0.016406 0.025000
7 0.651172 0.720313 0.017969 0.028125
1 0.775000 0.809896 0.020313 0.086458
7 0.776953 0.828125 0.014844 0.022917
1 0.829688 0.806250 0.021875 0.089583
7 0.830859 0.786979 0.016406 0.021875
7 0.887891 0.784375 0.017969 0.025000
1 0.889062 0.801042 0.020313 0.089583
2 0.981641 0.592708 0.036719 0.085417
6 0.709375 0.515625 0.017188 0.022917
6 0.666797 0.529687 0.014844 0.021875
6 0.991797 0.453125 0.016406 0.029167
9 0.993750 0.413542 0.012500 0.027083
