1 0.819141 0.918229 0.038281 0.151042
1 0.725000 0.917708 0.039062 0.162500
1 0.916406 0.919271 0.037500 0.148958
2 0.403906 0.320312 0.093750 0.280208
2 0.246875 0.333333 0.089063 0.281250
2 0.100000 0.342708 0.096875 0.266667
3 0.330078 0.468229 0.077344 0.213542
3 0.175000 0.479167 0.070312 0.208333
3 0.034766 0.488542 0.067969 0.212500
4 0.208984 0.791146 0.105469 0.267708
4 0.112109 0.795312 0.110156 0.255208
4 0.303906 0.790625 0.095312 0.260417
1 0.564453 0.908333 0.041406 0.143750
1 0.384766 0.908854 0.038281 0.140625
7 0.616016 0.506250 0.033594 0.058333
7 0.664844 0.506250 0.029687 0.056250
6 0.589844 0.500521 0.023438 0.071875
7 0.971094 0.491146 0.034375 0.053125
7 0.948828 0.613021 0.027344 0.046875
7 0.960547 0.559375 0.030469 0.045833
7 0.917188 0.898438 0.032813 0.042708
7 0.920312 0.962500 0.029687 0.039583
7 0.820312 0.895833 0.028125 0.039583
7 0.819922 0.955208 0.030469 0.039583
7 0.723047 0.892188 0.028906 0.036458
7 0.724219 0.958333 0.029687 0.039583
7 0.557813 0.950521 0.026562 0.036458
7 0.563672 0.892708 0.030469 0.045833
7 0.386328 0.889583 0.027344 0.045833
7 0.382422 0.946354 0.028906 0.038542
