6 0.519922 0.305208 0.055469 0.081250
6 0.412109 0.421875 0.041406 0.064583
1 0.479297 0.460938 0.111719 0.311458
7 0.498437 0.441146 0.081250 0.119792
7 0.489063 0.542188 0.081250 0.119792
7 0.305859 0.651563 0.078906 0.098958
7 0.282422 0.751563 0.078906 0.098958
7 0.139453 0.822396 0.078906 0.098958
7 0.103516 0.927604 0.078906 0.098958
1 0.268750 0.683333 0.112500 0.327083
1 0.082812 0.857292 0.109375 0.285417
6 0.623047 0.194271 0.044531 0.065625
7 0.748437 0.822396 0.095312 0.130208
7 0.950391 0.071875 0.099219 0.122917
7 0.976562 0.566146 0.046875 0.082292
