7 0.737109 0.207292 0.0476562 0.0666667
7 0.8375 0.188542 0.0625 0.0854167
7 0.986719 0.117708 0.0265625 0.104167
7 0.883594 0.285937 0.028125 0.0489583
4 0.974219 0.446875 0.05 0.310417
7 0.614844 0.568229 0.021875 0.034375
7 0.471094 0.479167 0.0203125 0.0270833
13 0.458984 0.636979 0.0273438 0.0552083
7 0.741406 0.635417 0.025 0.0375
7 0.866797 0.55 0.0257812 0.0395833
7 0.292188 0.451042 0.04375 0.0541667
2 0.868359 0.0505208 0.138281 0.101042
3 0.821094 0.129167 0.0921875 0.25
7 0.345313 0.423958 0.0421875 0.05625
7 0.448438 0.275 0.0484375 0.0645833
7 0.856641 0.479167 0.0195312 0.04375
7 0.589844 0.514583 0.0203125 0.0291667
7 0.641406 0.611458 0.0234375 0.03125
1 0.867969 0.573958 0.0359375 0.135417
7 0.869922 0.603125 0.0273438 0.0416667
7 0.672656 0.541146 0.01875 0.0302083
7 0.373437 0.536458 0.040625 0.05625
7 0.495313 0.169792 0.0453125 0.08125
7 0.308203 0.302604 0.0414063 0.0822917
7 0.639453 0.659375 0.0242187 0.0333333
7 0.633984 0.527604 0.0195312 0.0302083
1 0.635547 0.6375 0.0382813 0.122917
7 0.592188 0.670833 0.0234375 0.0333333
11 0.425 0.782812 0.514063 0.434375
7 0.36875 0.261458 0.0421875 0.0770833
1 0.7375 0.609375 0.0375 0.127083
1 0.630859 0.190104 0.0867188 0.232292
3 0.973437 0.0953125 0.053125 0.188542
7 0.591797 0.626042 0.0242187 0.0333333
7 0.639063 0.151042 0.0625 0.0895833
7 0.371875 0.618229 0.040625 0.0572917
7 0.736719 0.5875 0.0265625 0.0375
12 0.912109 0.830208 0.0367187 0.0583333
7 0.582812 0.106771 0.0515625 0.0989583
7 0.255078 0.341146 0.0398437 0.0760417
7 0.445703 0.358333 0.0492188 0.0625
7 0.684766 0.0416667 0.0523437 0.0833333
7 0.536719 0.221875 0.053125 0.0770833
7 0.534375 0.310937 0.0546875 0.071875
1 0.528125 0.255208 0.08125 0.2125
1 0.591016 0.649479 0.0367187 0.123958
1 0.440234 0.303125 0.0773437 0.19375
1 0.370313 0.573438 0.0671875 0.173958
11 0.707812 0.83125 0.175 0.3375
7 0.635547 0.252604 0.0664062 0.0885417
