1 0.411328 0.278646 0.016406 0.057292
4 0.041016 0.308854 0.036719 0.134375
7 0.726562 0.134896 0.017188 0.042708
7 0.588281 0.208854 0.014063 0.021875
7 0.561328 0.112500 0.016406 0.045833
8 0.152344 0.107813 0.028125 0.180208
8 0.200000 0.114583 0.026562 0.210417
8 0.103906 0.098958 0.031250 0.187500
9 0.520703 0.426042 0.017969 0.031250
10 0.572266 0.416667 0.083594 0.081250
11 0.357422 0.435937 0.175781 0.298958
12 0.161719 0.406771 0.014063 0.036458
13 0.687500 0.282292 0.023438 0.050000
13 0.717187 0.273958 0.023438 0.047917
13 0.740625 0.265625 0.023438 0.058333
1 0.627344 0.303646 0.021875 0.055208
1 0.583984 0.301563 0.024219 0.059375
1 0.542188 0.296875 0.018750 0.058333
7 0.678906 0.163542 0.020313 0.029167
7 0.387891 0.097396 0.021094 0.028125
7 0.320703 0.089583 0.019531 0.031250
1 0.466016 0.295312 0.016406 0.063542
1 0.366797 0.279687 0.021094 0.063542
7 0.415625 0.270833 0.017188 0.022917
7 0.414844 0.302604 0.017188 0.023958
7 0.367578 0.269792 0.014844 0.025000
7 0.367969 0.298438 0.018750 0.026042
7 0.542578 0.313021 0.016406 0.023958
7 0.542188 0.282292 0.017188 0.022917
7 0.584766 0.286458 0.017969 0.025000
7 0.584766 0.316146 0.017969 0.026042
7 0.626953 0.290625 0.017969 0.027083
7 0.627344 0.320312 0.015625 0.026042
7 0.463672 0.275000 0.014844 0.020833
7 0.464062 0.308333 0.014063 0.027083
3 0.026953 0.157812 0.022656 0.084375
1 0.015625 0.254167 0.020313 0.085417
7 0.017969 0.235417 0.018750 0.027083
7 0.017969 0.270833 0.018750 0.027083
2 0.059766 0.102083 0.022656 0.091667
7 0.364844 0.089063 0.015625 0.023958
7 0.703906 0.152083 0.020313 0.029167
7 0.607031 0.199479 0.010937 0.026042
7 0.624219 0.188021 0.010937 0.026042
7 0.539844 0.125521 0.014063 0.036458
7 0.518750 0.133854 0.014063 0.036458
6 0.442578 0.007812 0.016406 0.013542
