1 0.133594 0.279167 0.076563 0.204167
1 0.328516 0.366667 0.071094 0.208333
1 0.266406 0.181771 0.079687 0.242708
1 0.196094 0.232292 0.089063 0.197917
3 0.412891 0.103125 0.089844 0.191667
4 0.667969 0.400521 0.112500 0.357292
4 0.578516 0.431771 0.094531 0.330208
4 0.499219 0.459375 0.114062 0.314583
7 0.201563 0.281250 0.057813 0.060417
7 0.550000 0.052083 0.050000 0.087500
7 0.434375 0.129167 0.064062 0.075000
7 0.339062 0.058333 0.051562 0.081250
11 0.365625 0.781771 0.273438 0.401042
6 0.032031 0.565104 0.034375 0.036458
6 0.183203 0.606771 0.033594 0.036458
7 0.137109 0.322396 0.046094 0.057292
7 0.143750 0.248438 0.040625 0.046875
7 0.205859 0.202083 0.049219 0.052083
7 0.275781 0.230729 0.054688 0.059375
7 0.285156 0.155208 0.054688 0.060417
7 0.328516 0.425521 0.053906 0.063542
7 0.337891 0.333854 0.052344 0.063542
7 0.554688 0.230208 0.045312 0.062500
7 0.676172 0.166667 0.057031 0.058333
