4 0.496484 0.738542 0.072656 0.235417
4 0.440234 0.744792 0.074219 0.222917
4 0.390234 0.756771 0.069531 0.217708
10 0.753125 0.944271 0.134375 0.111458
10 0.543359 0.957812 0.082031 0.084375
13 0.178516 0.768750 0.033594 0.072917
13 0.228516 0.779167 0.033594 0.056250
7 0.137109 0.569792 0.033594 0.041667
7 0.179297 0.540104 0.036719 0.046875
7 0.232813 0.514062 0.040625 0.044792
7 0.221484 0.581771 0.038281 0.038542
7 0.174609 0.611979 0.036719 0.046875
7 0.128906 0.631250 0.032813 0.043750
7 0.309375 0.573958 0.040625 0.050000
7 0.380078 0.534375 0.049219 0.058333
7 0.467187 0.498437 0.053125 0.065625
7 0.929688 0.252604 0.034375 0.055208
7 0.982812 0.226042 0.034375 0.052083
6 0.952344 0.238542 0.029687 0.043750
7 0.726172 0.769792 0.030469 0.035417
7 0.790234 0.757292 0.028906 0.035417
7 0.728125 0.718229 0.025000 0.036458
7 0.789844 0.704167 0.026562 0.043750
7 0.916797 0.735938 0.030469 0.038542
7 0.916406 0.678125 0.031250 0.041667
1 0.123047 0.592708 0.064844 0.156250
1 0.167578 0.571875 0.064844 0.162500
1 0.214844 0.547396 0.073438 0.171875
7 0.051953 0.576562 0.032031 0.048958
7 0.080859 0.556250 0.028906 0.050000
7 0.185938 0.484896 0.035937 0.055208
7 0.231250 0.453125 0.034375 0.056250
7 0.460938 0.284375 0.040625 0.083333
7 0.549219 0.223958 0.048438 0.081250
2 0.475781 0.315104 0.114062 0.232292
2 0.378906 0.375521 0.098437 0.203125
2 0.311719 0.420833 0.101562 0.179167
3 0.442578 0.455729 0.074219 0.244792
3 0.360547 0.489583 0.063281 0.206250
3 0.290234 0.528125 0.072656 0.206250
7 0.512500 0.282292 0.043750 0.068750
7 0.549219 0.844271 0.023438 0.026042
7 0.735547 0.817187 0.025781 0.032292
7 0.795703 0.808333 0.024219 0.033333
7 0.799609 0.624479 0.024219 0.042708
7 0.756641 0.608333 0.024219 0.039583
7 0.711719 0.589583 0.020313 0.043750
7 0.585156 0.535937 0.015625 0.040625
7 0.681250 0.389062 0.029687 0.057292
1 0.724609 0.740625 0.039844 0.120833
1 0.788281 0.730729 0.039062 0.128125
1 0.913281 0.707292 0.042188 0.139583
1 0.985938 0.686458 0.028125 0.141667
