7 0.389453 0.585938 0.0195312 0.034375
7 0.648828 0.478646 0.0226563 0.0364583
7 0.388281 0.418229 0.028125 0.040625
11 0.487109 0.703125 0.535156 0.59375
7 0.123828 0.652604 0.0335938 0.0427083
7 0.188672 0.536979 0.0289063 0.0489583
7 0.448828 0.075 0.0539063 0.1
7 0.286719 0.632292 0.028125 0.0416667
7 0.222656 0.504167 0.0234375 0.0395833
9 0.255078 0.920313 0.0226563 0.059375
7 0.444531 0.39375 0.0265625 0.0395833
7 0.320703 0.021875 0.0601562 0.04375
7 0.708984 0.456771 0.0257812 0.0510417
7 0.127344 0.594271 0.0328125 0.0427083
7 0.281641 0.688542 0.0304688 0.04375
7 0.207422 0.671354 0.0304688 0.0427083
1 0.285156 0.655208 0.040625 0.1375
7 0.209375 0.613542 0.0296875 0.0395833
13 0.741406 0.658333 0.0421875 0.08125
1 0.128125 0.617708 0.046875 0.145833
1 0.210156 0.638542 0.04375 0.141667
10 0.169531 0.8875 0.145313 0.164583
