11 0.781641 0.913021 0.277344 0.173958
7 0.324609 0.602604 0.061719 0.088542
7 0.305469 0.706771 0.064062 0.073958
7 0.422266 0.363542 0.061719 0.070833
7 0.429297 0.251563 0.057031 0.080208
7 0.550391 0.288021 0.072656 0.094792
7 0.556641 0.170833 0.066406 0.081250
7 0.695312 0.176563 0.081250 0.107292
7 0.701953 0.050000 0.071094 0.095833
7 0.839063 0.778646 0.032813 0.042708
7 0.836719 0.717187 0.029687 0.048958
7 0.764453 0.796354 0.030469 0.038542
7 0.763281 0.739583 0.031250 0.043750
7 0.643750 0.823438 0.028125 0.036458
7 0.647266 0.770833 0.035156 0.037500
7 0.585938 0.838021 0.029687 0.034375
7 0.587500 0.786979 0.026562 0.042708
13 0.423047 0.786458 0.035156 0.070833
7 0.189844 0.388021 0.051562 0.084375
7 0.253516 0.336979 0.042969 0.084375
7 0.330469 0.276042 0.050000 0.083333
1 0.310547 0.638542 0.099219 0.252083
1 0.414844 0.297917 0.096875 0.258333
1 0.539062 0.210417 0.103125 0.291667
1 0.689844 0.130208 0.118750 0.258333
7 0.609375 0.047917 0.075000 0.093750
7 0.483984 0.131250 0.055469 0.102083
1 0.585547 0.808333 0.049219 0.139583
1 0.643750 0.793229 0.054688 0.130208
1 0.760938 0.758333 0.054688 0.152083
1 0.838281 0.744792 0.057813 0.162500
6 0.648047 0.390625 0.039844 0.037500
6 0.873828 0.266146 0.033594 0.042708
