1 0.527734 0.480208 0.014844 0.056250
1 0.489844 0.480208 0.015625 0.058333
1 0.623437 0.481250 0.017188 0.056250
7 0.779297 0.334896 0.019531 0.032292
7 0.888672 0.289062 0.022656 0.036458
7 0.754687 0.350000 0.017188 0.027083
7 0.933984 0.263542 0.025781 0.037500
7 0.452344 0.383333 0.015625 0.025000
7 0.983594 0.238021 0.018750 0.038542
8 0.961719 0.323958 0.021875 0.122917
8 0.954297 0.328125 0.019531 0.129167
1 0.562500 0.479167 0.017188 0.045833
7 0.490234 0.471875 0.013281 0.018750
7 0.528125 0.470833 0.012500 0.018750
7 0.562891 0.473438 0.014844 0.019792
7 0.625391 0.473958 0.013281 0.016667
7 0.682031 0.486458 0.009375 0.012500
7 0.714063 0.473958 0.012500 0.016667
1 0.712500 0.479167 0.014063 0.043750
7 0.658203 0.388542 0.013281 0.018750
7 0.644531 0.394271 0.010937 0.015625
7 0.651563 0.391146 0.010937 0.015625
8 0.802734 0.434896 0.013281 0.063542
8 0.795703 0.436979 0.013281 0.063542
8 0.788672 0.441146 0.013281 0.063542
8 0.773828 0.441146 0.013281 0.063542
8 0.769141 0.446354 0.013281 0.063542
8 0.763672 0.446354 0.013281 0.063542
8 0.748828 0.446354 0.013281 0.063542
8 0.859766 0.372396 0.013281 0.094792
8 0.880469 0.367188 0.012500 0.092708
8 0.870313 0.372396 0.012500 0.092708
8 0.901172 0.352604 0.014844 0.101042
8 0.914453 0.352083 0.013281 0.110417
8 0.926172 0.347917 0.017969 0.112500
8 0.975781 0.323958 0.020313 0.116667
12 0.932813 0.157292 0.035937 0.054167
12 0.980469 0.126042 0.039062 0.056250
