1 0.917578 0.871354 0.0382813 0.105208
7 0.716797 0.572917 0.0289063 0.0395833
7 0.779688 0.864062 0.025 0.0364583
7 0.480859 0.478646 0.0320312 0.053125
6 0.337109 0.281771 0.0367187 0.0510417
7 0.0136719 0.746354 0.0257812 0.0427083
7 0.952734 0.904688 0.0242187 0.0322917
6 0.0523437 0.152083 0.034375 0.0791667
1 0.501172 0.764583 0.0382813 0.145833
7 0.198828 0.658854 0.0304688 0.0427083
12 0.0152344 0.964583 0.0304688 0.0666667
10 0.252734 0.94375 0.153906 0.1125
1 0.953125 0.882812 0.0390625 0.107292
7 0.25625 0.261979 0.0375 0.059375
7 0.498437 0.794792 0.03125 0.04375
12 0.103125 0.969271 0.0359375 0.0614583
7 0.498437 0.739062 0.028125 0.040625
7 0.627344 0.775 0.028125 0.0395833
7 0.270703 0.605208 0.0289063 0.0520833
7 0.0289063 0.610937 0.034375 0.046875
7 0.021875 0.679167 0.0375 0.05
7 0.369141 0.704167 0.0289063 0.0416667
7 0.628516 0.824479 0.0273438 0.040625
7 0.195312 0.721875 0.03125 0.0458333
1 0.369141 0.729167 0.0414063 0.145833
1 0.197656 0.686458 0.046875 0.152083
1 0.63125 0.794792 0.040625 0.13125
7 0.677344 0.191146 0.05625 0.096875
7 0.288672 0.68125 0.0304688 0.0416667
1 0.0285156 0.639063 0.0523437 0.161458
7 0.367969 0.760938 0.0296875 0.0447917
7 0.284766 0.742188 0.0304688 0.0447917
1 0.286719 0.709896 0.0421875 0.146875
7 0.784375 0.257812 0.05625 0.0927083
7 0.879297 0.315625 0.0601562 0.0916667
