6 0.604297 0.713021 0.0148437 0.0197917
6 0.344922 0.0197917 0.0257812 0.0395833
7 0.0484375 0.701563 0.0453125 0.059375
7 0.144141 0.455729 0.0351562 0.0614583
12 0.493359 0.980208 0.0476562 0.0395833
10 0.1625 0.936979 0.225 0.126042
6 0.253516 0.0598958 0.0398437 0.071875
7 0.989844 0.281771 0.0203125 0.103125
7 0.575 0.536979 0.053125 0.0802083
7 0.572266 0.44375 0.0523437 0.0875
7 0.139844 0.671875 0.0484375 0.0666667
7 0.716016 0.389583 0.0585938 0.08125
7 0.239844 0.638021 0.0484375 0.0697917
7 0.722656 0.486458 0.059375 0.08125
7 0.14375 0.592708 0.046875 0.0666667
7 0.0542969 0.625521 0.0445312 0.065625
1 0.0445312 0.654688 0.06875 0.182292
7 0.441406 0.488021 0.0484375 0.0802083
7 0.244141 0.557292 0.0476562 0.0708333
7 0.443359 0.577083 0.0492188 0.0770833
1 0.437109 0.522396 0.0695312 0.219792
12 0.819531 0.952083 0.05625 0.09375
10 0.625 0.884375 0.264062 0.23125
1 0.236719 0.586458 0.0703125 0.204167
1 0.570703 0.476562 0.0773437 0.242708
1 0.717969 0.422917 0.0875 0.25
1 0.136328 0.621875 0.0695312 0.19375
