6 0.328906 0.442188 0.018750 0.032292
7 0.831250 0.538021 0.023438 0.036458
2 0.280078 0.578125 0.038281 0.108333
6 0.020313 0.434896 0.021875 0.036458
6 0.129688 0.431250 0.018750 0.031250
3 0.327344 0.639062 0.037500 0.130208
12 0.137109 0.904687 0.024219 0.044792
8 0.703125 0.604688 0.054688 0.169792
9 0.810937 0.422917 0.017188 0.022917
12 0.642188 0.893750 0.020313 0.047917
6 0.792578 0.458333 0.022656 0.027083
8 0.234766 0.605208 0.060156 0.222917
9 0.031641 0.391146 0.014844 0.028125
4 0.851562 0.802083 0.054688 0.133333
8 0.610156 0.605729 0.053125 0.176042
9 0.872656 0.380208 0.051562 0.131250
12 0.957812 0.167187 0.084375 0.219792
4 0.897266 0.802604 0.055469 0.134375
4 0.803125 0.802083 0.053125 0.135417
8 0.656641 0.604688 0.052344 0.167708
8 0.183594 0.607812 0.064062 0.228125
8 0.477734 0.611979 0.046094 0.192708
8 0.130859 0.609896 0.064844 0.228125
8 0.377344 0.617188 0.051562 0.203125
8 0.427344 0.617708 0.050000 0.193750
3 0.846484 0.648958 0.039844 0.114583
10 0.483203 0.898958 0.085156 0.093750
4 0.207031 0.814063 0.046875 0.130208
4 0.309766 0.810417 0.047656 0.129167
4 0.257812 0.813021 0.046875 0.128125
12 0.614453 0.158854 0.097656 0.190625
12 0.420703 0.136979 0.097656 0.190625
12 0.210547 0.124479 0.097656 0.190625
