11 0.078906 0.676042 0.156250 0.289583
11 0.593359 0.581250 0.258594 0.456250
4 0.744922 0.209896 0.089844 0.278125
4 0.829297 0.189062 0.089844 0.278125
4 0.927344 0.145833 0.098437 0.289583
1 0.539453 0.172917 0.060156 0.229167
7 0.553125 0.230729 0.043750 0.059375
7 0.557422 0.139583 0.041406 0.066667
7 0.398438 0.389583 0.014063 0.014583
7 0.398438 0.371875 0.015625 0.018750
7 0.416797 0.363542 0.013281 0.020833
7 0.416797 0.382292 0.011719 0.016667
7 0.451562 0.387500 0.012500 0.018750
7 0.452734 0.404167 0.011719 0.012500
7 0.471875 0.381771 0.012500 0.017708
7 0.470313 0.397917 0.010937 0.014583
7 0.501953 0.400521 0.013281 0.019792
7 0.502734 0.416667 0.011719 0.012500
6 0.502734 0.426563 0.007031 0.011458
6 0.489844 0.428125 0.006250 0.012500
6 0.448437 0.412500 0.006250 0.014583
6 0.433984 0.412500 0.005469 0.010417
6 0.391016 0.422396 0.007031 0.011458
7 0.090625 0.278125 0.014063 0.020833
7 0.102734 0.263021 0.017969 0.026042
7 0.103125 0.283333 0.015625 0.018750
7 0.089453 0.295833 0.014844 0.018750
7 0.028516 0.264062 0.017969 0.019792
7 0.032031 0.244271 0.015625 0.019792
7 0.019531 0.256771 0.015625 0.021875
7 0.019141 0.275000 0.013281 0.020833
1 0.330859 0.104167 0.032031 0.181250
7 0.353906 0.070833 0.032813 0.047917
7 0.349219 0.142708 0.032813 0.047917
7 0.413672 0.092188 0.038281 0.057292
7 0.416797 0.021875 0.035156 0.041667
1 0.394141 0.059375 0.028906 0.116667
