10 0.540625 0.920833 0.356250 0.158333
7 0.371875 0.396875 0.056250 0.093750
7 0.227344 0.945833 0.034375 0.052083
7 0.331641 0.391667 0.089844 0.141667
1 0.762109 0.472396 0.108594 0.338542
7 0.351562 0.288021 0.056250 0.088542
7 0.320703 0.944792 0.030469 0.050000
7 0.862500 0.930729 0.043750 0.094792
7 0.771484 0.261979 0.064844 0.109375
1 0.326172 0.475521 0.096094 0.313542
7 0.039844 0.363542 0.078125 0.166667
7 0.542969 0.390625 0.096875 0.160417
7 0.391797 0.493750 0.044531 0.070833
7 0.763672 0.545312 0.102344 0.153125
1 0.544141 0.478125 0.097656 0.329167
7 0.542969 0.552083 0.093750 0.152083
7 0.758594 0.380729 0.096875 0.146875
7 0.323437 0.553646 0.089063 0.138542
