1 0.735156 0.887500 0.067187 0.218750
2 0.063672 0.875521 0.116406 0.248958
1 0.961328 0.879687 0.077344 0.240625
1 0.526563 0.891667 0.056250 0.216667
6 0.257422 0.331250 0.044531 0.102083
9 0.192969 0.353125 0.050000 0.097917
6 0.148828 0.359375 0.052344 0.100000
2 0.228516 0.873958 0.124219 0.233333
7 0.093359 0.865625 0.064844 0.072917
7 0.251953 0.856771 0.057031 0.078125
7 0.738281 0.883854 0.064062 0.076042
7 0.958203 0.870833 0.063281 0.081250
7 0.533984 0.897396 0.066406 0.078125
7 0.563672 0.804688 0.049219 0.061458
