1 0.261719 0.315625 0.065625 0.183333
1 0.513281 0.401562 0.043750 0.117708
1 0.766797 0.314063 0.036719 0.138542
1 0.564063 0.390625 0.035937 0.108333
4 0.896094 0.146354 0.129688 0.290625
7 0.411719 0.027083 0.064062 0.052083
7 0.262109 0.279167 0.047656 0.068750
7 0.163672 0.081771 0.042969 0.078125
10 0.817969 0.537500 0.140625 0.145833
11 0.607812 0.594792 0.125000 0.339583
11 0.295703 0.650521 0.528906 0.698958
7 0.263672 0.363021 0.044531 0.059375
7 0.514453 0.383854 0.025781 0.036458
7 0.517188 0.427604 0.028125 0.036458
7 0.564063 0.414583 0.026562 0.031250
7 0.562500 0.367708 0.023438 0.031250
7 0.609766 0.348958 0.027344 0.033333
7 0.612109 0.396875 0.022656 0.033333
1 0.610938 0.377604 0.037500 0.101042
7 0.614062 0.260937 0.018750 0.032292
7 0.435547 0.222396 0.019531 0.028125
7 0.603516 0.127604 0.025781 0.032292
7 0.209375 0.043750 0.035937 0.043750
7 0.325391 0.074479 0.052344 0.061458
7 0.767969 0.343750 0.028125 0.041667
7 0.766797 0.289062 0.028906 0.042708
7 0.743359 0.167187 0.021094 0.032292
7 0.840625 0.197396 0.020313 0.034375
7 0.793359 0.220833 0.025781 0.037500
13 0.419531 0.384375 0.029687 0.054167
12 0.906250 0.553646 0.034375 0.057292
7 0.792578 0.181771 0.021094 0.032292
