3 0.508984 0.151042 0.039844 0.150000
4 0.527734 0.353125 0.038281 0.137500
5 0.799609 0.172396 0.033594 0.132292
7 0.782031 0.085938 0.023438 0.057292
7 0.853125 0.091667 0.021875 0.060417
8 0.164453 0.419271 0.011719 0.090625
8 0.076953 0.414062 0.013281 0.092708
10 0.350000 0.209896 0.245312 0.232292
10 0.888672 0.251042 0.222656 0.222917
11 0.898828 0.479687 0.136719 0.171875
8 0.148047 0.419271 0.011719 0.090625
8 0.180078 0.423438 0.011719 0.090625
9 0.126172 0.311979 0.017969 0.051042
9 0.200391 0.316146 0.017969 0.051042
1 0.675000 0.153125 0.021875 0.097917
7 0.795312 0.151562 0.021875 0.028125
7 0.799219 0.202604 0.021875 0.028125
7 0.867188 0.157812 0.021875 0.028125
7 0.869531 0.207813 0.021875 0.028125
7 0.920312 0.098958 0.021875 0.060417
