1 0.403516 0.089583 0.049219 0.077083
7 0.614453 0.367708 0.024219 0.035417
7 0.692578 0.331250 0.024219 0.033333
7 0.297656 0.181771 0.067187 0.086458
1 0.697656 0.302604 0.035937 0.123958
1 0.335938 0.043229 0.068750 0.084375
7 0.447266 0.268750 0.030469 0.045833
1 0.503906 0.135937 0.059375 0.194792
7 0.457813 0.014583 0.028125 0.027083
7 0.332031 0.036458 0.053125 0.070833
1 0.547656 0.169792 0.053125 0.177083
7 0.691797 0.281250 0.024219 0.035417
7 0.402344 0.090104 0.043750 0.067708
7 0.639062 0.235417 0.029687 0.043750
7 0.494141 0.045833 0.032031 0.056250
7 0.497656 0.098958 0.042188 0.062500
7 0.837891 0.075000 0.025781 0.047917
7 0.402344 0.020833 0.043750 0.039583
7 0.919141 0.059896 0.028906 0.055208
7 0.498437 0.173437 0.040625 0.059375
7 0.759375 0.088542 0.025000 0.050000
7 0.666406 0.257812 0.026562 0.038542
7 0.485156 0.306771 0.037500 0.063542
7 0.582812 0.178646 0.032813 0.051042
7 0.665234 0.312500 0.025781 0.037500
10 0.496875 0.457813 0.139063 0.198958
7 0.638672 0.290625 0.027344 0.041667
7 0.546875 0.142708 0.037500 0.054167
1 0.641797 0.259375 0.042969 0.143750
1 0.669922 0.280208 0.036719 0.133333
13 0.945703 0.269792 0.039844 0.083333
1 0.411719 0.073438 0.070312 0.144792
7 0.583984 0.244792 0.033594 0.050000
7 0.542578 0.213021 0.035156 0.053125
7 0.205469 0.141667 0.078125 0.110417
1 0.590234 0.205208 0.050781 0.166667
10 0.264453 0.377604 0.214844 0.282292
10 0.642188 0.498437 0.106250 0.148958
13 0.865234 0.279687 0.041406 0.080208
13 0.789453 0.284375 0.038281 0.077083
