7 0.159766 0.379687 0.0179687 0.028125
8 0.579687 0.536458 0.0125 0.05625
8 0.528125 0.540625 0.0125 0.0604167
8 0.557031 0.540104 0.0109375 0.0552083
8 0.566797 0.538542 0.0117188 0.05625
10 0.186328 0.436458 0.0601562 0.152083
7 0.0410156 0.118229 0.0195312 0.034375
6 0.441797 0.244271 0.0335938 0.0260417
7 0.571094 0.0125 0.0328125 0.025
7 0.598828 0.404167 0.0164062 0.03125
8 0.516797 0.538021 0.0117188 0.0614583
7 0.364453 0.269792 0.0164062 0.0354167
7 0.882812 0.0286458 0.071875 0.0572917
7 0.962891 0.138021 0.0414063 0.0572917
7 0.313672 0.273958 0.0179687 0.0416667
12 0.695703 0.0479167 0.125781 0.0958333
7 0.828125 0.221875 0.0203125 0.0416667
7 0.545703 0.40625 0.0148437 0.03125
3 0.817969 0.303125 0.03125 0.114583
7 0.122656 0.129167 0.0578125 0.102083
1 0.295703 0.346354 0.0273438 0.0989583
7 0.523828 0.194271 0.0335938 0.0552083
8 0.869141 0.552083 0.0132813 0.0354167
8 0.855859 0.553125 0.0148437 0.0354167
10 0.954687 0.396875 0.090625 0.204167
1 0.346094 0.341146 0.028125 0.096875
4 0.807031 0.471875 0.0296875 0.11875
2 0.563672 0.075 0.0554687 0.147917
7 0.430859 0.20625 0.0351562 0.0541667
9 0.473437 0.458333 0.0140625 0.0416667
7 0.630469 0.179688 0.0359375 0.0552083
3 0.521875 0.149479 0.0453125 0.180208
7 0.492969 0.406771 0.015625 0.0364583
1 0.159375 0.359375 0.0265625 0.09375
7 0.954687 0.207292 0.025 0.05
2 0.463281 0.0833333 0.059375 0.15625
7 0.180469 0.289062 0.01875 0.040625
7 0.134375 0.295833 0.0171875 0.0375
3 0.423828 0.163542 0.0507812 0.177083
12 0.0398437 0.114583 0.0796875 0.177083
12 0.264453 0.0864583 0.114844 0.172917
4 0.310547 0.491667 0.0320312 0.110417
11 0.159375 0.583333 0.103125 0.208333
4 0.341406 0.486979 0.0328125 0.111458
10 0.572266 0.415104 0.161719 0.184375
