7 0.476562 0.846875 0.0375 0.0916667
7 0.819141 0.43125 0.0320312 0.05
7 0.967578 0.891146 0.0523437 0.142708
13 0.421094 0.74375 0.0578125 0.108333
7 0.548437 0.768229 0.0328125 0.059375
7 0.922656 0.721875 0.0296875 0.0458333
7 0.536719 0.386979 0.028125 0.046875
6 0.727344 0.436979 0.025 0.034375
6 0.597656 0.416667 0.025 0.0458333
6 0.522266 0.405208 0.0242187 0.0479167
6 0.446484 0.391667 0.0210938 0.0375
7 0.475781 0.836458 0.03125 0.0479167
7 0.476172 0.897917 0.0320312 0.05
7 0.826172 0.493229 0.0414063 0.0697917
6 0.795703 0.444792 0.0257812 0.0333333
1 0.476562 0.864062 0.0453125 0.165625
6 0.984375 0.476562 0.028125 0.034375
7 0.883984 0.749479 0.0273438 0.0447917
6 0.863281 0.458333 0.0359375 0.0416667
7 0.885547 0.865104 0.0320312 0.0447917
13 0.447656 0.697396 0.08125 0.136458
7 0.854297 0.792708 0.0289063 0.0479167
7 0.453125 0.436979 0.040625 0.0760417
7 0.964453 0.870833 0.0304688 0.0416667
7 0.809375 0.917708 0.03125 0.0479167
7 0.891406 0.922396 0.03125 0.0447917
7 0.566406 0.842188 0.0328125 0.0489583
7 0.805078 0.861458 0.0320312 0.0458333
7 0.567578 0.903646 0.0335938 0.0489583
7 0.970312 0.925521 0.03125 0.0427083
7 0.657812 0.909375 0.0328125 0.05
1 0.967969 0.898438 0.0546875 0.155208
1 0.889453 0.892708 0.0523437 0.160417
7 0.655078 0.847917 0.0320312 0.05
1 0.566406 0.869792 0.0484375 0.16875
1 0.808203 0.885938 0.0507812 0.155208
1 0.657812 0.876562 0.05 0.163542
