7 0.545703 0.580729 0.064844 0.082292
7 0.763281 0.869792 0.064062 0.079167
7 0.860547 0.847396 0.044531 0.076042
7 0.474609 0.464583 0.053906 0.116667
1 0.587891 0.620313 0.077344 0.305208
1 0.692578 0.710938 0.077344 0.305208
1 0.789453 0.784896 0.067969 0.259375
7 0.654297 0.685417 0.049219 0.072917
7 0.552734 0.687500 0.049219 0.072917
7 0.667578 0.786458 0.049219 0.072917
7 0.748047 0.775000 0.049219 0.072917
5 0.915625 0.907292 0.071875 0.175000
5 0.982031 0.956771 0.035937 0.086458
7 0.900391 0.963542 0.044531 0.054167
7 0.914453 0.901563 0.038281 0.055208
7 0.937891 0.940625 0.032031 0.047917
7 0.446094 0.860417 0.057813 0.083333
7 0.558984 0.935417 0.049219 0.070833
