3 0.810547 0.138021 0.032031 0.111458
4 0.333594 0.368750 0.029687 0.104167
4 0.301563 0.370312 0.031250 0.109375
7 0.164062 0.173437 0.017188 0.044792
7 0.119531 0.183854 0.015625 0.048958
7 0.817578 0.053125 0.021094 0.047917
10 0.553906 0.245833 0.173437 0.195833
1 0.153906 0.248958 0.032813 0.091667
1 0.332813 0.215625 0.042188 0.112500
1 0.283984 0.226562 0.041406 0.098958
7 0.298438 0.156250 0.017188 0.027083
7 0.151562 0.268229 0.018750 0.030208
7 0.151953 0.231250 0.021094 0.025000
7 0.103516 0.080729 0.038281 0.038542
7 0.268750 0.043229 0.032813 0.040625
7 0.405078 0.042188 0.041406 0.044792
4 0.709766 0.327604 0.033594 0.132292
4 0.796094 0.320312 0.032813 0.136458
9 0.851953 0.297396 0.017969 0.057292
7 0.942578 0.038021 0.021094 0.030208
8 0.856641 0.405729 0.010156 0.048958
8 0.869141 0.406771 0.010156 0.048958
8 0.822266 0.413021 0.013281 0.046875
8 0.809766 0.415104 0.013281 0.044792
8 0.796484 0.418229 0.013281 0.042708
8 0.515234 0.417708 0.010156 0.068750
8 0.526172 0.418229 0.011719 0.065625
8 0.538672 0.418229 0.010156 0.069792
8 0.554688 0.417187 0.017188 0.076042
9 0.468750 0.329688 0.015625 0.051042
7 0.502734 0.027083 0.039844 0.052083
