1 0.241797 0.379688 0.036719 0.136458
1 0.150391 0.361458 0.033594 0.141667
1 0.059375 0.348958 0.034375 0.166667
1 0.126562 0.496354 0.028125 0.098958
2 0.415234 0.360417 0.036719 0.085417
3 0.467969 0.428646 0.032813 0.113542
3 0.547656 0.439583 0.037500 0.110417
3 0.378516 0.413542 0.038281 0.112500
4 0.408594 0.587500 0.042188 0.125000
4 0.460547 0.592708 0.049219 0.122917
4 0.510938 0.595313 0.043750 0.132292
4 0.953516 0.660417 0.032031 0.104167
6 0.298828 0.199479 0.016406 0.028125
6 0.353516 0.209375 0.014844 0.027083
6 0.203906 0.180729 0.015625 0.028125
6 0.146094 0.171875 0.014063 0.027083
6 0.091016 0.161979 0.011719 0.023958
6 0.882031 0.310417 0.012500 0.016667
6 0.842969 0.299479 0.014063 0.021875
6 0.678516 0.272396 0.016406 0.023958
6 0.407813 0.217708 0.018750 0.025000
7 0.272266 0.287500 0.014844 0.052083
7 0.157812 0.259896 0.021875 0.059375
7 0.471484 0.310937 0.016406 0.036458
7 0.386719 0.300000 0.017188 0.037500
7 0.242188 0.277604 0.020313 0.055208
8 0.985547 0.457813 0.028906 0.186458
9 0.316406 0.159896 0.015625 0.026042
9 0.102734 0.117708 0.011719 0.020833
9 0.140234 0.126042 0.014844 0.029167
9 0.193750 0.137500 0.010937 0.031250
9 0.403906 0.176042 0.015625 0.025000
9 0.897266 0.271875 0.010156 0.018750
10 0.551953 0.697396 0.078906 0.084375
10 0.353125 0.682813 0.081250 0.090625
11 0.139844 0.768229 0.278125 0.359375
12 0.780469 0.715104 0.018750 0.042708
12 0.255078 0.658854 0.022656 0.042708
12 0.321484 0.674479 0.016406 0.046875
8 0.946484 0.459896 0.044531 0.198958
8 0.905859 0.460417 0.049219 0.208333
9 0.866797 0.268750 0.014844 0.022917
7 0.652344 0.378646 0.018750 0.026042
2 0.507812 0.380208 0.028125 0.066667
2 0.585156 0.393750 0.034375 0.079167
7 0.248047 0.351562 0.022656 0.030208
7 0.241797 0.406250 0.032031 0.041667
7 0.150391 0.391667 0.030469 0.037500
7 0.154688 0.335938 0.026562 0.030208
9 0.348828 0.165625 0.016406 0.031250
