7 0.899219 0.396354 0.0734375 0.111458
7 0.791406 0.607813 0.05625 0.0739583
7 0.35625 0.679167 0.0546875 0.0666667
7 0.691016 0.330208 0.0632813 0.1
7 0.0628906 0.0494792 0.0554687 0.0760417
10 0.239453 0.905729 0.282031 0.188542
7 0.246875 0.446875 0.0625 0.0895833
10 0.875781 0.878646 0.242188 0.240625
1 0.103125 0.513021 0.103125 0.242708
7 0.893359 0.276563 0.0726563 0.107292
7 0.119141 0.483333 0.0570313 0.08125
7 0.104687 0.575521 0.0578125 0.078125
7 0.0152344 0.0786458 0.0304688 0.0864583
1 0.688281 0.367708 0.0828125 0.316667
7 0.689453 0.445833 0.0679687 0.108333
7 0.233594 0.548437 0.0671875 0.0947917
7 0.382422 0.514583 0.0664062 0.0979167
1 0.894922 0.316667 0.0960938 0.31875
1 0.38125 0.447917 0.0921875 0.279167
7 0.391406 0.409896 0.0625 0.0927083
1 0.232422 0.484896 0.0992187 0.267708
