1 0.778906 0.884375 0.056250 0.185417
1 0.547656 0.848958 0.050000 0.191667
1 0.666016 0.865625 0.052344 0.179167
7 0.664062 0.913542 0.040625 0.068750
7 0.778906 0.929688 0.043750 0.065625
7 0.542969 0.895833 0.043750 0.068750
7 0.772656 0.851042 0.042188 0.072917
7 0.564063 0.222396 0.057813 0.078125
7 0.631641 0.736979 0.044531 0.063542
6 0.593750 0.318750 0.025000 0.041667
6 0.832812 0.385937 0.031250 0.032292
13 0.563281 0.533333 0.109375 0.147917
13 0.501563 0.628646 0.092188 0.130208
13 0.463672 0.710938 0.067969 0.109375
7 0.544922 0.810417 0.041406 0.056250
7 0.664453 0.834375 0.041406 0.056250
7 0.956641 0.881771 0.035156 0.055208
7 0.965234 0.957812 0.035156 0.055208
1 0.966016 0.911458 0.061719 0.168750
7 0.940234 0.391146 0.027344 0.048958
7 0.881250 0.523438 0.040625 0.063542
7 0.742969 0.679167 0.035937 0.054167
7 0.701562 0.726042 0.035937 0.054167
