1 0.736328 0.351562 0.033594 0.167708
1 0.080859 0.389062 0.033594 0.126042
1 0.142969 0.383854 0.034375 0.146875
4 0.472266 0.328646 0.107031 0.280208
4 0.582812 0.326562 0.107813 0.342708
4 0.380469 0.332813 0.101562 0.284375
10 0.720313 0.593229 0.114062 0.167708
12 0.867969 0.612500 0.026562 0.079167
12 0.337500 0.601042 0.025000 0.052083
7 0.081641 0.409896 0.024219 0.032292
7 0.085547 0.364063 0.024219 0.032292
7 0.146484 0.357812 0.024219 0.032292
7 0.146484 0.407813 0.024219 0.032292
7 0.016016 0.298438 0.016406 0.034375
7 0.126172 0.229167 0.019531 0.043750
7 0.163672 0.247917 0.019531 0.043750
7 0.009766 0.157292 0.017969 0.043750
7 0.109766 0.026042 0.024219 0.047917
7 0.153516 0.020313 0.027344 0.038542
7 0.188672 0.020313 0.027344 0.038542
1 0.643359 0.365104 0.035156 0.126042
7 0.734375 0.384896 0.028125 0.036458
7 0.733594 0.327604 0.028125 0.036458
7 0.645312 0.330729 0.028125 0.036458
7 0.640625 0.389062 0.028125 0.036458
