1 0.474219 0.118750 0.046875 0.177083
1 0.529297 0.154167 0.046094 0.154167
1 0.705078 0.281771 0.036719 0.138542
1 0.556641 0.172396 0.042969 0.153125
1 0.580859 0.190104 0.039844 0.171875
1 0.644141 0.239063 0.036719 0.134375
1 0.678125 0.262500 0.040625 0.122917
10 0.486719 0.433333 0.135937 0.179167
10 0.203516 0.352083 0.236719 0.254167
10 0.641797 0.472396 0.103906 0.130208
13 0.964453 0.252083 0.036719 0.097917
13 0.885547 0.265625 0.036719 0.097917
13 0.807422 0.273438 0.036719 0.098958
7 0.941797 0.048958 0.027344 0.033333
7 0.859375 0.064583 0.026562 0.029167
7 0.781250 0.079687 0.026562 0.030208
7 0.706641 0.266146 0.021094 0.032292
7 0.705469 0.319271 0.021875 0.028125
7 0.675000 0.241146 0.025000 0.032292
7 0.675391 0.295312 0.028906 0.036458
7 0.642188 0.214583 0.026562 0.043750
7 0.644141 0.272917 0.025781 0.041667
7 0.575781 0.225521 0.032813 0.051042
7 0.576562 0.160417 0.035937 0.050000
7 0.532031 0.123438 0.035937 0.046875
7 0.531250 0.191667 0.034375 0.052083
7 0.481250 0.156771 0.040625 0.055208
7 0.480469 0.083333 0.043750 0.054167
7 0.483594 0.032813 0.035937 0.046875
7 0.363281 0.074479 0.043750 0.053125
