10 0.520312 0.749479 0.210938 0.221875
10 0.089844 0.669271 0.178125 0.263542
10 0.800000 0.786458 0.179688 0.170833
10 0.958594 0.784896 0.082812 0.178125
9 0.791797 0.902083 0.030469 0.054167
9 0.758203 0.901042 0.025781 0.054167
12 0.401562 0.910417 0.043750 0.066667
1 0.089063 0.200000 0.073438 0.266667
1 0.227344 0.267188 0.081250 0.228125
1 0.425000 0.356771 0.067187 0.196875
1 0.535937 0.382292 0.057813 0.160417
1 0.614062 0.409375 0.057813 0.160417
7 0.081250 0.165104 0.051562 0.076042
7 0.078906 0.265104 0.051562 0.076042
7 0.223438 0.226562 0.051562 0.076042
7 0.228125 0.316146 0.051562 0.076042
7 0.426563 0.313021 0.037500 0.051042
7 0.433203 0.396875 0.044531 0.064583
7 0.525391 0.435417 0.044531 0.064583
7 0.520703 0.358333 0.044531 0.064583
7 0.599609 0.391667 0.044531 0.064583
7 0.612109 0.470833 0.044531 0.064583
1 0.736719 0.482812 0.053125 0.184375
1 0.797656 0.499479 0.053125 0.184375
1 0.850781 0.511979 0.053125 0.184375
1 0.930469 0.567187 0.053125 0.184375
7 0.730859 0.530208 0.044531 0.064583
7 0.717578 0.447917 0.044531 0.064583
7 0.784766 0.467708 0.044531 0.064583
7 0.794922 0.541667 0.044531 0.064583
7 0.851953 0.563542 0.044531 0.064583
7 0.844922 0.488542 0.044531 0.064583
7 0.916016 0.534375 0.033594 0.052083
7 0.928516 0.588542 0.033594 0.052083
1 0.976562 0.583854 0.046875 0.140625
7 0.955859 0.556250 0.033594 0.052083
7 0.971484 0.607292 0.033594 0.052083
6 0.603906 0.050521 0.026562 0.038542
6 0.650781 0.099479 0.026562 0.038542
