5 0.472656 0.173958 0.031250 0.112500
7 0.029297 0.394271 0.017969 0.028125
7 0.923047 0.020313 0.041406 0.038542
7 0.471875 0.147396 0.025000 0.053125
8 0.086719 0.448437 0.014063 0.038542
7 0.830469 0.014583 0.042188 0.027083
7 0.760156 0.109896 0.017188 0.042708
11 0.527344 0.505208 0.203125 0.235417
3 0.348828 0.170833 0.035156 0.133333
10 0.016016 0.218229 0.030469 0.215625
8 0.059766 0.447917 0.013281 0.039583
7 0.337891 0.081771 0.024219 0.051042
9 0.070703 0.336979 0.014844 0.051042
8 0.071875 0.451042 0.014063 0.037500
3 0.276562 0.168229 0.035937 0.134375
7 0.590625 0.098437 0.023438 0.051042
4 0.276562 0.352604 0.043750 0.144792
7 0.265234 0.078125 0.022656 0.047917
7 0.814063 0.113542 0.023438 0.045833
7 0.541797 0.150000 0.027344 0.050000
7 0.543750 0.206250 0.029687 0.052083
7 0.526953 0.094271 0.024219 0.053125
7 0.459766 0.089063 0.025781 0.053125
4 0.233203 0.348438 0.033594 0.140625
5 0.544141 0.180208 0.035156 0.120833
4 0.320703 0.345313 0.042969 0.140625
10 0.435547 0.234896 0.185156 0.207292
10 0.826562 0.242708 0.178125 0.214583
11 0.566797 0.438542 0.114844 0.197917
