8 0.145703 0.350521 0.046094 0.228125
8 0.198437 0.350521 0.042188 0.240625
8 0.250781 0.350000 0.053125 0.241667
8 0.386328 0.338542 0.050781 0.210417
8 0.440234 0.341667 0.049219 0.222917
8 0.492969 0.342187 0.056250 0.223958
8 0.893750 0.255208 0.046875 0.331250
8 0.945312 0.258333 0.046875 0.329167
7 0.202344 0.040104 0.067187 0.078125
7 0.433984 0.036979 0.050781 0.071875
12 0.328906 0.656771 0.021875 0.048958
10 0.480859 0.651042 0.088281 0.087500
4 0.163672 0.552083 0.039844 0.125000
4 0.216016 0.551562 0.046094 0.126042
4 0.270313 0.551562 0.048438 0.128125
4 0.870703 0.538542 0.050781 0.127083
7 0.626953 0.655729 0.014844 0.028125
1 0.638672 0.500000 0.022656 0.097917
7 0.637891 0.515625 0.016406 0.027083
7 0.638672 0.478125 0.019531 0.031250
9 0.623828 0.156250 0.016406 0.027083
9 0.659766 0.157292 0.013281 0.025000
9 0.709766 0.157812 0.013281 0.021875
6 0.614453 0.197396 0.019531 0.042708
6 0.666016 0.197917 0.017969 0.037500
6 0.714844 0.198437 0.017188 0.038542
6 0.801953 0.197917 0.022656 0.037500
6 0.271094 0.198437 0.017188 0.042708
9 0.316016 0.154167 0.013281 0.029167
7 0.876953 0.272917 0.019531 0.033333
7 0.802344 0.276042 0.028125 0.039583
7 0.726953 0.277604 0.022656 0.042708
7 0.295703 0.275521 0.022656 0.038542
