12 0.476953 0.652604 0.0367187 0.0885417
9 0.569922 0.722917 0.0179687 0.0541667
7 0.846875 0.197917 0.04375 0.0583333
12 0.855078 0.626562 0.0429688 0.071875
13 0.567187 0.0458333 0.090625 0.0895833
7 0.734375 0.197396 0.0421875 0.0614583
7 0.697656 0.111458 0.04375 0.075
7 0.855469 0.276042 0.04375 0.0583333
12 0.58125 0.646354 0.0421875 0.0885417
13 0.527344 0.101042 0.084375 0.147917
7 0.620703 0.275 0.0414063 0.0625
7 0.738672 0.277604 0.0414063 0.0614583
10 0.741797 0.583854 0.210156 0.228125
1 0.855859 0.229167 0.0695312 0.19375
7 0.614453 0.195833 0.0414063 0.0625
1 0.738672 0.228646 0.0648438 0.203125
1 0.61875 0.225521 0.0578125 0.196875
