7 0.828906 0.0807292 0.021875 0.034375
8 0.408984 0.313542 0.0132813 0.0416667
3 0.467187 0.0505208 0.0375 0.101042
7 0.756641 0.0755208 0.0210938 0.0385417
7 0.992969 0.00677083 0.0140625 0.0135417
5 0.830078 0.0541667 0.0335938 0.10625
11 0.754687 0.417708 0.159375 0.28125
8 0.0992187 0.279167 0.015625 0.0833333
7 0.829687 0.0302083 0.021875 0.0333333
7 0.630469 0.0135417 0.021875 0.0270833
8 0.0289063 0.275521 0.0171875 0.0802083
8 0.132422 0.279687 0.0148437 0.0822917
9 0.0773437 0.170312 0.021875 0.0572917
8 0.116797 0.279687 0.0148437 0.084375
9 0.153516 0.176042 0.0195312 0.05
10 0.292578 0.0994792 0.241406 0.198958
7 0.757812 0.0234375 0.0234375 0.0364583
1 0.63125 0.0484375 0.028125 0.096875
10 0.841016 0.122917 0.222656 0.24375
4 0.483984 0.217187 0.0398437 0.148958
11 0.855469 0.355208 0.126563 0.1875
5 0.758984 0.0557292 0.0351562 0.111458
