12 0.483594 0.9375 0.028125 0.04375
1 0.0121094 0.824479 0.0242187 0.096875
6 0.551172 0.420833 0.0210938 0.03125
7 0.791016 0.436979 0.0460938 0.0739583
7 0.677344 0.486979 0.0453125 0.0697917
11 0.0441406 0.924479 0.0882813 0.151042
7 0.00898437 0.80625 0.0179687 0.0291667
7 0.287891 0.513021 0.0320312 0.0447917
11 0.166016 0.942708 0.102344 0.114583
7 0.739062 0.73125 0.0265625 0.0354167
7 0.261719 0.493229 0.0296875 0.053125
7 0.0738281 0.651042 0.0273438 0.0375
7 0.401172 0.800521 0.0195312 0.0302083
6 0.514453 0.440625 0.0242187 0.0333333
7 0.464844 0.751562 0.0234375 0.0302083
7 0.110156 0.631771 0.028125 0.0385417
1 0.463281 0.767187 0.0328125 0.103125
7 0.0785156 0.597917 0.0226563 0.0416667
4 0.248047 0.808854 0.0507812 0.155208
7 0.0414063 0.665104 0.025 0.0364583
7 0.0378906 0.713542 0.0257812 0.0375
7 0.546875 0.641146 0.01875 0.0364583
2 0.257812 0.538542 0.0765625 0.133333
2 0.808984 0.270833 0.113281 0.202083
7 0.315234 0.460938 0.0320312 0.065625
2 0.162109 0.592708 0.0679687 0.110417
7 0.0703125 0.701563 0.028125 0.0385417
7 0.967578 0.154687 0.0554687 0.065625
7 0.0238281 0.627083 0.0179687 0.0395833
7 0.507812 0.629687 0.01875 0.0385417
2 0.207422 0.569792 0.0710938 0.120833
3 0.19375 0.642708 0.05 0.135417
7 0.00585938 0.643229 0.0117188 0.0364583
7 0.7375 0.684375 0.028125 0.0375
3 0.24375 0.626562 0.053125 0.148958
3 0.153125 0.657812 0.05 0.136458
7 0.551562 0.542708 0.0203125 0.0395833
10 0.964063 0.898958 0.071875 0.122917
7 0.608203 0.423438 0.0257812 0.0489583
7 0.548437 0.729167 0.0234375 0.03125
7 0.548828 0.769792 0.0226563 0.03125
4 0.864453 0.670833 0.0929687 0.247917
1 0.401953 0.781771 0.0320312 0.101042
7 0.451562 0.510417 0.025 0.0479167
7 0.1625 0.685938 0.0296875 0.0447917
3 0.896094 0.327083 0.090625 0.247917
7 0.832422 0.229167 0.0507812 0.0666667
7 0.401563 0.764583 0.0203125 0.0291667
1 0.735547 0.707812 0.0398437 0.121875
10 0.524219 0.928646 0.09375 0.109375
13 0.121094 0.795833 0.028125 0.0520833
7 0.209375 0.669792 0.0328125 0.0479167
13 0.078125 0.790625 0.0296875 0.05625
7 0.503125 0.526563 0.021875 0.0427083
1 0.0675781 0.673958 0.0445312 0.127083
7 0.107031 0.684896 0.0296875 0.040625
10 0.725391 0.910937 0.0851562 0.121875
2 0.691016 0.325 0.102344 0.189583
3 0.655469 0.434896 0.06875 0.213542
7 0.258984 0.649479 0.0351562 0.0510417
1 0.103906 0.658854 0.046875 0.126042
7 0.505469 0.778646 0.021875 0.0302083
4 0.283984 0.805729 0.0507812 0.163542
1 0.504687 0.757292 0.0328125 0.104167
7 0.505859 0.739583 0.0210938 0.03125
7 0.466016 0.7875 0.0210938 0.0291667
2 0.944141 0.188021 0.110156 0.223958
1 0.0339844 0.690104 0.0445312 0.121875
10 0.397656 0.943229 0.0515625 0.101042
3 0.767969 0.383854 0.0796875 0.238542
1 0.547656 0.749479 0.0359375 0.109375
4 0.216406 0.814583 0.0515625 0.154167
4 0.945312 0.646354 0.103125 0.265625
4 0.7875 0.686979 0.0859375 0.244792
