1 0.028516 0.328125 0.055469 0.229167
4 0.372656 0.389062 0.114062 0.363542
4 0.281641 0.410938 0.092969 0.342708
4 0.196484 0.438542 0.111719 0.333333
7 0.025391 0.287500 0.049219 0.091667
7 0.897656 0.415625 0.037500 0.089583
8 0.933203 0.716146 0.036719 0.142708
8 0.989844 0.725000 0.020313 0.120833
8 0.855469 0.734375 0.025000 0.137500
8 0.966406 0.723958 0.023438 0.118750
8 0.878516 0.732292 0.030469 0.129167
9 0.975391 0.513542 0.036719 0.085417
9 0.740234 0.558854 0.038281 0.090625
6 0.715234 0.458854 0.063281 0.044792
6 0.673828 0.418750 0.055469 0.037500
12 0.809766 0.466146 0.083594 0.134375
12 0.927734 0.438021 0.061719 0.138542
7 0.778906 0.453646 0.031250 0.051042
8 0.832812 0.744792 0.017188 0.141667
7 0.750391 0.675000 0.033594 0.037500
7 0.023438 0.389062 0.045312 0.076042
