2 0.0289063 0.118229 0.0578125 0.236458
7 0.171484 0.728125 0.0242187 0.04375
7 0.972266 0.764583 0.0523437 0.0645833
7 0.976953 0.626042 0.0460938 0.0583333
7 0.391016 0.858854 0.0257812 0.0385417
7 0.452734 0.876042 0.0242187 0.0395833
7 0.453516 0.929167 0.0226563 0.0395833
7 0.177344 0.139583 0.0796875 0.102083
13 0.957812 0.897917 0.05 0.08125
7 0.751562 0.659375 0.0578125 0.0729167
3 0.0859375 0.260938 0.142188 0.378125
7 0.0902344 0.704167 0.0320312 0.0541667
6 0.966016 0.113542 0.0554687 0.0479167
7 0.492188 0.328125 0.0625 0.0916667
2 0.726172 0.471875 0.121094 0.204167
7 0.646875 0.611979 0.065625 0.0802083
6 0.914453 0.059375 0.0632813 0.0541667
3 0.443359 0.434375 0.0992187 0.295833
2 0.816797 0.524479 0.110156 0.178125
7 0.840234 0.705729 0.0617188 0.0697917
3 0.853516 0.654167 0.0960938 0.220833
7 0.0652344 0.340104 0.0914062 0.121875
7 0.424219 0.505208 0.0671875 0.09375
7 0.389844 0.914062 0.025 0.040625
2 0.906641 0.582292 0.111719 0.175
10 0.715234 0.917188 0.255469 0.165625
3 0.965625 0.717188 0.06875 0.217708
7 0.344922 0.242708 0.0664062 0.0979167
7 0.261328 0.430729 0.0742188 0.103125
10 0.208594 0.84375 0.332812 0.310417
2 0.376563 0.261458 0.132812 0.2625
3 0.28125 0.359896 0.1125 0.338542
7 0.431641 0.803125 0.0257812 0.05625
3 0.764844 0.608854 0.0984375 0.226042
2 0.194922 0.159896 0.155469 0.296875
7 0.371484 0.783333 0.0257812 0.05625
3 0.6625 0.55625 0.10625 0.245833
2 0.528516 0.352083 0.128906 0.247917
0 0.405078 0.882812 0.0570313 0.138542
