10 0.750391 0.246875 0.164844 0.193750
10 0.308594 0.257292 0.157812 0.179167
11 0.372656 0.525521 0.185938 0.269792
4 0.039844 0.381771 0.032813 0.134375
4 0.131250 0.382812 0.032813 0.123958
1 0.146094 0.202604 0.021875 0.113542
7 0.278516 0.116146 0.022656 0.030208
7 0.154297 0.124479 0.022656 0.030208
7 0.418359 0.109896 0.022656 0.030208
7 0.425000 0.207292 0.025000 0.106250
7 0.423828 0.221354 0.021094 0.026042
7 0.276172 0.222396 0.021094 0.026042
1 0.273047 0.194271 0.021094 0.113542
7 0.276172 0.176042 0.019531 0.025000
7 0.421875 0.180208 0.020313 0.027083
7 0.612500 0.110937 0.017188 0.026042
7 0.682813 0.108854 0.021875 0.026042
0 0.625000 0.181771 0.020313 0.103125
0 0.696094 0.170833 0.028125 0.077083
0 0.555859 0.190625 0.019531 0.095833
7 0.621875 0.169271 0.020313 0.026042
7 0.622656 0.211979 0.020313 0.026042
7 0.691406 0.166146 0.020313 0.026042
7 0.553125 0.169792 0.017188 0.027083
7 0.553906 0.214583 0.017188 0.027083
12 0.614453 0.303125 0.024219 0.029167
12 0.582422 0.304167 0.024219 0.029167
12 0.554688 0.302604 0.015625 0.028125
7 0.583594 0.356771 0.014063 0.017708
7 0.557422 0.356250 0.011719 0.020833
