1 0.412891 0.697917 0.035156 0.110417
1 0.224219 0.693750 0.037500 0.114583
1 0.294141 0.693229 0.035156 0.113542
1 0.475781 0.700521 0.035937 0.105208
1 0.156250 0.692187 0.034375 0.115625
1 0.542969 0.700000 0.037500 0.104167
6 0.062500 0.329688 0.015625 0.032292
6 0.176563 0.332813 0.020313 0.030208
7 0.372266 0.439063 0.022656 0.046875
9 0.010547 0.275521 0.011719 0.032292
9 0.054297 0.280208 0.014844 0.025000
10 0.472266 0.870313 0.117969 0.132292
10 0.225000 0.880729 0.128125 0.117708
12 0.068750 0.866667 0.020313 0.054167
13 0.660156 0.638542 0.040625 0.072917
6 0.300000 0.345313 0.018750 0.040625
7 0.541797 0.684375 0.022656 0.035417
7 0.544141 0.727083 0.022656 0.035417
7 0.476953 0.726042 0.022656 0.035417
7 0.478516 0.682292 0.022656 0.035417
7 0.411328 0.681250 0.022656 0.035417
7 0.412891 0.722917 0.022656 0.035417
7 0.292578 0.722917 0.022656 0.035417
7 0.293359 0.676042 0.022656 0.035417
7 0.225391 0.675000 0.024219 0.033333
7 0.223828 0.715625 0.024219 0.033333
7 0.154297 0.716667 0.024219 0.033333
7 0.155078 0.671875 0.024219 0.033333
1 0.029297 0.690625 0.028906 0.083333
7 0.030078 0.670833 0.024219 0.033333
7 0.028516 0.713542 0.024219 0.033333
7 0.077734 0.422396 0.022656 0.046875
7 0.633203 0.455729 0.022656 0.046875
13 0.618359 0.660937 0.032031 0.059375
9 0.408203 0.906250 0.014844 0.047917
7 0.400000 0.858854 0.018750 0.028125
