10 0.197266 0.891667 0.241406 0.216667
10 0.791797 0.889062 0.242969 0.221875
12 0.331641 0.941146 0.046094 0.092708
12 0.020313 0.942187 0.039062 0.088542
7 0.064844 0.540104 0.045312 0.063542
7 0.075000 0.448437 0.043750 0.063542
7 0.209375 0.535417 0.043750 0.062500
7 0.215234 0.446354 0.041406 0.063542
7 0.351172 0.530208 0.046094 0.062500
7 0.357031 0.438542 0.043750 0.068750
7 0.948438 0.520312 0.050000 0.067708
7 0.782813 0.517708 0.051562 0.060417
7 0.623047 0.522396 0.050781 0.063542
7 0.621484 0.430729 0.049219 0.065625
7 0.778125 0.425000 0.048438 0.062500
7 0.941797 0.422396 0.052344 0.067708
1 0.623047 0.468750 0.058594 0.233333
1 0.780859 0.461458 0.061719 0.225000
1 0.947656 0.455729 0.065625 0.240625
1 0.066797 0.485417 0.074219 0.210417
1 0.211719 0.480208 0.065625 0.220833
1 0.354297 0.475000 0.069531 0.225000
