1 0.413281 0.540104 0.067187 0.278125
1 0.551562 0.583333 0.084375 0.252083
1 0.108984 0.478125 0.075781 0.262500
1 0.970703 0.680729 0.058594 0.192708
1 0.675000 0.615625 0.078125 0.220833
1 0.876563 0.651042 0.093750 0.183333
6 0.491406 0.112500 0.054688 0.116667
7 0.105469 0.443750 0.064062 0.087500
7 0.104688 0.550000 0.064062 0.077083
7 0.407422 0.514062 0.050781 0.067708
7 0.416406 0.608333 0.053125 0.079167
7 0.559375 0.636979 0.046875 0.071875
7 0.544141 0.551562 0.047656 0.061458
7 0.673438 0.580208 0.050000 0.064583
7 0.683203 0.664583 0.044531 0.066667
7 0.371484 0.765625 0.061719 0.072917
7 0.509766 0.785937 0.055469 0.067708
7 0.634766 0.804167 0.057031 0.066667
7 0.880469 0.707292 0.050000 0.058333
7 0.864062 0.631250 0.046875 0.052083
7 0.976953 0.726042 0.038281 0.054167
7 0.961719 0.650000 0.042188 0.052083
7 0.909375 0.848958 0.056250 0.062500
