4 0.451953 0.844792 0.117969 0.310417
4 0.348438 0.857292 0.104688 0.285417
4 0.243750 0.862500 0.114062 0.275000
1 0.947656 0.910937 0.043750 0.165625
1 0.838672 0.921354 0.049219 0.148958
1 0.572656 0.933333 0.040625 0.133333
7 0.574219 0.973958 0.032813 0.043750
7 0.580078 0.915104 0.036719 0.042708
7 0.837109 0.897396 0.035156 0.051042
7 0.838672 0.968229 0.038281 0.046875
7 0.948438 0.962500 0.037500 0.050000
7 0.948438 0.888021 0.039062 0.053125
7 0.173047 0.939583 0.030469 0.039583
1 0.167969 0.947917 0.045312 0.104167
7 0.084375 0.393229 0.059375 0.094792
7 0.873828 0.418229 0.042969 0.063542
7 0.946484 0.398438 0.044531 0.061458
2 0.521875 0.292708 0.139063 0.225000
2 0.344141 0.343750 0.135156 0.247917
2 0.192578 0.402604 0.125781 0.219792
3 0.434766 0.427083 0.103906 0.325000
3 0.271484 0.482292 0.108594 0.295833
3 0.129688 0.526563 0.104688 0.276042
7 0.157031 0.588542 0.057813 0.079167
7 0.298828 0.555208 0.057031 0.085417
7 0.467578 0.514583 0.061719 0.095833
7 0.559375 0.244792 0.071875 0.095833
7 0.389453 0.310937 0.061719 0.084375
7 0.242578 0.358854 0.052344 0.073958
7 0.018359 0.501042 0.035156 0.075000
