3 0.459375 0.810938 0.0296875 0.101042
12 0.05625 0.826563 0.0296875 0.046875
3 0.503906 0.805729 0.0296875 0.107292
7 0.596094 0.692187 0.0234375 0.0447917
12 0.059375 0.576563 0.0984375 0.0739583
7 0.502344 0.709375 0.0171875 0.0395833
6 0.642187 0.614583 0.01875 0.025
7 0.609766 0.865625 0.0195312 0.0270833
7 0.658594 0.777083 0.015625 0.0291667
7 0.402344 0.551562 0.04375 0.0552083
12 0.110547 0.548437 0.117969 0.0802083
7 0.935938 0.609375 0.025 0.04375
6 0.711328 0.594271 0.0164062 0.0197917
3 0.896875 0.735937 0.0421875 0.130208
7 0.758984 0.881771 0.0179687 0.0260417
7 0.758203 0.851042 0.0179687 0.025
7 0.769531 0.648438 0.0203125 0.0322917
6 0.823438 0.565625 0.01875 0.025
6 0.868359 0.555729 0.0179687 0.0239583
7 0.685156 0.785417 0.015625 0.03125
7 0.195312 0.635938 0.040625 0.053125
7 0.608984 0.897396 0.0179687 0.0260417
7 0.823828 0.631771 0.0210938 0.034375
9 0.664844 0.576042 0.0140625 0.01875
2 0.986719 0.654167 0.0265625 0.1125
8 0.337891 0.705208 0.0289063 0.2
10 0.81875 0.977083 0.0875 0.0458333
7 0.795313 0.751562 0.0171875 0.0322917
7 0.803516 0.879687 0.0195312 0.0260417
9 0.809766 0.531771 0.0148437 0.021875
7 0.848828 0.875 0.0210938 0.0270833
9 0.698438 0.565104 0.0140625 0.021875
8 0.227734 0.736979 0.0320312 0.190625
7 0.820703 0.761458 0.0179687 0.03125
7 0.589844 0.642708 0.0390625 0.06875
2 0.923437 0.673958 0.0546875 0.114583
4 0.582422 0.93125 0.0242187 0.114583
1 0.608203 0.88125 0.0257812 0.08125
1 0.757812 0.864583 0.028125 0.0875
7 0.292188 0.596875 0.0453125 0.0583333
7 0.040625 0.678125 0.0359375 0.0520833
7 0.848047 0.839063 0.0210938 0.0260417
7 0.76875 0.740104 0.0171875 0.034375
9 0.783203 0.539583 0.0164062 0.0229167
4 0.512891 0.941667 0.0242187 0.0916667
8 0.366406 0.691146 0.03125 0.207292
8 0.253516 0.726042 0.0304688 0.185417
9 0.615625 0.495833 0.0453125 0.122917
7 0.685156 0.889063 0.0171875 0.0260417
3 0.969922 0.722396 0.0460938 0.130208
7 0.801562 0.844271 0.0203125 0.0260417
8 0.0175781 0.853646 0.0351562 0.113542
12 0.487891 0.34375 0.125781 0.179167
8 0.394922 0.688542 0.0351562 0.2125
7 0.684766 0.857292 0.0164062 0.025
12 0.367969 0.410937 0.101562 0.157292
4 0.975 0.899479 0.05 0.146875
12 0.275 0.455729 0.096875 0.151042
8 0.278906 0.719271 0.028125 0.192708
1 0.847656 0.855729 0.03125 0.090625
1 0.802734 0.861979 0.0320312 0.0927083
8 0.141016 0.757812 0.0320312 0.180208
1 0.684375 0.872396 0.025 0.0864583
8 0.160547 0.754167 0.0320312 0.183333
8 0.183203 0.747917 0.0335938 0.185417
