1 0.668750 0.384896 0.087500 0.267708
1 0.472656 0.391667 0.073438 0.268750
1 0.277734 0.390625 0.066406 0.275000
13 0.901172 0.154167 0.144531 0.206250
7 0.278125 0.459896 0.060937 0.088542
7 0.283203 0.354167 0.057031 0.081250
7 0.472266 0.355729 0.057031 0.069792
7 0.474219 0.457813 0.057813 0.078125
7 0.671875 0.460938 0.068750 0.078125
7 0.664844 0.355729 0.065625 0.063542
7 0.684766 0.623958 0.060156 0.081250
7 0.511719 0.630208 0.060937 0.068750
7 0.335156 0.630208 0.059375 0.062500
7 0.029297 0.647917 0.057031 0.064583
10 0.478516 0.884375 0.285156 0.231250
