6 0.160547 0.074479 0.019531 0.023958
6 0.048828 0.052083 0.016406 0.031250
6 0.090234 0.060937 0.017969 0.028125
6 0.475391 0.146875 0.017969 0.018750
6 0.007031 0.044271 0.012500 0.034375
6 0.198828 0.082812 0.017969 0.021875
7 0.839844 0.233854 0.023438 0.036458
7 0.033984 0.132292 0.021094 0.054167
7 0.783984 0.221875 0.025781 0.033333
7 0.013281 0.132292 0.017188 0.056250
9 0.430469 0.108333 0.014063 0.020833
9 0.200781 0.050521 0.014063 0.026042
9 0.175391 0.047396 0.011719 0.021875
9 0.448047 0.110937 0.011719 0.021875
9 0.087109 0.027083 0.014844 0.025000
9 0.048438 0.014063 0.012500 0.026042
12 0.129297 0.169271 0.049219 0.069792
12 0.173047 0.183854 0.030469 0.061458
9 0.018750 0.012500 0.018750 0.022917
9 0.237500 0.061458 0.014063 0.025000
6 0.447656 0.140625 0.020313 0.022917
6 0.418359 0.134375 0.016406 0.022917
12 0.932031 0.186979 0.070312 0.065625
12 0.983984 0.196875 0.032031 0.054167
12 0.853906 0.162500 0.065625 0.058333
12 0.807031 0.144271 0.070312 0.065625
12 0.732031 0.129688 0.092188 0.073958
8 0.960547 0.362500 0.014844 0.079167
8 0.991016 0.341146 0.011719 0.086458
8 0.914062 0.358854 0.012500 0.065625
8 0.902734 0.357812 0.011719 0.071875
8 0.892188 0.356771 0.010937 0.076042
8 0.863672 0.353646 0.013281 0.078125
8 0.851562 0.353646 0.010937 0.080208
8 0.840234 0.352604 0.013281 0.084375
7 0.910547 0.313542 0.017969 0.025000
7 0.865234 0.305208 0.017969 0.025000
7 0.888281 0.240625 0.020313 0.035417
7 0.986719 0.279167 0.020313 0.025000
7 0.594922 0.195312 0.033594 0.055208
7 0.479297 0.237500 0.033594 0.045833
7 0.071484 0.145833 0.014844 0.035417
7 0.367188 0.094792 0.023438 0.047917
7 0.322266 0.090625 0.024219 0.052083
7 0.307031 0.044792 0.040625 0.045833
7 0.341406 0.024479 0.048438 0.042708
11 0.813672 0.478646 0.102344 0.144792
