1 0.446094 0.281771 0.026562 0.103125
1 0.389453 0.277083 0.028906 0.085417
4 0.703125 0.415625 0.026562 0.089583
4 0.666406 0.419271 0.028125 0.084375
6 0.398047 0.101042 0.010156 0.020833
6 0.561328 0.103646 0.011719 0.019792
6 0.485547 0.100000 0.010156 0.018750
6 0.601562 0.103646 0.010937 0.021875
6 0.645312 0.102604 0.012500 0.019792
6 0.162109 0.092188 0.011719 0.023958
6 0.439844 0.102604 0.009375 0.021875
6 0.319531 0.093750 0.010937 0.025000
6 0.108594 0.092708 0.012500 0.031250
6 0.228125 0.092188 0.010937 0.021875
7 0.085938 0.130729 0.028125 0.084375
7 0.026562 0.126042 0.032813 0.106250
7 0.142578 0.130208 0.030469 0.081250
7 0.610547 0.216146 0.016406 0.030208
8 0.813281 0.364583 0.029687 0.110417
8 0.868359 0.366667 0.033594 0.116667
8 0.842578 0.364583 0.030469 0.108333
8 0.939453 0.368229 0.032031 0.096875
8 0.966797 0.369792 0.027344 0.097917
8 0.988672 0.361979 0.021094 0.111458
9 0.472656 0.068229 0.012500 0.021875
9 0.600781 0.073958 0.010937 0.022917
9 0.406250 0.065625 0.010937 0.020833
9 0.641016 0.076563 0.013281 0.023958
9 0.437109 0.067187 0.010156 0.021875
9 0.569531 0.072396 0.010937 0.021875
11 0.445703 0.550521 0.194531 0.226042
1 0.507812 0.281771 0.026562 0.103125
1 0.334766 0.389583 0.028906 0.085417
1 0.313281 0.353125 0.020313 0.058333
1 0.394531 0.357292 0.020313 0.058333
1 0.439844 0.362500 0.020313 0.058333
1 0.483594 0.361458 0.020313 0.058333
7 0.273828 0.090625 0.016406 0.022917
7 0.283594 0.208333 0.020313 0.029167
7 0.224219 0.206250 0.020313 0.029167
7 0.536328 0.200521 0.016406 0.030208
7 0.671484 0.217188 0.016406 0.030208
1 0.900781 0.369271 0.025000 0.073958
7 0.900000 0.355729 0.015625 0.023958
7 0.898438 0.384896 0.015625 0.023958
7 0.509375 0.263542 0.020313 0.033333
7 0.508594 0.303125 0.020313 0.033333
7 0.449219 0.262500 0.020313 0.033333
7 0.447656 0.301042 0.020313 0.033333
7 0.388281 0.259375 0.020313 0.033333
7 0.387500 0.297917 0.020313 0.033333
7 0.332813 0.363542 0.020313 0.033333
7 0.332813 0.404167 0.020313 0.033333
7 0.313281 0.340104 0.015625 0.019792
7 0.313281 0.368229 0.015625 0.019792
7 0.394531 0.342187 0.015625 0.019792
7 0.395313 0.370312 0.015625 0.019792
7 0.439844 0.344271 0.015625 0.019792
7 0.440625 0.371354 0.015625 0.019792
7 0.485156 0.344271 0.015625 0.019792
7 0.485156 0.373437 0.015625 0.019792
3 0.603516 0.310937 0.022656 0.073958
3 0.664453 0.313021 0.022656 0.073958
2 0.630859 0.265625 0.030469 0.060417
2 0.692578 0.265625 0.030469 0.060417
4 0.635938 0.421354 0.028125 0.084375
