4 0.821875 0.586458 0.023438 0.102083
4 0.808984 0.592708 0.016406 0.093750
7 0.067578 0.358333 0.035156 0.039583
7 0.241406 0.280208 0.025000 0.056250
7 0.260547 0.570312 0.017969 0.021875
7 0.351562 0.673438 0.018750 0.044792
9 0.128906 0.228125 0.048438 0.114583
11 0.697656 0.759896 0.120313 0.211458
12 0.095312 0.136458 0.126562 0.141667
7 0.192578 0.163021 0.032031 0.071875
7 0.218359 0.221354 0.032031 0.071875
8 0.160547 0.506250 0.024219 0.154167
8 0.062109 0.503125 0.011719 0.079167
8 0.052734 0.495833 0.013281 0.085417
8 0.011719 0.470833 0.010937 0.112500
1 0.309766 0.671875 0.017969 0.062500
1 0.389453 0.676562 0.016406 0.065625
1 0.460156 0.675521 0.015625 0.067708
7 0.309375 0.668750 0.017188 0.022917
7 0.350000 0.669792 0.017188 0.022917
7 0.389062 0.668750 0.017188 0.022917
7 0.459375 0.669792 0.017188 0.022917
12 0.500781 0.570312 0.028125 0.036458
4 0.798438 0.606250 0.014063 0.083333
11 0.917969 0.519792 0.164062 0.545833
7 0.071094 0.418750 0.029687 0.037500
9 0.191406 0.351562 0.025000 0.051042
9 0.217578 0.385937 0.025781 0.055208
9 0.266406 0.450000 0.018750 0.056250
9 0.295703 0.493750 0.017969 0.043750
9 0.277344 0.462500 0.015625 0.041667
12 0.248047 0.377083 0.053906 0.047917
12 0.233203 0.345833 0.069531 0.039583
12 0.264062 0.405729 0.048438 0.034375
8 0.248047 0.575000 0.014844 0.058333
1 0.101953 0.672396 0.017969 0.046875
7 0.101562 0.668750 0.014063 0.020833
7 0.805859 0.364583 0.017969 0.029167
2 0.960156 0.111458 0.076563 0.122917
3 0.967578 0.221354 0.053906 0.109375
2 0.926562 0.172396 0.081250 0.098958
2 0.897656 0.220833 0.079687 0.095833
2 0.774609 0.398438 0.053906 0.067708
2 0.758984 0.422396 0.050781 0.059375
2 0.746484 0.443229 0.050781 0.059375
7 0.791797 0.378125 0.025781 0.033333
7 0.791406 0.426563 0.020313 0.023958
3 0.785156 0.471875 0.028125 0.072917
3 0.771094 0.484375 0.028125 0.072917
3 0.755469 0.495833 0.028125 0.072917
3 0.736719 0.502604 0.020313 0.067708
3 0.728125 0.507812 0.017188 0.063542
3 0.718359 0.516667 0.019531 0.058333
7 0.787500 0.479167 0.018750 0.027083
7 0.771875 0.496875 0.018750 0.027083
7 0.746875 0.514062 0.015625 0.023958
7 0.734375 0.529687 0.015625 0.023958
7 0.721875 0.545312 0.015625 0.023958
