7 0.394141 0.379167 0.019531 0.035417
7 0.976562 0.251042 0.042188 0.054167
7 0.598437 0.430729 0.023438 0.030208
1 0.620313 0.417187 0.040625 0.117708
6 0.702734 0.020313 0.022656 0.036458
10 0.596875 0.634896 0.056250 0.098958
7 0.805859 0.385417 0.032031 0.039583
12 0.898828 0.645312 0.027344 0.053125
3 0.162500 0.346354 0.040625 0.113542
4 0.107422 0.515625 0.032031 0.131250
4 0.096094 0.508854 0.032813 0.140625
1 0.118750 0.221875 0.053125 0.131250
7 0.644141 0.424479 0.027344 0.034375
7 0.062109 0.026042 0.027344 0.050000
7 0.666016 0.402083 0.028906 0.037500
7 0.644922 0.373958 0.027344 0.035417
1 0.640625 0.395833 0.040625 0.125000
1 0.593750 0.453125 0.039062 0.110417
7 0.117969 0.460938 0.034375 0.038542
7 0.709375 0.295312 0.029687 0.040625
1 0.953906 0.079687 0.087500 0.157292
7 0.119531 0.409375 0.037500 0.041667
7 0.632812 0.107292 0.026562 0.052083
7 0.708594 0.353125 0.032813 0.041667
7 0.666406 0.349479 0.029687 0.036458
7 0.092188 0.197396 0.039062 0.046875
7 0.096484 0.131771 0.036719 0.048958
0 0.137500 0.435937 0.096875 0.126042
13 0.419141 0.596354 0.024219 0.044792
13 0.353125 0.591146 0.020313 0.038542
7 0.843750 0.138021 0.045312 0.061458
7 0.773047 0.223438 0.035156 0.048958
7 0.957812 0.092708 0.053125 0.068750
7 0.739062 0.262500 0.032813 0.045833
7 0.739453 0.321875 0.035156 0.043750
7 0.895312 0.156250 0.050000 0.064583
1 0.102734 0.164062 0.067969 0.157292
7 0.438281 0.187500 0.025000 0.047917
7 0.470703 0.082812 0.027344 0.053125
7 0.954297 0.021875 0.055469 0.041667
1 0.661719 0.373437 0.046875 0.132292
13 0.385547 0.593229 0.021094 0.042708
7 0.773047 0.288021 0.038281 0.048958
1 0.703906 0.322396 0.048438 0.138542
7 0.552344 0.092708 0.028125 0.058333
11 0.230078 0.704167 0.058594 0.129167
7 0.508203 0.194792 0.022656 0.047917
7 0.894531 0.077604 0.048438 0.065625
7 0.844922 0.210417 0.046094 0.058333
1 0.734375 0.288021 0.051562 0.148958
1 0.839453 0.164583 0.067969 0.189583
10 0.772266 0.528646 0.119531 0.163542
1 0.889453 0.111458 0.075781 0.202083
10 0.665625 0.586979 0.081250 0.134375
1 0.768750 0.251042 0.057813 0.168750
10 0.928516 0.434896 0.142969 0.234375
7 0.411328 0.294792 0.019531 0.035417
7 0.471484 0.303125 0.019531 0.035417
7 0.523828 0.310417 0.019531 0.035417
