9 0.666797 0.472396 0.0210938 0.046875
7 0.276172 0.355729 0.0179687 0.0260417
7 0.729688 0.110937 0.0171875 0.0364583
7 0.847266 0.173958 0.0257812 0.0416667
12 0.717578 0.4625 0.0242187 0.0520833
12 0.367578 0.474479 0.0242187 0.0552083
7 0.34375 0.49375 0.0171875 0.0354167
7 0.326562 0.30625 0.0203125 0.0291667
7 0.848047 0.230208 0.0257812 0.0416667
7 0.544922 0.322917 0.0210938 0.0291667
7 0.8625 0.429167 0.025 0.0479167
9 0.848437 0.469792 0.0328125 0.0916667
7 0.220313 0.321875 0.021875 0.0291667
7 0.480859 0.135937 0.0195312 0.0385417
1 0.847656 0.197917 0.034375 0.154167
7 0.491797 0.234896 0.0226563 0.034375
7 0.136328 0.209896 0.0210938 0.0427083
7 0.677734 0.0578125 0.0179687 0.0385417
7 0.246875 0.009375 0.0265625 0.01875
7 0.221094 0.279687 0.021875 0.0302083
7 0.326562 0.261979 0.021875 0.0302083
7 0.763281 0.244271 0.025 0.040625
1 0.427344 0.268229 0.034375 0.130208
7 0.444922 0.1125 0.0195312 0.0416667
7 0.491406 0.282292 0.021875 0.0333333
12 0.0625 0.503646 0.0265625 0.0447917
7 0.510938 0.171875 0.0234375 0.0458333
13 0.914453 0.122917 0.0398437 0.0833333
1 0.218359 0.302083 0.0367187 0.116667
7 0.762109 0.188021 0.0242187 0.040625
7 0.272266 0.270833 0.0210938 0.0291667
13 0.894141 0.0947917 0.0460938 0.0895833
7 0.272266 0.313542 0.0210938 0.0291667
7 0.558203 0.272917 0.0226563 0.0354167
7 0.684766 0.253646 0.0242187 0.0385417
1 0.326562 0.282292 0.0328125 0.120833
7 0.428516 0.291667 0.0210938 0.03125
7 0.0472656 0.0541667 0.0257812 0.05625
7 0.326562 0.192708 0.01875 0.0416667
7 0.148828 0.102083 0.0257812 0.05
9 0.895703 0.463021 0.0320312 0.0947917
7 0.557422 0.221875 0.0242187 0.0375
7 0.0960938 0.19375 0.021875 0.04375
7 0.684766 0.202083 0.0242187 0.0375
7 0.254687 0.154687 0.021875 0.0447917
7 0.429297 0.244792 0.0226563 0.0333333
1 0.0472656 0.328646 0.0335938 0.109375
7 0.291406 0.174479 0.0203125 0.0447917
1 0.490234 0.259896 0.0351562 0.138542
7 0.345313 0.0447917 0.0234375 0.0520833
1 0.0910156 0.322917 0.0351562 0.11875
13 0.85625 0.059375 0.0625 0.1125
7 0.298438 0.0213542 0.025 0.0427083
1 0.684375 0.225 0.034375 0.145833
7 0.101562 0.0770833 0.025 0.0520833
10 0.291406 0.471354 0.110937 0.117708
1 0.557031 0.247396 0.034375 0.136458
1 0.270312 0.292188 0.034375 0.119792
1 0.761719 0.213542 0.034375 0.147917
1 0.134375 0.314063 0.0359375 0.115625
10 0.108984 0.48125 0.0945313 0.108333
10 0.509375 0.451562 0.13125 0.144792
10 0.776953 0.428646 0.132031 0.148958
