1 0.993359 0.410937 0.0132813 0.0802083
7 0.995313 0.438542 0.009375 0.025
10 0.715234 0.629167 0.0726563 0.06875
7 0.994922 0.398438 0.0101562 0.0260417
12 0.426562 0.628646 0.015625 0.040625
7 0.529688 0.202083 0.0140625 0.0229167
12 0.48125 0.63125 0.0203125 0.0458333
7 0.888281 0.43125 0.0234375 0.0333333
9 0.886719 0.210417 0.015625 0.025
7 0.592969 0.515625 0.015625 0.025
6 0.386719 0.195833 0.015625 0.0333333
7 0.957812 0.354688 0.015625 0.0302083
6 0.883984 0.246354 0.0226563 0.0260417
7 0.592578 0.482292 0.0164062 0.025
6 0.516406 0.203125 0.015625 0.0229167
7 0.532422 0.43125 0.0164062 0.03125
6 0.286328 0.185937 0.0164062 0.034375
1 0.676953 0.502083 0.0226563 0.0770833
7 0.341406 0.180208 0.0171875 0.03125
9 0.688672 0.188542 0.0132813 0.0229167
7 0.262891 0.273958 0.0210938 0.0458333
6 0.564844 0.211979 0.01875 0.028125
12 0.920313 0.35625 0.040625 0.0645833
9 0.660547 0.185417 0.0132813 0.025
7 0.676172 0.485938 0.0179687 0.0239583
6 0.471094 0.202604 0.01875 0.0302083
9 0.846484 0.20625 0.0148437 0.0229167
6 0.806641 0.236458 0.0179687 0.025
1 0.59375 0.496875 0.021875 0.0833333
7 0.923047 0.308854 0.0414063 0.046875
9 0.821875 0.203646 0.0140625 0.0239583
7 0.401172 0.473437 0.0179687 0.0260417
9 0.728906 0.192708 0.0140625 0.025
6 0.733203 0.229687 0.0179687 0.028125
7 0.758203 0.318229 0.0210938 0.0427083
6 0.648047 0.220833 0.0164062 0.0291667
6 0.847266 0.241667 0.0210938 0.0270833
7 0.293359 0.469271 0.0179687 0.0260417
7 0.400781 0.507812 0.0171875 0.0260417
6 0.691016 0.225521 0.0164062 0.028125
7 0.981641 0.339583 0.0195312 0.0395833
12 0.269922 0.627083 0.0226563 0.05
7 0.853906 0.342187 0.034375 0.0447917
7 0.676562 0.518229 0.0171875 0.0260417
7 0.722266 0.486979 0.0179687 0.0239583
1 0.401172 0.490104 0.0242187 0.0864583
7 0.767578 0.489062 0.0179687 0.0239583
7 0.292578 0.504687 0.0179687 0.0260417
7 0.694141 0.311458 0.0210938 0.04375
7 0.885547 0.326042 0.0367187 0.0479167
1 0.722266 0.503125 0.0242187 0.0770833
7 0.767578 0.521354 0.0179687 0.0260417
7 0.348828 0.472917 0.0164062 0.025
7 0.492578 0.478646 0.0164062 0.0260417
7 0.722266 0.520312 0.0179687 0.0260417
7 0.492578 0.510938 0.0179687 0.0260417
1 0.492969 0.494271 0.025 0.0864583
7 0.541797 0.511458 0.0164062 0.025
7 0.346484 0.505729 0.0164062 0.0260417
7 0.482031 0.291667 0.01875 0.0416667
1 0.293359 0.486458 0.0242187 0.0875
7 0.34375 0.424479 0.0171875 0.0322917
13 0.258203 0.425521 0.0382813 0.0552083
7 0.629687 0.307292 0.0203125 0.0416667
1 0.768359 0.504687 0.0257812 0.0802083
1 0.541406 0.49375 0.0234375 0.0854167
10 0.341016 0.633854 0.0789063 0.0885417
7 0.541406 0.479688 0.0171875 0.0260417
1 0.347266 0.488021 0.0242187 0.0864583
10 0.534375 0.634896 0.0671875 0.0864583
