6 0.056250 0.553125 0.018750 0.027083
6 0.101953 0.562500 0.016406 0.027083
6 0.011719 0.544271 0.017188 0.026042
6 0.456641 0.621354 0.011719 0.019792
6 0.246484 0.588542 0.013281 0.018750
7 0.052344 0.647396 0.021875 0.051042
7 0.118359 0.656250 0.019531 0.056250
7 0.333203 0.682292 0.014844 0.047917
7 0.971484 0.309375 0.050781 0.089583
7 0.685156 0.461979 0.060937 0.065625
7 0.621094 0.489063 0.051562 0.084375
7 0.563281 0.518229 0.046875 0.082292
9 0.022266 0.506771 0.013281 0.021875
9 0.187891 0.542188 0.013281 0.021875
9 0.053906 0.516146 0.012500 0.021875
9 0.251172 0.555729 0.013281 0.021875
9 0.214062 0.550521 0.014063 0.023958
7 0.562891 0.586979 0.032031 0.048958
7 0.516797 0.580208 0.030469 0.047917
7 0.205078 0.689583 0.041406 0.050000
7 0.237109 0.679167 0.035156 0.047917
7 0.272656 0.663021 0.043750 0.048958
6 0.171875 0.575000 0.017188 0.027083
6 0.213281 0.584896 0.018750 0.030208
1 0.354687 0.760417 0.026562 0.070833
7 0.353516 0.779167 0.022656 0.033333
7 0.352344 0.743229 0.021875 0.030208
7 0.312109 0.700521 0.016406 0.023958
9 0.095703 0.526042 0.017969 0.027083
12 0.275000 0.707292 0.040625 0.058333
1 0.248438 0.740625 0.021875 0.104167
7 0.244922 0.773438 0.019531 0.026042
