7 0.575781 0.305208 0.021875 0.0375
7 0.817578 0.193229 0.0210938 0.034375
7 0.105078 0.620313 0.0320312 0.0760417
1 0.0101562 0.622917 0.0203125 0.0833333
7 0.463672 0.589063 0.0210938 0.0302083
7 0.0328125 0.4625 0.0171875 0.03125
7 0.823828 0.44375 0.0164062 0.0291667
7 0.0148437 0.635417 0.0234375 0.03125
7 0.951563 0.447396 0.0265625 0.0322917
13 0.562891 0.532292 0.0242187 0.0458333
7 0.126172 0.636979 0.0210938 0.0302083
7 0.464063 0.545833 0.021875 0.03125
7 0.838281 0.484375 0.0234375 0.0291667
1 0.461328 0.564583 0.0335938 0.0979167
7 0.513281 0.346354 0.0203125 0.0427083
11 0.623438 0.709896 0.1 0.176042
7 0.464453 0.380208 0.0164062 0.0375
1 0.948438 0.469271 0.040625 0.111458
1 0.480078 0.435417 0.0335938 0.1125
7 0.0824219 0.635938 0.0226563 0.0302083
1 0.839063 0.498437 0.0359375 0.103125
6 0.985937 0.105729 0.0265625 0.0364583
1 0.542578 0.397917 0.0382813 0.122917
7 0.685938 0.221354 0.0296875 0.053125
2 0.595703 0.328125 0.0617188 0.1125
4 0.69375 0.534896 0.046875 0.146875
10 0.847266 0.659375 0.0492188 0.0979167
1 0.105078 0.622917 0.0335938 0.0854167
7 0.603125 0.421354 0.028125 0.0427083
7 0.645703 0.401563 0.0320312 0.0447917
7 0.716406 0.236458 0.0328125 0.0479167
7 0.990625 0.235938 0.01875 0.0427083
7 0.992578 0.435937 0.0148437 0.0322917
7 0.00625 0.611458 0.0125 0.0354167
6 0.945312 0.130208 0.028125 0.0354167
2 0.637109 0.301042 0.0648438 0.129167
7 0.514063 0.396875 0.025 0.0354167
3 0.629297 0.371875 0.0476562 0.141667
7 0.482422 0.413542 0.0226563 0.0354167
7 0.484375 0.458854 0.0234375 0.034375
7 0.946484 0.335938 0.0210938 0.0385417
7 0.990234 0.342187 0.0195312 0.0364583
4 0.727344 0.527604 0.05 0.151042
13 0.522656 0.530208 0.025 0.0520833
7 0.992188 0.479688 0.015625 0.0302083
7 0.104297 0.614583 0.0273438 0.0375
7 0.952344 0.490625 0.025 0.03125
12 0.156641 0.478646 0.0398437 0.0552083
7 0.839063 0.519271 0.021875 0.028125
7 0.905859 0.463021 0.0257812 0.0322917
7 0.442187 0.395833 0.0171875 0.0375
7 0.420703 0.410417 0.0179687 0.0395833
2 0.688281 0.259375 0.0765625 0.141667
3 0.68125 0.349479 0.0546875 0.148958
7 0.513281 0.44375 0.025 0.0354167
7 0.695312 0.377604 0.034375 0.046875
7 0.907422 0.501562 0.0257812 0.0322917
7 0.545703 0.376042 0.0242187 0.0354167
3 0.587109 0.392708 0.0414063 0.135417
7 0.881641 0.214062 0.0257812 0.046875
7 0.739062 0.179167 0.0328125 0.0708333
7 0.939453 0.225 0.0242187 0.0458333
1 0.987109 0.45625 0.0257812 0.114583
7 0.546484 0.425521 0.0257812 0.0364583
1 0.904297 0.479688 0.0398437 0.109375
4 0.660937 0.540625 0.05 0.14375
1 0.509375 0.41875 0.0375 0.11875
10 0.960938 0.641146 0.0765625 0.111458
11 0.462891 0.748958 0.207031 0.341667
