1 0.525000 0.437500 0.079687 0.214583
1 0.445703 0.470313 0.075781 0.192708
1 0.814453 0.278646 0.097656 0.315625
1 0.617578 0.388542 0.086719 0.270833
1 0.242578 0.572917 0.044531 0.152083
1 0.334766 0.531250 0.067969 0.172917
1 0.968750 0.198958 0.051562 0.291667
1 0.301953 0.545312 0.064844 0.173958
7 0.832812 0.237500 0.068750 0.093750
7 0.447656 0.518229 0.046875 0.069792
7 0.252344 0.612500 0.032813 0.041667
7 0.294141 0.595313 0.035156 0.044792
7 0.626563 0.352604 0.057813 0.071875
7 0.457422 0.439063 0.042969 0.071875
7 0.523828 0.486458 0.046094 0.075000
7 0.822266 0.349479 0.074219 0.098958
7 0.533984 0.403125 0.046094 0.072917
9 0.836719 0.950521 0.048438 0.082292
10 0.290625 0.848437 0.151562 0.211458
10 0.550000 0.825000 0.225000 0.222917
10 0.920312 0.782292 0.159375 0.341667
13 0.040625 0.487500 0.043750 0.079167
7 0.367578 0.141667 0.035156 0.058333
7 0.255078 0.083333 0.035156 0.058333
7 0.017969 0.215625 0.034375 0.058333
7 0.108984 0.263542 0.035156 0.058333
7 0.200781 0.305208 0.035937 0.058333
13 0.131641 0.530729 0.049219 0.082292
7 0.305859 0.530729 0.035156 0.044792
7 0.355859 0.499479 0.035156 0.044792
7 0.350391 0.573438 0.035156 0.044792
7 0.615625 0.438021 0.057813 0.071875
6 0.480469 0.048438 0.031250 0.042708
6 0.436328 0.107813 0.016406 0.034375
