1 0.608594 0.975521 0.045312 0.048958
7 0.532422 0.978125 0.030469 0.041667
0 0.119922 0.456771 0.108594 0.198958
7 0.653906 0.627604 0.031250 0.057292
2 0.563672 0.947917 0.057031 0.100000
7 0.606250 0.986979 0.023438 0.026042
2 0.212109 0.580208 0.113281 0.235417
7 0.752344 0.605208 0.042188 0.054167
7 0.209375 0.757812 0.062500 0.086458
7 0.021484 0.585938 0.041406 0.109375
7 0.455078 0.969271 0.042969 0.061458
1 0.539062 0.954167 0.045312 0.091667
6 0.289844 0.059896 0.071875 0.069792
6 0.537500 0.470833 0.085938 0.062500
7 0.402344 0.923438 0.050000 0.076042
7 0.344922 0.871354 0.055469 0.082292
6 0.430469 0.291667 0.070312 0.060417
9 0.252344 0.023438 0.040625 0.044792
1 0.039844 0.527604 0.078125 0.269792
1 0.353906 0.817187 0.073438 0.215625
6 0.562109 0.521354 0.064844 0.051042
7 0.119141 0.678125 0.075781 0.102083
6 0.464844 0.363021 0.060937 0.053125
6 0.383594 0.221875 0.073438 0.064583
6 0.594141 0.573438 0.080469 0.055208
7 0.748437 0.803646 0.031250 0.053125
10 0.083594 0.921354 0.165625 0.155208
1 0.459375 0.920312 0.053125 0.159375
1 0.407422 0.876042 0.061719 0.200000
7 0.828906 0.785937 0.034375 0.059375
1 0.132812 0.627083 0.103125 0.272917
1 0.225391 0.703125 0.089844 0.237500
7 0.671875 0.816146 0.031250 0.053125
