7 0.962109 0.593750 0.075781 0.095833
8 0.831250 0.895312 0.054688 0.207292
8 0.759375 0.917708 0.042188 0.158333
8 0.897656 0.881250 0.054688 0.227083
7 0.703516 0.803646 0.044531 0.065625
12 0.687109 0.392708 0.177344 0.222917
12 0.571094 0.525521 0.162500 0.217708
7 0.474609 0.515104 0.053906 0.094792
7 0.705078 0.270833 0.061719 0.089583
7 0.578516 0.407813 0.055469 0.090625
8 0.973047 0.850521 0.053906 0.267708
12 0.837109 0.294271 0.222656 0.259375
9 0.703906 0.504167 0.075000 0.189583
9 0.475391 0.703125 0.055469 0.150000
9 0.862109 0.361458 0.107031 0.218750
7 0.821094 0.730208 0.067187 0.083333
7 0.517969 0.879167 0.067187 0.083333
