1 0.511719 0.302083 0.0171875 0.0604167
7 0.683594 0.318229 0.015625 0.021875
6 0.316406 0.0427083 0.0125 0.025
7 0.180469 0.139062 0.0203125 0.0322917
7 0.512109 0.288542 0.0132813 0.01875
7 0.921094 0.138542 0.0140625 0.025
2 0.903125 0.204167 0.028125 0.0708333
7 0.552344 0.155729 0.015625 0.028125
7 0.591016 0.315104 0.0164062 0.0197917
7 0.357422 0.189063 0.0476562 0.059375
7 0.932031 0.125 0.0140625 0.025
12 0.744531 0.420312 0.015625 0.040625
7 0.473047 0.0369792 0.0148437 0.0302083
7 0.879687 0.155208 0.0171875 0.0291667
9 0.773828 0.0104167 0.0132813 0.0208333
1 0.648828 0.226562 0.0320312 0.101042
7 0.817969 0.155729 0.0171875 0.028125
7 0.0871094 0.0552083 0.0382813 0.0541667
6 0.596875 0.0421875 0.0140625 0.0260417
6 0.357422 0.04375 0.0148437 0.0270833
7 0.586719 0.245833 0.021875 0.03125
9 0.848828 0.00989583 0.0132813 0.0197917
7 0.0589844 0.0317708 0.0445312 0.0572917
6 0.641406 0.0416667 0.0140625 0.0270833
6 0.43125 0.0442708 0.0125 0.0260417
7 0.650781 0.208333 0.0203125 0.03125
4 0.839063 0.364583 0.03125 0.0854167
2 0.837109 0.206771 0.0289063 0.0677083
6 0.517578 0.0427083 0.0132813 0.0270833
10 0.804297 0.430729 0.0648438 0.071875
9 0.676953 0.0104167 0.0132813 0.0208333
9 0.804297 0.009375 0.0132813 0.01875
7 0.639063 0.31875 0.015625 0.0229167
6 0.685547 0.0416667 0.0132813 0.0270833
7 0.591406 0.289583 0.015625 0.0208333
6 0.764063 0.040625 0.0140625 0.025
1 0.533594 0.335417 0.028125 0.0895833
7 0.15625 0.203125 0.04375 0.0708333
7 0.683984 0.289583 0.0148437 0.0208333
7 0.648828 0.248437 0.0226563 0.0322917
6 0.808594 0.0411458 0.015625 0.0260417
6 0.853516 0.040625 0.0164062 0.025
9 0.606641 0.0109375 0.0132813 0.021875
7 0.114453 0.0786458 0.0367187 0.053125
7 0.639453 0.290104 0.0148437 0.021875
4 0.876562 0.364583 0.0328125 0.0916667
7 0.483984 0.155729 0.0179687 0.034375
1 0.591016 0.305208 0.0195312 0.0625
7 0.739844 0.136458 0.0171875 0.0333333
9 0.634766 0.0104167 0.0132813 0.0208333
7 0.708203 0.248437 0.0226563 0.0322917
7 0.297266 0.0895833 0.0289063 0.06875
7 0.532812 0.353125 0.0203125 0.0291667
3 0.933984 0.254167 0.0226563 0.0875
7 0.532422 0.313542 0.0195312 0.0291667
1 0.683594 0.306771 0.0203125 0.065625
7 0.588672 0.205208 0.0210938 0.03125
7 0.352344 0.0869792 0.03125 0.071875
4 0.916406 0.363542 0.0328125 0.0958333
3 0.872656 0.252083 0.025 0.0895833
1 0.639453 0.30625 0.0210938 0.0645833
3 0.809766 0.254687 0.0257812 0.0885417
7 0.709766 0.207813 0.0210938 0.0302083
7 0.242578 0.0895833 0.0304688 0.06875
11 0.644922 0.494792 0.192969 0.25
1 0.709375 0.227604 0.0296875 0.096875
1 0.5875 0.223958 0.0296875 0.1
