1 0.383594 0.657813 0.042188 0.119792
7 0.811328 0.516146 0.038281 0.048958
7 0.453906 0.678646 0.032813 0.044792
7 0.644141 0.416146 0.032031 0.061458
7 0.328125 0.690625 0.032813 0.043750
8 0.086719 0.856250 0.039062 0.145833
12 0.596484 0.536979 0.091406 0.201042
8 0.044531 0.845833 0.046875 0.160417
7 0.466016 0.502083 0.032031 0.056250
7 0.388672 0.684896 0.030469 0.040625
7 0.453125 0.269271 0.040625 0.073958
7 0.273047 0.392188 0.038281 0.065625
9 0.022656 0.593229 0.043750 0.194792
10 0.425781 0.870313 0.142187 0.171875
12 0.266016 0.594271 0.103906 0.182292
7 0.510938 0.527604 0.028125 0.057292
8 0.135547 0.860938 0.030469 0.161458
7 0.515625 0.316146 0.039062 0.073958
7 0.737500 0.090625 0.046875 0.077083
6 0.715625 0.024479 0.043750 0.046875
7 0.414844 0.475000 0.031250 0.060417
7 0.138281 0.314583 0.039062 0.070833
6 0.636719 0.053646 0.045312 0.055208
7 0.383984 0.222396 0.039844 0.073958
9 0.170703 0.822396 0.044531 0.115625
7 0.741406 0.541146 0.078125 0.138542
7 0.208984 0.353125 0.038281 0.066667
9 0.152344 0.573438 0.081250 0.236458
12 0.921484 0.491667 0.121094 0.245833
9 0.072266 0.582292 0.080469 0.220833
10 0.715234 0.886458 0.167969 0.193750
