10 0.323047 0.955208 0.211719 0.0895833
7 0.590625 0.356771 0.090625 0.128125
7 0.217969 0.380208 0.0484375 0.075
7 0.396484 0.588542 0.110156 0.152083
2 0.676562 0.257812 0.160938 0.261458
9 0.310156 0.207292 0.03125 0.0541667
9 0.335156 0.172396 0.0328125 0.0572917
7 0.225 0.784375 0.078125 0.1125
3 0.774609 0.348437 0.141406 0.367708
7 0.505469 0.604688 0.123438 0.157292
10 0.729688 0.880729 0.376563 0.238542
7 0.678516 0.388021 0.0914062 0.121875
6 0.135156 0.454688 0.040625 0.0385417
7 0.993359 0.955729 0.0132813 0.059375
6 0.271484 0.251042 0.0382813 0.04375
6 0.235547 0.304167 0.0414063 0.04375
7 0.842578 0.2625 0.0898438 0.125
7 0.713281 0.248437 0.078125 0.113542
7 0.790234 0.417708 0.107031 0.14375
7 0.367578 0.703125 0.114844 0.15625
7 0.880859 0.102083 0.0882813 0.122917
2 0.838281 0.168229 0.190625 0.330208
7 0.628125 0.517708 0.125 0.172917
