11 0.801562 0.888021 0.054688 0.165625
11 0.680469 0.894792 0.096875 0.210417
4 0.924609 0.798438 0.039844 0.078125
4 0.968359 0.798958 0.033594 0.072917
3 0.857812 0.635938 0.034375 0.132292
3 0.919141 0.627604 0.030469 0.128125
7 0.689063 0.614583 0.026562 0.031250
7 0.683594 0.655729 0.021875 0.036458
1 0.682422 0.633854 0.035156 0.101042
9 0.671484 0.447396 0.032031 0.103125
12 0.607812 0.287500 0.171875 0.114583
12 0.488281 0.320833 0.106250 0.087500
12 0.412500 0.353125 0.109375 0.079167
7 0.342187 0.489583 0.040625 0.039583
7 0.418750 0.461458 0.042188 0.054167
7 0.510938 0.435417 0.046875 0.058333
13 0.590234 0.700000 0.025781 0.037500
8 0.289844 0.672396 0.031250 0.084375
8 0.305078 0.665104 0.022656 0.092708
8 0.322266 0.658333 0.030469 0.097917
8 0.361328 0.662500 0.030469 0.100000
8 0.377734 0.661979 0.028906 0.105208
8 0.396094 0.658854 0.029687 0.103125
8 0.445312 0.645312 0.031250 0.107292
8 0.466797 0.646354 0.035156 0.107292
8 0.491016 0.638542 0.033594 0.125000
8 0.525000 0.631250 0.028125 0.112500
8 0.715625 0.535417 0.035937 0.235417
8 0.753906 0.525521 0.043750 0.238542
8 0.794922 0.519271 0.036719 0.246875
8 0.892578 0.498958 0.042969 0.256250
8 0.941016 0.485417 0.047656 0.266667
8 0.986328 0.473438 0.027344 0.259375
12 0.870313 0.136979 0.162500 0.188542
7 0.025000 0.682292 0.032813 0.043750
7 0.173047 0.713021 0.027344 0.032292
7 0.226172 0.722396 0.028906 0.032292
1 0.224609 0.727604 0.042969 0.090625
1 0.171484 0.721354 0.039844 0.086458
1 0.020313 0.698438 0.039062 0.103125
7 0.093359 0.553646 0.025781 0.044792
7 0.078906 0.553646 0.021875 0.051042
7 0.063281 0.560417 0.021875 0.047917
