7 0.127734 0.463021 0.058594 0.082292
7 0.123047 0.558854 0.058594 0.084375
7 0.297656 0.563021 0.056250 0.078125
7 0.303125 0.466146 0.053125 0.082292
7 0.471484 0.476562 0.053906 0.080208
7 0.475000 0.578125 0.060937 0.085417
7 0.755859 0.486458 0.050781 0.081250
7 0.767188 0.584896 0.054688 0.071875
7 0.916406 0.589583 0.054688 0.081250
7 0.906250 0.498437 0.059375 0.076042
1 0.121484 0.508333 0.057031 0.264583
1 0.302734 0.499479 0.066406 0.251042
1 0.473438 0.515104 0.085938 0.255208
1 0.766797 0.527083 0.083594 0.235417
1 0.918750 0.528646 0.092188 0.238542
10 0.293750 0.931250 0.240625 0.137500
10 0.902344 0.927604 0.195312 0.144792
