7 0.695703 0.33125 0.0148437 0.0333333
7 0.540625 0.338542 0.0140625 0.025
6 0.308984 0.241146 0.0132813 0.0239583
12 0.986328 0.177604 0.0273438 0.0989583
7 0.861719 0.327083 0.0171875 0.0270833
7 0.539844 0.325 0.0140625 0.0270833
7 0.673437 0.494792 0.015625 0.0208333
7 0.298047 0.2375 0.0132813 0.025
7 0.903906 0.309896 0.0140625 0.021875
7 0.503516 0.498437 0.0132813 0.0197917
10 0.797266 0.602083 0.0570313 0.0708333
7 0.109766 0.286458 0.0351562 0.0479167
1 0.673828 0.483333 0.0210938 0.0645833
7 0.675781 0.468229 0.015625 0.0197917
6 0.624219 0.229687 0.0125 0.0239583
6 0.788672 0.221354 0.0148437 0.0239583
1 0.504297 0.483854 0.0179687 0.059375
7 0.802734 0.330729 0.0164062 0.0260417
6 0.503906 0.234896 0.0125 0.0239583
6 0.582031 0.230729 0.0125 0.0239583
2 0.823047 0.378125 0.0289063 0.0645833
7 0.173828 0.339583 0.0179687 0.0270833
7 0.148438 0.404687 0.04375 0.0677083
7 0.724219 0.314583 0.015625 0.0333333
7 0.416797 0.344271 0.0148437 0.0302083
12 0.739453 0.592188 0.0148437 0.0385417
7 0.913672 0.296875 0.0132813 0.0229167
7 0.526172 0.497917 0.0179687 0.0270833
7 0.473828 0.34375 0.0164062 0.03125
7 0.0488281 0.084375 0.0476562 0.0875
7 0.460547 0.230208 0.0148437 0.025
7 0.582031 0.496875 0.015625 0.0208333
9 0.827344 0.185937 0.0125 0.0239583
7 0.504297 0.472396 0.0132813 0.0197917
6 0.419922 0.2375 0.0132813 0.025
9 0.589844 0.196875 0.0109375 0.025
9 0.617188 0.196354 0.0109375 0.0239583
6 0.832422 0.219792 0.0148437 0.0229167
9 0.753906 0.190104 0.0109375 0.021875
7 0.0839844 0.264062 0.0398437 0.0552083
2 0.889063 0.376042 0.0296875 0.0666667
7 0.526563 0.536458 0.01875 0.0270833
6 0.346875 0.241146 0.015625 0.0260417
7 0.583984 0.471354 0.0148437 0.0197917
6 0.667969 0.226562 0.0140625 0.0239583
7 0.630078 0.497917 0.0164062 0.0229167
9 0.783203 0.189063 0.0117188 0.021875
9 0.658984 0.194271 0.0117188 0.0260417
7 0.629687 0.468229 0.015625 0.0197917
1 0.526953 0.517708 0.0257812 0.0875
6 0.744531 0.222396 0.0140625 0.0239583
3 0.797266 0.425 0.0257812 0.0875
7 0.638672 0.388021 0.0210938 0.0302083
7 0.209766 0.0739583 0.0445312 0.0854167
7 0.0558594 0.242188 0.0429688 0.0552083
7 0.289062 0.288542 0.0265625 0.0604167
3 0.921875 0.423438 0.025 0.084375
1 0.583594 0.486979 0.0203125 0.0635417
4 0.869141 0.534896 0.0320312 0.0927083
7 0.698047 0.425521 0.0210938 0.0302083
7 0.698047 0.385938 0.0210938 0.0302083
1 0.698047 0.404167 0.0304688 0.0979167
7 0.639063 0.426042 0.0203125 0.0291667
4 0.908203 0.530729 0.0335938 0.0927083
11 0.640625 0.674479 0.192188 0.242708
7 0.342969 0.285937 0.0265625 0.059375
7 0.235156 0.291667 0.03125 0.0645833
1 0.639063 0.405208 0.0296875 0.09375
4 0.830469 0.5375 0.03125 0.0854167
1 0.630078 0.485938 0.0210938 0.065625
7 0.576563 0.427604 0.0203125 0.028125
7 0.128516 0.0817708 0.0445312 0.0802083
1 0.577344 0.406771 0.028125 0.090625
7 0.577734 0.389062 0.0195312 0.028125
3 0.861328 0.426562 0.0257812 0.0822917
