12 0.037891 0.563542 0.074219 0.145833
12 0.455078 0.583333 0.064844 0.093750
12 0.533594 0.594792 0.043750 0.081250
12 0.346094 0.580729 0.095312 0.101042
12 0.206641 0.577604 0.108594 0.101042
7 0.035937 0.352083 0.039062 0.037500
7 0.094531 0.368750 0.029687 0.037500
12 0.187891 0.296354 0.107031 0.151042
12 0.324219 0.339062 0.078125 0.134375
12 0.603125 0.441146 0.057813 0.094792
12 0.653125 0.456771 0.043750 0.078125
12 0.697656 0.482812 0.045312 0.061458
12 0.736328 0.490104 0.036719 0.057292
12 0.773438 0.500521 0.040625 0.057292
12 0.814063 0.519271 0.034375 0.053125
12 0.795703 0.507292 0.025781 0.052083
9 0.828906 0.539062 0.014063 0.053125
9 0.838672 0.544792 0.011719 0.041667
9 0.867578 0.550521 0.013281 0.046875
9 0.876953 0.550521 0.010156 0.040625
7 0.453125 0.256771 0.021875 0.038542
7 0.506641 0.246354 0.019531 0.036458
7 0.563281 0.234375 0.018750 0.031250
7 0.539062 0.306250 0.018750 0.029167
7 0.585156 0.291146 0.017188 0.032292
7 0.632422 0.283854 0.017969 0.034375
7 0.604297 0.340104 0.014844 0.026042
7 0.648047 0.332292 0.016406 0.031250
7 0.690234 0.323437 0.014844 0.034375
7 0.179688 0.100521 0.029687 0.055208
7 0.246484 0.079167 0.030469 0.054167
7 0.318750 0.066146 0.026562 0.051042
7 0.341406 0.194271 0.023438 0.051042
7 0.399609 0.175000 0.024219 0.041667
7 0.462109 0.167708 0.024219 0.037500
7 0.155859 0.514062 0.016406 0.026042
7 0.155469 0.485938 0.020313 0.026042
7 0.397266 0.458333 0.024219 0.031250
7 0.398438 0.423438 0.021875 0.028125
7 0.449609 0.468229 0.022656 0.023958
7 0.473438 0.474479 0.018750 0.026042
7 0.495312 0.479687 0.018750 0.026042
7 0.532422 0.488542 0.019531 0.025000
7 0.550000 0.491146 0.017188 0.023958
7 0.566406 0.497917 0.020313 0.020833
7 0.568750 0.469271 0.014063 0.023958
7 0.548828 0.465104 0.017969 0.019792
7 0.531641 0.459896 0.019531 0.026042
7 0.497266 0.447396 0.022656 0.019792
7 0.473828 0.442188 0.019531 0.030208
7 0.450000 0.437500 0.021875 0.029167
3 0.401953 0.440104 0.033594 0.086458
3 0.450000 0.447396 0.028125 0.084375
3 0.478125 0.449479 0.028125 0.090625
3 0.502734 0.458333 0.027344 0.081250
1 0.531250 0.473958 0.025000 0.066667
1 0.548828 0.477083 0.022656 0.070833
1 0.567969 0.482292 0.025000 0.062500
1 0.034766 0.322917 0.046094 0.133333
1 0.094531 0.335938 0.040625 0.130208
7 0.031250 0.295312 0.035937 0.042708
7 0.032422 0.143750 0.024219 0.043750
7 0.062500 0.155208 0.021875 0.033333
7 0.009375 0.136458 0.017188 0.039583
7 0.206250 0.231250 0.026562 0.039583
9 0.319531 0.013021 0.015625 0.023958
9 0.350781 0.025000 0.021875 0.047917
9 0.372266 0.038542 0.021094 0.050000
6 0.329688 0.021875 0.037500 0.029167
6 0.390234 0.070312 0.038281 0.030208
6 0.361719 0.050000 0.045312 0.029167
6 0.439844 0.103646 0.039062 0.028125
6 0.465234 0.118229 0.038281 0.030208
6 0.486719 0.139583 0.037500 0.025000
6 0.523828 0.169271 0.036719 0.023958
11 0.058984 0.684375 0.074219 0.122917
