4 0.062109 0.720833 0.122656 0.420833
4 0.141406 0.768750 0.134375 0.387500
4 0.230469 0.799479 0.137500 0.332292
1 0.546484 0.916667 0.069531 0.166667
7 0.552734 0.977604 0.038281 0.044792
7 0.552344 0.900521 0.040625 0.053125
7 0.101953 0.216667 0.077344 0.106250
7 0.115234 0.087500 0.071094 0.100000
7 0.251172 0.239583 0.058594 0.083333
7 0.241406 0.351562 0.064062 0.090625
7 0.356641 0.356771 0.057031 0.073958
7 0.350000 0.459375 0.065625 0.081250
7 0.495703 0.515104 0.050781 0.063542
7 0.493359 0.598437 0.050781 0.059375
7 0.555859 0.661979 0.039844 0.055208
7 0.608984 0.714063 0.038281 0.051042
7 0.556641 0.577083 0.042969 0.045833
7 0.681250 0.788542 0.040625 0.045833
7 0.681641 0.719271 0.041406 0.042708
7 0.717969 0.826042 0.032813 0.050000
7 0.716016 0.757292 0.038281 0.039583
7 0.745313 0.790625 0.031250 0.033333
5 0.525391 0.559375 0.113281 0.229167
5 0.591016 0.621354 0.089844 0.221875
5 0.642188 0.666146 0.076563 0.201042
0 0.714063 0.758333 0.101562 0.145833
0 0.751953 0.787500 0.088281 0.154167
0 0.779687 0.820312 0.085938 0.151042
7 0.202344 0.101562 0.057813 0.107292
7 0.442578 0.390104 0.044531 0.076042
7 0.503125 0.460417 0.040625 0.062500
7 0.560937 0.522396 0.035937 0.069792
7 0.670312 0.664062 0.032813 0.055208
7 0.120703 0.486458 0.060156 0.085417
7 0.232813 0.573958 0.060937 0.077083
3 0.141797 0.163542 0.138281 0.325000
3 0.271094 0.284375 0.125000 0.322917
3 0.376172 0.407813 0.110156 0.286458
