7 0.882812 0.360417 0.0265625 0.0354167
7 0.664844 0.235417 0.0265625 0.0541667
6 0.733203 0.00833333 0.0257812 0.0166667
3 0.483984 0.125 0.0632813 0.185417
7 0.259375 0.256771 0.0328125 0.0427083
7 0.741406 0.261458 0.0265625 0.0541667
10 0.5125 0.554688 0.059375 0.0885417
7 0.446875 0.0385417 0.0359375 0.06875
7 0.220313 0.221875 0.03125 0.0416667
2 0.467578 0.0921875 0.0804688 0.180208
2 0.387891 0.111458 0.0679687 0.145833
7 0.735547 0.127083 0.0289063 0.0520833
7 0.703516 0.248958 0.0273438 0.05625
7 0.685938 0.104167 0.0265625 0.05
7 0.926953 0.215625 0.0289063 0.0583333
7 0.847656 0.178646 0.03125 0.0614583
7 0.888672 0.195312 0.0304688 0.0614583
1 0.212891 0.242708 0.0476562 0.1375
1 0.171875 0.259375 0.046875 0.129167
6 0.679297 0.0192708 0.0242187 0.034375
4 0.474219 0.404687 0.0671875 0.213542
1 0.88125 0.335938 0.0453125 0.138542
1 0.619531 0.378646 0.0390625 0.111458
1 0.25625 0.222917 0.053125 0.15
7 0.516016 0.0197917 0.0414063 0.0395833
3 0.365625 0.189063 0.0515625 0.171875
3 0.315234 0.216667 0.0523437 0.1625
12 0.739062 0.558333 0.0296875 0.0520833
1 0.666406 0.371354 0.0421875 0.119792
1 0.816016 0.345833 0.0429688 0.127083
3 0.429688 0.165104 0.05625 0.182292
4 0.431641 0.408854 0.0617188 0.207292
1 0.717188 0.360938 0.0421875 0.123958
10 0.896094 0.540625 0.114063 0.13125
4 0.394141 0.4125 0.0617188 0.202083
11 0.328906 0.593229 0.120312 0.198958
10 0.681641 0.545833 0.110156 0.125
11 0.131641 0.626562 0.258594 0.403125
