1 0.432031 0.687500 0.062500 0.210417
1 0.525000 0.630729 0.064062 0.244792
1 0.725391 0.516146 0.077344 0.253125
1 0.171094 0.836458 0.057813 0.187500
1 0.870313 0.436458 0.081250 0.277083
1 0.352734 0.733333 0.061719 0.189583
1 0.120703 0.870833 0.057031 0.158333
7 0.437500 0.736979 0.045312 0.069792
7 0.437891 0.656771 0.041406 0.076042
7 0.726172 0.482812 0.058594 0.071875
7 0.126562 0.847396 0.039062 0.040625
7 0.530469 0.685937 0.045312 0.076042
7 0.526563 0.597917 0.053125 0.060417
7 0.733594 0.578646 0.051562 0.069792
7 0.876172 0.508333 0.053906 0.081250
7 0.867969 0.403125 0.057813 0.070833
7 0.355859 0.703125 0.047656 0.058333
7 0.352734 0.781771 0.042969 0.057292
7 0.116797 0.909896 0.035156 0.046875
7 0.171484 0.882812 0.038281 0.048958
7 0.175000 0.816146 0.037500 0.053125
7 0.229297 0.778125 0.039844 0.043750
7 0.229297 0.846354 0.036719 0.046875
1 0.230078 0.815625 0.050781 0.162500
7 0.237891 0.688542 0.028906 0.037500
7 0.228516 0.731771 0.030469 0.040625
7 0.053906 0.844792 0.029687 0.033333
7 0.084375 0.484375 0.028125 0.043750
6 0.283594 0.322917 0.020313 0.031250
6 0.235156 0.373958 0.020313 0.025000
6 0.514062 0.109375 0.025000 0.035417
