10 0.326953 0.436458 0.0382813 0.0583333
12 0.747266 0.429688 0.0132813 0.0302083
7 0.826172 0.352083 0.0117188 0.0166667
7 0.392969 0.3125 0.01875 0.025
7 0.585547 0.2625 0.0148437 0.03125
7 0.782812 0.243229 0.0125 0.0239583
7 0.707812 0.23125 0.0140625 0.0270833
6 0.939453 0.18125 0.0148437 0.0166667
7 0.545703 0.259896 0.0164062 0.034375
7 0.823828 0.372917 0.0117188 0.0166667
1 0.189453 0.326042 0.0242187 0.06875
7 0.801172 0.238542 0.0117188 0.0229167
7 0.796094 0.371875 0.0109375 0.0166667
7 0.233203 0.352604 0.0132813 0.0197917
7 0.426172 0.219792 0.0148437 0.03125
9 0.486719 0.115625 0.0109375 0.0229167
12 0.955859 0.247917 0.0570313 0.05625
6 0.425781 0.1375 0.0125 0.0229167
7 0.569922 0.395833 0.0210938 0.03125
3 0.698047 0.335938 0.0179687 0.0614583
7 0.273438 0.214062 0.015625 0.034375
2 0.710938 0.309896 0.0265625 0.053125
7 0.23125 0.325 0.0140625 0.0208333
7 0.384375 0.247917 0.0140625 0.0291667
1 0.332422 0.341667 0.0164062 0.0583333
7 0.192578 0.114063 0.0117188 0.0177083
6 0.909375 0.179167 0.015625 0.01875
6 0.361719 0.132292 0.0140625 0.0229167
7 0.426953 0.251563 0.0148437 0.028125
7 0.591406 0.302604 0.015625 0.021875
1 0.825781 0.360938 0.0171875 0.053125
6 0.805859 0.170312 0.0132813 0.0177083
7 0.464063 0.269792 0.025 0.0395833
9 0.838281 0.147917 0.0125 0.0229167
6 0.230078 0.119271 0.0117188 0.0197917
12 0.280859 0.422917 0.0164062 0.0333333
1 0.592188 0.317708 0.021875 0.0666667
6 0.155078 0.113542 0.0117188 0.0208333
7 0.592188 0.330729 0.015625 0.021875
7 0.597266 0.218229 0.0210938 0.046875
6 0.579687 0.148958 0.0125 0.01875
6 0.78125 0.165625 0.0125 0.01875
3 0.735547 0.336458 0.0195312 0.0645833
7 0.331641 0.126042 0.0117188 0.0208333
6 0.836328 0.174479 0.0148437 0.0197917
7 0.341016 0.246875 0.0148437 0.03125
7 0.497266 0.275521 0.0179687 0.034375
9 0.901172 0.155208 0.0117188 0.0229167
1 0.232812 0.335417 0.01875 0.06875
9 0.610937 0.127083 0.0109375 0.0208333
9 0.455859 0.113542 0.0101562 0.0229167
10 0.1875 0.432813 0.0625 0.0677083
9 0.433984 0.111458 0.0117188 0.0229167
9 0.558594 0.122917 0.0109375 0.0208333
6 0.490234 0.142708 0.0132813 0.0208333
9 0.808984 0.144792 0.0117188 0.0208333
6 0.610156 0.152083 0.0125 0.01875
6 0.548047 0.147396 0.0132813 0.021875
9 0.790234 0.14375 0.0117188 0.0208333
12 0.457422 0.309896 0.0257812 0.040625
7 0.555469 0.214583 0.021875 0.05
9 0.579297 0.124479 0.0101562 0.0197917
9 0.941797 0.158854 0.0117188 0.021875
7 0.640234 0.221875 0.0210938 0.04375
9 0.923047 0.156771 0.0117188 0.0197917
6 0.457812 0.140625 0.0125 0.0229167
6 0.291016 0.125521 0.0132813 0.0197917
1 0.796094 0.359896 0.0171875 0.0552083
10 0.814062 0.447396 0.046875 0.0552083
4 0.692187 0.413021 0.0234375 0.0697917
4 0.715234 0.416667 0.0226563 0.0708333
