10 0.151953 0.360417 0.208594 0.333333
10 0.431250 0.513021 0.154688 0.228125
10 0.600781 0.610938 0.100000 0.176042
13 0.479687 0.433854 0.037500 0.061458
7 0.297656 0.103125 0.062500 0.068750
7 0.425391 0.224479 0.047656 0.057292
7 0.480078 0.279687 0.049219 0.046875
7 0.529297 0.324479 0.049219 0.048958
7 0.598828 0.389583 0.041406 0.050000
3 0.302344 0.083333 0.092188 0.164583
3 0.433984 0.177083 0.083594 0.170833
3 0.489063 0.233854 0.071875 0.155208
3 0.543359 0.286979 0.058594 0.134375
3 0.612500 0.352083 0.059375 0.137500
3 0.633984 0.383333 0.061719 0.129167
3 0.666016 0.411458 0.050781 0.127083
