7 0.391797 0.919271 0.044531 0.057292
7 0.451562 0.778125 0.031250 0.041667
7 0.589844 0.821354 0.025000 0.034375
7 0.410156 0.346354 0.037500 0.044792
7 0.019922 0.595833 0.038281 0.072917
7 0.357812 0.811979 0.039062 0.048958
7 0.462891 0.837500 0.033594 0.043750
7 0.059766 0.888542 0.064844 0.091667
1 0.563672 0.830208 0.053906 0.131250
7 0.542188 0.932813 0.035937 0.046875
7 0.602344 0.870833 0.025000 0.033333
6 0.268750 0.344271 0.053125 0.055208
7 0.313281 0.407813 0.034375 0.044792
7 0.403516 0.761979 0.033594 0.044792
6 0.223047 0.293229 0.038281 0.044792
7 0.152344 0.895833 0.054688 0.085417
7 0.414062 0.826562 0.034375 0.044792
7 0.346094 0.745313 0.037500 0.046875
7 0.522266 0.797917 0.030469 0.037500
7 0.557031 0.812500 0.028125 0.037500
7 0.569531 0.863021 0.026562 0.036458
13 0.826953 0.730729 0.050781 0.086458
7 0.052344 0.738021 0.050000 0.065625
7 0.094922 0.544792 0.044531 0.072917
7 0.582422 0.489063 0.041406 0.069792
7 0.620313 0.615625 0.040625 0.068750
7 0.317188 0.642188 0.034375 0.059375
7 0.686328 0.579167 0.039844 0.066667
7 0.665234 0.438021 0.042969 0.073958
7 0.238281 0.781771 0.043750 0.057292
7 0.153906 0.762500 0.043750 0.062500
7 0.228516 0.704167 0.041406 0.056250
1 0.464844 0.804167 0.064062 0.150000
1 0.241406 0.737500 0.076563 0.193750
1 0.604297 0.839583 0.050781 0.120833
7 0.755859 0.544271 0.041406 0.067708
7 0.143750 0.677604 0.045312 0.061458
7 0.041016 0.647396 0.047656 0.061458
13 0.754687 0.764062 0.050000 0.084375
1 0.357031 0.771875 0.068750 0.166667
7 0.515625 0.278125 0.042188 0.052083
7 0.533984 0.855208 0.030469 0.039583
1 0.414062 0.788542 0.062500 0.158333
13 0.688281 0.794792 0.048438 0.083333
1 0.534766 0.820833 0.060156 0.141667
1 0.054688 0.681771 0.087500 0.219792
1 0.157422 0.710938 0.078906 0.205208
7 0.336328 0.925000 0.049219 0.064583
7 0.506641 0.926042 0.028906 0.035417
