11 0.672656 0.417187 0.476562 0.578125
11 0.921094 0.241667 0.157812 0.477083
12 0.687891 0.119271 0.046094 0.065625
12 0.731641 0.139063 0.046094 0.065625
12 0.776172 0.154688 0.046094 0.065625
7 0.476172 0.270313 0.022656 0.028125
7 0.285156 0.337500 0.020313 0.027083
7 0.317578 0.343229 0.016406 0.019792
7 0.349219 0.345313 0.017188 0.026042
1 0.302344 0.441146 0.037500 0.061458
1 0.349609 0.428125 0.039844 0.056250
1 0.420312 0.401562 0.046875 0.069792
7 0.423047 0.390104 0.025781 0.026042
7 0.346875 0.415625 0.021875 0.025000
7 0.276172 0.440625 0.019531 0.027083
7 0.301953 0.436458 0.021094 0.029167
