4 0.469531 0.240104 0.110937 0.311458
4 0.573438 0.216667 0.120313 0.312500
4 0.682813 0.190104 0.123438 0.348958
11 0.185156 0.621354 0.134375 0.317708
10 0.400000 0.596354 0.125000 0.144792
10 0.679297 0.587500 0.091406 0.156250
7 0.889062 0.264062 0.032813 0.042708
7 0.889844 0.330729 0.031250 0.051042
7 0.375781 0.407292 0.028125 0.035417
7 0.378516 0.359896 0.024219 0.034375
7 0.225000 0.433333 0.025000 0.033333
7 0.228516 0.387500 0.027344 0.033333
7 0.176563 0.441146 0.023438 0.034375
7 0.179688 0.396875 0.021875 0.029167
7 0.130859 0.447917 0.022656 0.031250
7 0.135547 0.405208 0.024219 0.027083
13 0.033594 0.386458 0.042188 0.064583
1 0.128906 0.420312 0.037500 0.111458
1 0.175000 0.415104 0.037500 0.109375
1 0.225391 0.407813 0.042969 0.107292
1 0.375000 0.380729 0.045312 0.130208
1 0.889062 0.295833 0.046875 0.158333
7 0.407031 0.295833 0.028125 0.039583
7 0.414062 0.255729 0.021875 0.042708
7 0.369141 0.232292 0.022656 0.054167
7 0.239844 0.167708 0.025000 0.047917
7 0.055469 0.044271 0.050000 0.073958
