1 0.110547 0.543229 0.032031 0.113542
3 0.491016 0.529687 0.030469 0.132292
4 0.448437 0.680208 0.040625 0.125000
4 0.495703 0.678125 0.038281 0.127083
6 0.464453 0.335417 0.017969 0.029167
6 0.549219 0.322396 0.014063 0.032292
8 0.671875 0.309896 0.032813 0.253125
8 0.733594 0.308333 0.032813 0.256250
8 0.264453 0.478125 0.044531 0.187500
8 0.951953 0.291146 0.047656 0.282292
8 0.206641 0.488021 0.038281 0.178125
8 0.803516 0.306250 0.033594 0.275000
8 0.013672 0.515625 0.025781 0.185417
8 0.025000 0.526563 0.035937 0.148958
8 0.055469 0.513021 0.039062 0.190625
9 0.555078 0.280729 0.010156 0.028125
9 0.061328 0.333333 0.030469 0.083333
12 0.544141 0.774479 0.028906 0.048958
7 0.676562 0.770312 0.015625 0.040625
12 0.338281 0.787500 0.021875 0.039583
11 0.228906 0.833333 0.131250 0.172917
11 0.113672 0.869271 0.225781 0.261458
8 0.164453 0.508854 0.042969 0.167708
12 0.135547 0.077083 0.155469 0.152083
7 0.053516 0.244271 0.058594 0.061458
7 0.242578 0.200521 0.053906 0.076042
9 0.450000 0.300000 0.014063 0.029167
10 0.823828 0.763021 0.089844 0.094792
2 0.516797 0.434375 0.052344 0.166667
3 0.344922 0.534896 0.032031 0.121875
7 0.111719 0.569271 0.026562 0.036458
7 0.113672 0.522396 0.021094 0.032292
7 0.133203 0.460938 0.021094 0.034375
6 0.137891 0.389583 0.024219 0.033333
6 0.103516 0.394271 0.025781 0.021875
7 0.079297 0.391146 0.014844 0.023958
6 0.292969 0.361458 0.020313 0.035417
9 0.369531 0.289583 0.039062 0.079167
