9 0.309375 0.395312 0.0234375 0.0697917
7 0.914844 0.261458 0.0203125 0.03125
1 0.0730469 0.0505208 0.0460938 0.0989583
1 0.920313 0.239583 0.034375 0.120833
7 0.378906 0.009375 0.0234375 0.01875
7 0.154297 0.379167 0.0210938 0.0354167
7 0.982422 0.046875 0.0257812 0.0416667
7 0.176953 0.0177083 0.0304688 0.0354167
7 0.176563 0.0807292 0.0296875 0.046875
7 0.0742188 0.0583333 0.0359375 0.05
4 0.509766 0.0614583 0.124219 0.122917
1 0.177734 0.0598958 0.0398437 0.119792
7 0.423047 0.140104 0.0304688 0.0427083
1 0.426953 0.105208 0.0414063 0.152083
7 0.423047 0.0791667 0.0304688 0.04375
7 0.79375 0.0817708 0.05 0.0760417
7 0.342187 0.05625 0.0296875 0.0458333
7 0.342187 0.120312 0.0296875 0.0447917
4 0.619922 0.0765625 0.111719 0.153125
10 0.394922 0.360938 0.146094 0.155208
1 0.344141 0.0833333 0.0414063 0.15625
10 0.0683594 0.323958 0.136719 0.18125
4 0.721094 0.0833333 0.115625 0.166667
