1 0.703516 0.461458 0.030469 0.095833
4 0.976172 0.583333 0.032031 0.093750
6 0.733984 0.278646 0.021094 0.028125
6 0.570312 0.300521 0.010937 0.023958
6 0.497656 0.309896 0.012500 0.017708
6 0.951562 0.248438 0.012500 0.026042
6 0.821484 0.263542 0.016406 0.029167
6 0.777344 0.272917 0.012500 0.022917
6 0.419141 0.319271 0.016406 0.028125
6 0.903906 0.252083 0.015625 0.027083
7 0.103516 0.205208 0.046094 0.089583
7 0.938281 0.355729 0.017188 0.032292
7 0.035547 0.211458 0.042969 0.089583
9 0.811719 0.231771 0.010937 0.023958
9 0.765625 0.238542 0.010937 0.029167
9 0.738672 0.242188 0.010156 0.023958
9 0.914453 0.219271 0.011719 0.028125
9 0.944922 0.211979 0.008594 0.023958
11 0.776563 0.737500 0.153125 0.381250
7 0.176172 0.196875 0.046094 0.089583
7 0.294141 0.384896 0.030469 0.051042
7 0.344141 0.376563 0.030469 0.051042
7 0.394922 0.369271 0.030469 0.051042
1 0.325391 0.494271 0.085156 0.148958
1 0.364844 0.514062 0.060937 0.142708
1 0.404687 0.533854 0.060937 0.142708
1 0.442969 0.556771 0.048438 0.098958
1 0.500000 0.585417 0.037500 0.070833
7 0.331641 0.483854 0.044531 0.059375
7 0.369922 0.499479 0.038281 0.048958
7 0.403516 0.519271 0.038281 0.048958
7 0.448047 0.539062 0.038281 0.048958
7 0.495312 0.561979 0.029687 0.034375
7 0.702734 0.441667 0.019531 0.031250
7 0.702734 0.483333 0.019531 0.031250
7 0.766016 0.477083 0.019531 0.031250
7 0.765234 0.437500 0.019531 0.031250
1 0.765234 0.460417 0.030469 0.095833
1 0.829297 0.450000 0.030469 0.095833
7 0.830078 0.430208 0.021094 0.029167
7 0.832422 0.470313 0.017969 0.028125
7 0.607031 0.288542 0.014063 0.022917
7 0.457813 0.311979 0.017188 0.019792
7 0.494531 0.397396 0.012500 0.026042
7 0.540625 0.410938 0.015625 0.028125
7 0.597656 0.406250 0.017188 0.025000
7 0.681250 0.373437 0.015625 0.030208
9 0.989062 0.204687 0.015625 0.028125
