1 0.907813 0.414062 0.048438 0.167708
1 0.797266 0.419792 0.046094 0.175000
1 0.439063 0.443750 0.039062 0.143750
1 0.220312 0.454167 0.039062 0.160417
1 0.525391 0.442188 0.047656 0.151042
1 0.156250 0.457813 0.037500 0.146875
1 0.689453 0.434375 0.042969 0.145833
1 0.354297 0.452604 0.039844 0.151042
10 0.792969 0.711458 0.185938 0.193750
10 0.431641 0.698958 0.167969 0.168750
10 0.164844 0.694271 0.110937 0.140625
12 0.364063 0.711979 0.026562 0.061458
7 0.187500 0.330208 0.025000 0.043750
7 0.226562 0.359375 0.025000 0.043750
7 0.222656 0.121875 0.025000 0.043750
7 0.273438 0.171875 0.025000 0.043750
6 0.256250 0.050000 0.029687 0.041667
6 0.319531 0.031250 0.029687 0.041667
7 0.379688 0.281250 0.025000 0.043750
7 0.413281 0.308333 0.025000 0.043750
7 0.443750 0.337500 0.025000 0.043750
7 0.153516 0.434896 0.025781 0.034375
7 0.148047 0.491146 0.025781 0.034375
7 0.216797 0.486979 0.025781 0.034375
7 0.222266 0.432812 0.025781 0.034375
7 0.355078 0.421354 0.025781 0.034375
7 0.351172 0.481771 0.025781 0.034375
7 0.434766 0.475521 0.025781 0.034375
7 0.438672 0.418229 0.025781 0.034375
7 0.524609 0.413021 0.025781 0.034375
7 0.687500 0.466667 0.032813 0.043750
7 0.519141 0.470313 0.025781 0.034375
7 0.689063 0.407292 0.032813 0.043750
7 0.796094 0.400000 0.032813 0.043750
7 0.792188 0.465625 0.032813 0.043750
7 0.809375 0.314583 0.032813 0.054167
7 0.904687 0.392708 0.032813 0.043750
7 0.903125 0.459375 0.032813 0.043750
7 0.014453 0.197917 0.027344 0.041667
7 0.038672 0.381250 0.019531 0.033333
