10 0.396875 0.834375 0.112500 0.152083
10 0.575391 0.829167 0.142969 0.187500
10 0.870703 0.803646 0.216406 0.246875
13 0.108203 0.552604 0.047656 0.084375
13 0.178906 0.567187 0.045312 0.076042
13 0.252734 0.586979 0.036719 0.067708
7 0.144922 0.355208 0.036719 0.064583
7 0.222656 0.382292 0.032813 0.052083
7 0.249219 0.244271 0.029687 0.053125
7 0.290625 0.411458 0.028125 0.043750
7 0.337891 0.277083 0.027344 0.050000
7 0.418750 0.303125 0.031250 0.058333
7 0.419531 0.054167 0.042188 0.064583
7 0.453125 0.176563 0.029687 0.040625
6 0.611719 0.074479 0.037500 0.048958
7 0.600000 0.375000 0.029687 0.058333
7 0.497266 0.591667 0.030469 0.039583
7 0.346484 0.647917 0.021094 0.031250
7 0.351953 0.601562 0.025781 0.034375
7 0.380859 0.639583 0.032031 0.033333
7 0.384766 0.582812 0.027344 0.036458
7 0.423828 0.567187 0.030469 0.044792
7 0.422266 0.621875 0.030469 0.041667
7 0.500781 0.533854 0.035937 0.044792
7 0.550000 0.573958 0.032813 0.045833
7 0.555469 0.512500 0.031250 0.043750
7 0.613672 0.485938 0.039844 0.051042
7 0.610156 0.549479 0.035937 0.046875
7 0.739453 0.506771 0.038281 0.053125
7 0.740234 0.433854 0.042969 0.051042
7 0.591016 0.645833 0.027344 0.039583
7 0.421875 0.690625 0.029687 0.033333
7 0.645312 0.630729 0.034375 0.046875
7 0.851172 0.572917 0.038281 0.062500
7 0.830859 0.472917 0.039844 0.058333
7 0.832812 0.390104 0.046875 0.057292
7 0.937891 0.435417 0.052344 0.066667
7 0.939063 0.347396 0.048438 0.067708
1 0.933594 0.375000 0.081250 0.222917
1 0.830859 0.421354 0.082031 0.207292
1 0.738672 0.456250 0.071094 0.195833
1 0.608594 0.506771 0.053125 0.167708
1 0.545312 0.542188 0.056250 0.161458
1 0.496875 0.554688 0.053125 0.157292
1 0.345313 0.621354 0.046875 0.128125
1 0.381641 0.609896 0.049219 0.128125
1 0.414844 0.589063 0.051562 0.132292
7 0.430469 0.521354 0.029687 0.048958
7 0.671484 0.401562 0.028906 0.051042
7 0.618359 0.144792 0.032031 0.054167
7 0.523828 0.093229 0.038281 0.069792
7 0.829688 0.246875 0.043750 0.068750
