1 0.706641 0.568229 0.049219 0.171875
1 0.542969 0.622917 0.051562 0.158333
1 0.935156 0.523958 0.065625 0.154167
1 0.812109 0.554688 0.053906 0.144792
1 0.457813 0.643229 0.045312 0.153125
1 0.064844 0.748437 0.043750 0.132292
1 0.266797 0.697396 0.047656 0.146875
1 0.150000 0.721875 0.042188 0.141667
1 0.019922 0.763021 0.038281 0.119792
7 0.387109 0.695833 0.028906 0.045833
7 0.931250 0.487500 0.040625 0.066667
7 0.545312 0.595313 0.034375 0.044792
7 0.937891 0.560937 0.046094 0.073958
7 0.543359 0.657813 0.036719 0.038542
7 0.385937 0.635417 0.032813 0.039583
7 0.707031 0.545312 0.034375 0.053125
7 0.206641 0.737500 0.033594 0.035417
7 0.271484 0.667708 0.033594 0.037500
7 0.063672 0.726042 0.032031 0.035417
7 0.435156 0.146875 0.048438 0.087500
7 0.225000 0.559375 0.026562 0.050000
7 0.275000 0.582812 0.021875 0.048958
7 0.214453 0.355729 0.028906 0.061458
7 0.139063 0.309375 0.037500 0.081250
7 0.494141 0.127604 0.036719 0.098958
9 0.975000 0.921354 0.048438 0.115625
10 0.488281 0.914062 0.215625 0.167708
10 0.224219 0.927083 0.154688 0.143750
10 0.860156 0.875000 0.242188 0.175000
13 0.896484 0.258333 0.107031 0.172917
6 0.527734 0.150521 0.036719 0.048958
6 0.593359 0.124479 0.036719 0.048958
6 0.296875 0.277604 0.031250 0.040625
6 0.348438 0.245312 0.020313 0.028125
6 0.241406 0.299479 0.018750 0.026042
7 0.286328 0.388021 0.028906 0.061458
7 0.010937 0.459375 0.020313 0.052083
7 0.078125 0.487500 0.025000 0.052083
7 0.061328 0.619792 0.019531 0.043750
7 0.114453 0.641146 0.021094 0.032292
7 0.060156 0.771875 0.021875 0.033333
7 0.017969 0.735417 0.021875 0.033333
7 0.015625 0.781250 0.021875 0.033333
7 0.150391 0.698958 0.025781 0.037500
7 0.147266 0.750000 0.025781 0.037500
7 0.207422 0.683333 0.025781 0.037500
1 0.202734 0.707292 0.039844 0.160417
7 0.266016 0.721875 0.028906 0.035417
7 0.321875 0.607812 0.021875 0.048958
1 0.376953 0.660937 0.041406 0.167708
7 0.460156 0.613542 0.032813 0.039583
7 0.457813 0.679167 0.032813 0.039583
7 0.708594 0.619271 0.034375 0.053125
7 0.490625 0.534375 0.032813 0.052083
7 0.435937 0.483333 0.032813 0.052083
7 0.750000 0.422396 0.029687 0.046875
7 0.707031 0.382812 0.029687 0.046875
7 0.810937 0.516146 0.034375 0.053125
7 0.814844 0.591146 0.034375 0.053125
13 0.965234 0.320312 0.069531 0.115625
