7 0.900000 0.425000 0.042188 0.070833
7 0.976562 0.396875 0.043750 0.070833
7 0.181641 0.647396 0.063281 0.084375
7 0.336719 0.599479 0.060937 0.094792
7 0.510938 0.541146 0.073438 0.101042
7 0.027734 0.577604 0.053906 0.078125
4 0.513672 0.864062 0.117969 0.271875
4 0.400391 0.883333 0.110156 0.233333
4 0.302734 0.891667 0.105469 0.216667
2 0.558203 0.304688 0.153906 0.292708
2 0.373437 0.377083 0.148438 0.254167
2 0.212891 0.454688 0.122656 0.255208
3 0.144141 0.594792 0.110156 0.325000
3 0.303125 0.518750 0.098437 0.302083
3 0.476953 0.435937 0.102344 0.338542
7 0.890625 0.921875 0.034375 0.052083
7 0.891406 0.982292 0.039062 0.035417
1 0.890234 0.931250 0.053906 0.137500
7 0.098828 0.457813 0.058594 0.117708
