10 0.905469 0.635938 0.189062 0.244792
10 0.617188 0.666667 0.159375 0.187500
10 0.432812 0.689063 0.103125 0.144792
9 0.217969 0.636458 0.048438 0.104167
6 0.691016 0.540104 0.028906 0.032292
6 0.811719 0.575000 0.028125 0.025000
6 0.639844 0.525000 0.028125 0.029167
13 0.609766 0.544792 0.044531 0.056250
13 0.559766 0.529167 0.030469 0.056250
7 0.953906 0.301042 0.060937 0.072917
7 0.841406 0.347917 0.053125 0.077083
7 0.751172 0.381250 0.055469 0.054167
7 0.623828 0.436458 0.049219 0.052083
7 0.561719 0.455729 0.040625 0.042708
7 0.511719 0.480208 0.043750 0.047917
7 0.893750 0.144792 0.062500 0.079167
7 0.801562 0.202083 0.057813 0.064583
7 0.658203 0.279687 0.046094 0.055208
7 0.592578 0.314583 0.044531 0.043750
7 0.541406 0.345833 0.045312 0.050000
7 0.461719 0.396875 0.035937 0.043750
7 0.458594 0.482812 0.032813 0.032292
3 0.365234 0.509375 0.044531 0.120833
3 0.500000 0.440625 0.042188 0.125000
3 0.416016 0.495312 0.041406 0.144792
3 0.389844 0.512500 0.034375 0.135417
3 0.607422 0.393229 0.052344 0.167708
3 0.553906 0.420833 0.054688 0.168750
3 0.737109 0.334896 0.071094 0.186458
3 0.837891 0.297917 0.072656 0.208333
3 0.946875 0.240625 0.081250 0.210417
2 0.858984 0.176563 0.102344 0.165625
2 0.757031 0.226042 0.093750 0.179167
2 0.629297 0.281250 0.088281 0.177083
2 0.560547 0.338542 0.080469 0.154167
2 0.501953 0.360417 0.072656 0.133333
2 0.425781 0.407292 0.073438 0.116667
2 0.398438 0.429167 0.056250 0.118750
2 0.366797 0.443750 0.058594 0.118750
7 0.362109 0.107292 0.035156 0.062500
7 0.267578 0.071875 0.032031 0.068750
