1 0.626563 0.160417 0.018750 0.097917
1 0.597656 0.140625 0.017188 0.112500
1 0.568750 0.102083 0.015625 0.110417
7 0.551172 0.136458 0.030469 0.035417
7 0.548828 0.083333 0.028906 0.035417
7 0.583203 0.116146 0.024219 0.034375
7 0.582422 0.169271 0.025781 0.032292
7 0.612500 0.148438 0.023438 0.032292
7 0.615234 0.198437 0.022656 0.032292
7 0.483984 0.072917 0.035156 0.045833
13 0.712891 0.159896 0.035156 0.069792
13 0.784375 0.154167 0.040625 0.079167
13 0.864062 0.140625 0.034375 0.077083
10 0.117969 0.141667 0.215625 0.281250
10 0.392188 0.274479 0.146875 0.201042
10 0.542188 0.351042 0.092188 0.150000
9 0.359375 0.387500 0.026562 0.045833
9 0.332031 0.376042 0.026562 0.045833
