1 0.755078 0.557813 0.032031 0.115625
1 0.819141 0.554167 0.035156 0.116667
1 0.892969 0.544792 0.034375 0.110417
2 0.088672 0.431250 0.036719 0.133333
3 0.139844 0.485938 0.034375 0.121875
3 0.066016 0.495312 0.035156 0.123958
3 0.182422 0.483854 0.033594 0.117708
4 0.104297 0.665104 0.052344 0.130208
4 0.053125 0.665104 0.054688 0.130208
4 0.149609 0.659896 0.055469 0.132292
6 0.428516 0.258854 0.016406 0.023958
6 0.323828 0.275521 0.013281 0.026042
6 0.744531 0.202604 0.015625 0.030208
6 0.580078 0.234896 0.014844 0.030208
6 0.526563 0.246354 0.017188 0.030208
6 0.869531 0.182812 0.017188 0.034375
6 0.374609 0.266667 0.013281 0.020833
6 0.636328 0.224479 0.014844 0.034375
6 0.050391 0.316146 0.014844 0.017708
6 0.377734 0.271875 0.014844 0.027083
7 0.655078 0.313021 0.021094 0.053125
7 0.113281 0.358854 0.020313 0.042708
7 0.503516 0.301042 0.022656 0.054167
7 0.413281 0.315625 0.021875 0.060417
7 0.329297 0.326042 0.022656 0.052083
9 0.360156 0.222917 0.010937 0.020833
9 0.625391 0.180729 0.013281 0.032292
9 0.584375 0.185938 0.012500 0.032292
9 0.043750 0.278125 0.012500 0.016667
9 0.325000 0.231250 0.010937 0.025000
9 0.005078 0.284375 0.008594 0.027083
9 0.413672 0.216667 0.013281 0.029167
10 0.841797 0.731771 0.113281 0.105208
11 0.358984 0.792708 0.238281 0.389583
12 0.508984 0.745833 0.021094 0.047917
1 0.639844 0.572917 0.035937 0.116667
1 0.514062 0.584375 0.035937 0.116667
7 0.637109 0.549479 0.021094 0.030208
7 0.638672 0.592187 0.021094 0.030208
7 0.755078 0.583854 0.021094 0.030208
7 0.752734 0.540104 0.021094 0.030208
7 0.821484 0.533854 0.021094 0.030208
7 0.821484 0.575521 0.021094 0.030208
7 0.893359 0.572396 0.021094 0.030208
7 0.891797 0.525521 0.021094 0.030208
7 0.954297 0.272396 0.021094 0.053125
7 0.805859 0.184896 0.017969 0.040625
7 0.191406 0.346875 0.023438 0.052083
7 0.512109 0.558854 0.021094 0.030208
7 0.513672 0.603646 0.021094 0.030208
7 0.407422 0.573438 0.021094 0.030208
7 0.349609 0.575521 0.021094 0.030208
7 0.292578 0.583854 0.021094 0.030208
7 0.039062 0.374479 0.020313 0.042708
7 0.070312 0.526042 0.021875 0.041667
7 0.149219 0.514583 0.021875 0.041667
7 0.189062 0.388542 0.021875 0.041667
