4 0.246484 0.786458 0.144531 0.387500
4 0.376953 0.755729 0.172656 0.411458
4 0.137500 0.815104 0.140625 0.369792
9 0.740625 0.871354 0.039062 0.101042
12 0.808203 0.756250 0.086719 0.133333
12 0.927344 0.712500 0.076563 0.129167
7 0.907422 0.710417 0.033594 0.054167
7 0.776953 0.757812 0.032031 0.046875
1 0.364063 0.151042 0.126562 0.300000
1 0.188672 0.248438 0.122656 0.298958
1 0.050391 0.339062 0.099219 0.278125
7 0.057813 0.311458 0.068750 0.085417
7 0.054297 0.418750 0.066406 0.083333
7 0.205469 0.331771 0.068750 0.101042
7 0.203516 0.218750 0.064844 0.077083
7 0.381250 0.229167 0.067187 0.091667
7 0.370703 0.109896 0.058594 0.080208
7 0.531250 0.393229 0.071875 0.071875
7 0.357422 0.475521 0.064844 0.073958
7 0.202734 0.546354 0.063281 0.069792
7 0.116406 0.206250 0.050000 0.077083
7 0.258203 0.110937 0.058594 0.069792
7 0.415625 0.021354 0.059375 0.040625
