4 0.442578 0.632292 0.052344 0.147917
4 0.389062 0.630729 0.050000 0.132292
4 0.337500 0.627083 0.053125 0.135417
11 0.714844 0.779167 0.206250 0.322917
10 0.053125 0.726042 0.093750 0.114583
10 0.466797 0.743750 0.083594 0.097917
10 0.917969 0.753646 0.071875 0.096875
8 0.130078 0.322917 0.053906 0.283333
8 0.069922 0.316146 0.050781 0.284375
8 0.018750 0.324479 0.035937 0.265625
12 0.192969 0.715625 0.023438 0.052083
12 0.814063 0.743229 0.021875 0.048958
9 0.836328 0.751042 0.016406 0.039583
7 0.969922 0.578646 0.019531 0.028125
7 0.970703 0.617188 0.017969 0.026042
7 0.910156 0.617708 0.020313 0.029167
7 0.910547 0.579167 0.017969 0.029167
7 0.683203 0.568750 0.017969 0.025000
7 0.196484 0.554167 0.019531 0.027083
7 0.624219 0.604167 0.018750 0.027083
7 0.624609 0.566146 0.021094 0.028125
1 0.622266 0.582812 0.027344 0.090625
1 0.682422 0.582292 0.027344 0.087500
1 0.744531 0.586979 0.025000 0.080208
1 0.910937 0.592187 0.029687 0.090625
1 0.971094 0.594792 0.028125 0.097917
7 0.902734 0.525521 0.021094 0.032292
7 0.703125 0.354687 0.025000 0.044792
7 0.786328 0.356250 0.024219 0.043750
7 0.815625 0.366667 0.021875 0.039583
6 0.679688 0.270313 0.020313 0.034375
6 0.734375 0.271875 0.021875 0.029167
6 0.834375 0.270833 0.018750 0.029167
6 0.946094 0.273958 0.021875 0.031250
7 0.896875 0.264062 0.020313 0.028125
6 0.626563 0.270313 0.018750 0.032292
6 0.532813 0.270833 0.018750 0.033333
6 0.480078 0.272396 0.017969 0.034375
6 0.426563 0.269792 0.018750 0.033333
9 0.434766 0.228125 0.011719 0.020833
9 0.470703 0.227604 0.013281 0.026042
9 0.523828 0.228646 0.014844 0.023958
9 0.644922 0.230208 0.016406 0.022917
9 0.690625 0.230208 0.014063 0.025000
9 0.729297 0.230208 0.014844 0.029167
7 0.618359 0.356250 0.025781 0.047917
7 0.146875 0.365625 0.018750 0.037500
7 0.167187 0.386458 0.018750 0.041667
2 0.482812 0.410938 0.048438 0.128125
2 0.398438 0.402604 0.053125 0.144792
2 0.318359 0.404687 0.044531 0.138542
3 0.360156 0.471354 0.050000 0.151042
3 0.450391 0.466667 0.039844 0.143750
7 0.580078 0.364063 0.025781 0.036458
