7 0.529688 0.972917 0.03125 0.0458333
7 0.833203 0.919271 0.0492188 0.113542
7 0.610937 0.839583 0.0296875 0.0625
2 0.195703 0.474479 0.147656 0.228125
1 0.528125 0.951563 0.0484375 0.096875
2 0.467969 0.301042 0.170312 0.289583
7 0.601953 0.953646 0.0335938 0.0489583
7 0.178906 0.670313 0.0609375 0.078125
7 0.128516 0.498958 0.0570313 0.0833333
7 0.297266 0.613542 0.0570313 0.0833333
3 0.40625 0.472396 0.114063 0.307292
3 0.157422 0.590104 0.119531 0.303125
7 0.0519531 0.544271 0.0570313 0.0822917
2 0.325 0.408333 0.151562 0.25625
7 0.512109 0.276042 0.0679687 0.0916667
1 0.597656 0.947917 0.0515625 0.104167
7 0.834375 0.90625 0.0375 0.05
7 0.059375 0.602083 0.0609375 0.0708333
7 0.441406 0.544792 0.0640625 0.0958333
7 0.937891 0.957292 0.0398437 0.0541667
7 0.0421875 0.691667 0.0640625 0.0770833
7 0.373437 0.363542 0.0625 0.09375
1 0.0460938 0.6375 0.0921875 0.239583
7 0.838672 0.974479 0.0382813 0.0489583
7 0.977344 0.358854 0.04375 0.071875
4 0.361328 0.872917 0.116406 0.254167
7 0.935156 0.8875 0.0390625 0.0520833
7 0.908984 0.393229 0.0460938 0.071875
4 0.457422 0.851562 0.116406 0.296875
3 0.272656 0.545833 0.1125 0.291667
4 0.278125 0.884896 0.121875 0.230208
1 0.833594 0.923958 0.0609375 0.15
1 0.9375 0.9125 0.0640625 0.172917
