10 0.894922 0.807813 0.210156 0.357292
10 0.503125 0.922396 0.185938 0.155208
6 0.345703 0.190104 0.061719 0.042708
6 0.298828 0.239583 0.061719 0.041667
6 0.255469 0.293229 0.064062 0.034375
7 0.132812 0.787500 0.035937 0.041667
7 0.043750 0.509375 0.029687 0.039583
7 0.016406 0.671875 0.026562 0.031250
7 0.093750 0.253646 0.034375 0.046875
7 0.198047 0.317188 0.036719 0.042708
7 0.297656 0.373958 0.035937 0.041667
2 0.852344 0.273438 0.107813 0.238542
3 0.807813 0.403125 0.095312 0.245833
2 0.726172 0.367188 0.096094 0.209375
3 0.684766 0.479167 0.080469 0.222917
2 0.535156 0.494271 0.115625 0.190625
3 0.499219 0.619271 0.085938 0.223958
3 0.950781 0.304688 0.098437 0.298958
7 0.969531 0.373437 0.060937 0.078125
7 0.868359 0.236979 0.075781 0.067708
7 0.849219 0.358333 0.064062 0.058333
7 0.819531 0.469271 0.065625 0.078125
7 0.740625 0.334896 0.057813 0.055208
7 0.718359 0.443229 0.060156 0.057292
7 0.692969 0.546875 0.057813 0.068750
7 0.559766 0.465104 0.050781 0.053125
7 0.542969 0.559896 0.045312 0.055208
7 0.516797 0.648438 0.049219 0.053125
7 0.459375 0.614583 0.039062 0.050000
7 0.434375 0.697396 0.045312 0.046875
7 0.367578 0.738542 0.044531 0.052083
