7 0.458984 0.040104 0.021094 0.030208
1 0.813672 0.253125 0.038281 0.137500
7 0.525781 0.062500 0.023438 0.037500
7 0.775781 0.138542 0.023438 0.045833
7 0.774219 0.174479 0.026562 0.048958
7 0.548047 0.208333 0.021094 0.033333
9 0.855078 0.572917 0.016406 0.041667
11 0.274219 0.620313 0.537500 0.759375
7 0.822266 0.154167 0.022656 0.043750
1 0.295312 0.040104 0.089063 0.078125
7 0.726172 0.120833 0.024219 0.045833
7 0.751172 0.302083 0.028906 0.039583
7 0.817969 0.222917 0.028125 0.039583
1 0.236719 0.263021 0.073438 0.194792
7 0.748437 0.248438 0.029687 0.040625
7 0.498828 0.383333 0.027344 0.035417
7 0.142187 0.034896 0.039062 0.063542
7 0.593750 0.353646 0.025000 0.034375
7 0.498437 0.340104 0.026562 0.034375
7 0.595313 0.220833 0.020313 0.033333
7 0.586328 0.079687 0.025781 0.040625
1 0.748437 0.273958 0.045312 0.135417
7 0.417578 0.176042 0.021094 0.033333
7 0.591406 0.304167 0.026562 0.035417
7 0.245312 0.314583 0.046875 0.062500
13 0.402344 0.337500 0.035937 0.064583
7 0.306641 0.029687 0.050781 0.057292
1 0.590234 0.327083 0.041406 0.118750
7 0.541406 0.323958 0.026562 0.033333
4 0.961719 0.108854 0.075000 0.215625
11 0.583203 0.550000 0.125781 0.339583
4 0.875781 0.125000 0.142187 0.247917
7 0.243359 0.227604 0.047656 0.063542
7 0.544531 0.368750 0.026562 0.035417
1 0.542188 0.344792 0.042188 0.118750
1 0.495703 0.356771 0.044531 0.119792
12 0.883594 0.514062 0.037500 0.055208
10 0.790234 0.501042 0.136719 0.156250
