10 0.475391 0.881250 0.149219 0.170833
10 0.160938 0.871875 0.148438 0.168750
10 0.847656 0.895833 0.160938 0.172917
4 0.118750 0.606771 0.114062 0.282292
4 0.039453 0.607292 0.077344 0.283333
2 0.184375 0.100000 0.137500 0.197917
3 0.102344 0.221875 0.093750 0.300000
7 0.510156 0.182812 0.037500 0.051042
7 0.573047 0.176042 0.033594 0.052083
7 0.624609 0.164583 0.035156 0.052083
12 0.565625 0.882292 0.040625 0.079167
1 0.464453 0.619792 0.044531 0.145833
1 0.558594 0.617708 0.035937 0.156250
1 0.731250 0.612500 0.042188 0.154167
1 0.835547 0.609375 0.041406 0.166667
1 0.943359 0.606250 0.042969 0.168750
7 0.978125 0.117708 0.043750 0.081250
