11 0.596094 0.903646 0.220312 0.192708
8 0.707422 0.761979 0.025781 0.090625
8 0.730859 0.760938 0.030469 0.092708
8 0.758203 0.758333 0.027344 0.102083
8 0.828125 0.769271 0.025000 0.084375
8 0.856250 0.771875 0.028125 0.093750
8 0.882422 0.772396 0.027344 0.094792
8 0.955859 0.768750 0.024219 0.095833
8 0.983594 0.768229 0.025000 0.092708
4 0.783203 0.816146 0.024219 0.096875
4 0.814844 0.818229 0.023438 0.101042
7 0.045703 0.688542 0.046094 0.050000
7 0.093750 0.705729 0.040625 0.038542
7 0.132422 0.719271 0.035156 0.040625
7 0.196484 0.737500 0.042969 0.033333
7 0.276172 0.762500 0.030469 0.037500
7 0.300391 0.771354 0.025781 0.036458
7 0.322656 0.776563 0.032813 0.044792
7 0.361328 0.791667 0.030469 0.029167
1 0.042969 0.703125 0.075000 0.108333
1 0.094141 0.718750 0.066406 0.095833
1 0.130859 0.730729 0.061719 0.096875
1 0.195312 0.752604 0.060937 0.092708
1 0.265234 0.775000 0.053906 0.068750
1 0.293359 0.780729 0.049219 0.078125
7 0.113281 0.592708 0.029687 0.050000
7 0.152734 0.592708 0.024219 0.047917
7 0.191016 0.595833 0.022656 0.043750
7 0.368359 0.619271 0.016406 0.028125
7 0.390234 0.517188 0.014844 0.023958
7 0.417578 0.622396 0.019531 0.028125
7 0.465234 0.619271 0.016406 0.032292
7 0.554297 0.622396 0.014844 0.028125
7 0.608203 0.622917 0.014844 0.031250
7 0.532031 0.513021 0.017188 0.028125
9 0.651563 0.481771 0.010937 0.023958
9 0.677344 0.480729 0.010937 0.019792
9 0.715234 0.479167 0.010156 0.022917
9 0.807813 0.478125 0.010937 0.027083
9 0.833203 0.475521 0.011719 0.017708
7 0.548438 0.669271 0.018750 0.026042
7 0.546484 0.705729 0.014844 0.026042
7 0.601172 0.668229 0.016406 0.023958
7 0.598828 0.703646 0.017969 0.019792
7 0.653906 0.670312 0.018750 0.026042
7 0.479297 0.734896 0.013281 0.019792
7 0.475391 0.762500 0.014844 0.022917
7 0.496875 0.761458 0.017188 0.027083
7 0.496875 0.798438 0.015625 0.026042
7 0.630469 0.734896 0.014063 0.023958
7 0.629687 0.767708 0.014063 0.025000
1 0.496484 0.784896 0.030469 0.076042
1 0.478125 0.751042 0.020313 0.060417
1 0.521094 0.748437 0.020313 0.046875
1 0.628516 0.754167 0.021094 0.070833
1 0.545312 0.685417 0.020313 0.087500
1 0.600781 0.687500 0.023438 0.087500
1 0.652734 0.690104 0.027344 0.082292
2 0.763672 0.671875 0.044531 0.079167
2 0.826172 0.664583 0.036719 0.083333
2 0.884766 0.667708 0.049219 0.102083
6 0.885156 0.501563 0.014063 0.026042
6 0.798828 0.506250 0.017969 0.025000
6 0.643359 0.510417 0.016406 0.022917
6 0.685547 0.509896 0.013281 0.026042
6 0.576172 0.513021 0.017969 0.021875
6 0.366016 0.519792 0.014844 0.022917
6 0.436328 0.519271 0.017969 0.019792
6 0.498047 0.515104 0.014844 0.019792
13 0.243750 0.707812 0.018750 0.038542
13 0.281250 0.718750 0.021875 0.035417
13 0.266797 0.715104 0.016406 0.032292
12 0.748828 0.497917 0.047656 0.070833
12 0.861328 0.501042 0.038281 0.079167
12 0.975781 0.494271 0.043750 0.073958
12 0.475000 0.856250 0.021875 0.047917
12 0.559766 0.857812 0.024219 0.055208
12 0.342578 0.666146 0.030469 0.051042
12 0.276172 0.671875 0.032031 0.047917
