7 0.877344 0.839063 0.0328125 0.0427083
7 0.542969 0.406771 0.05625 0.0760417
7 0.874609 0.979167 0.0257812 0.0375
1 0.166016 0.975521 0.0585938 0.0489583
7 0.819922 0.870313 0.0289063 0.040625
7 0.994141 0.910937 0.0117188 0.0447917
7 0.807813 0.495833 0.0578125 0.08125
7 0.373828 0.329167 0.0585938 0.0854167
3 0.5125 0.527604 0.10625 0.313542
7 0.0296875 0.494271 0.0484375 0.0802083
2 0.745703 0.494271 0.146094 0.261458
7 0.985547 0.584896 0.0289063 0.071875
7 0.908203 0.539583 0.0570313 0.0854167
4 0.495703 0.894271 0.124219 0.211458
7 0.290625 0.281771 0.0515625 0.0802083
3 0.318359 0.457292 0.0976562 0.34375
4 0.613281 0.895833 0.117188 0.208333
3 0.676562 0.588021 0.10625 0.286458
2 0.590625 0.446354 0.140625 0.246875
2 0.411719 0.354688 0.134375 0.261458
4 0.379297 0.879167 0.132031 0.241667
