7 0.576562 0.152604 0.054688 0.109375
7 0.748047 0.099479 0.058594 0.090625
6 0.413281 0.158333 0.048438 0.077083
6 0.158203 0.258333 0.042969 0.068750
7 0.071484 0.766146 0.057031 0.069792
7 0.053516 0.847396 0.053906 0.078125
7 0.274219 0.815104 0.054688 0.073958
7 0.281250 0.722917 0.059375 0.075000
7 0.424609 0.691667 0.055469 0.087500
1 0.574609 0.694271 0.067969 0.269792
1 0.897656 0.632812 0.081250 0.288542
7 0.421094 0.794792 0.056250 0.093750
7 0.576953 0.661979 0.058594 0.082292
7 0.578125 0.767708 0.070312 0.091667
7 0.899609 0.710938 0.072656 0.094792
7 0.892188 0.596354 0.075000 0.094792
1 0.420312 0.718750 0.073438 0.293750
1 0.279297 0.765104 0.092969 0.263542
1 0.058984 0.795833 0.097656 0.250000
