7 0.155469 0.200000 0.028125 0.047917
7 0.210156 0.163542 0.028125 0.047917
7 0.272266 0.131771 0.030469 0.046875
7 0.396484 0.056250 0.038281 0.050000
1 0.345313 0.180208 0.065625 0.141667
1 0.433594 0.139583 0.056250 0.141667
1 0.535547 0.085417 0.057031 0.156250
7 0.530859 0.035937 0.057031 0.057292
7 0.531641 0.126562 0.057031 0.061458
7 0.431641 0.176563 0.055469 0.061458
7 0.347266 0.216146 0.057031 0.061458
7 0.353125 0.140625 0.050000 0.056250
7 0.435937 0.095833 0.050000 0.056250
7 0.524609 0.429688 0.016406 0.023958
7 0.487891 0.413542 0.016406 0.025000
7 0.447656 0.397917 0.017188 0.025000
1 0.584766 0.486458 0.033594 0.083333
7 0.586719 0.463021 0.026562 0.032292
7 0.585938 0.505729 0.026562 0.032292
7 0.493750 0.526563 0.026562 0.032292
7 0.496094 0.481771 0.026562 0.032292
1 0.493359 0.504167 0.039844 0.087500
7 0.616797 0.342187 0.017969 0.028125
7 0.505859 0.288021 0.024219 0.030208
1 0.277734 0.403646 0.057031 0.121875
7 0.280859 0.369792 0.044531 0.045833
7 0.276953 0.438542 0.047656 0.054167
12 0.318750 0.671354 0.415625 0.578125
12 0.558594 0.673958 0.171875 0.308333
4 0.833984 0.300521 0.088281 0.236458
4 0.938281 0.267708 0.093750 0.252083
12 0.729297 0.700521 0.028906 0.057292
12 0.853516 0.688021 0.028906 0.057292
