1 0.059375 0.130729 0.0234375 0.0572917
1 0.0882813 0.124479 0.0234375 0.0552083
7 0.0859375 0.285937 0.0421875 0.107292
7 0.329297 0.315625 0.0382813 0.0916667
7 0.617969 0.0104167 0.0328125 0.0208333
8 0.576563 0.195312 0.0296875 0.113542
10 0.930859 0.361458 0.0679687 0.0854167
3 0.981641 0.127083 0.0289063 0.11875
7 0.689062 0.181771 0.021875 0.034375
7 0.810156 0.115104 0.021875 0.034375
7 0.511719 0.125 0.0171875 0.0354167
11 0.810156 0.403125 0.0859375 0.170833
7 0.117578 0.114583 0.0273438 0.05
7 0.979297 0.0151042 0.0210938 0.0302083
4 0.972656 0.271875 0.0375 0.129167
7 0.492969 0.139062 0.0140625 0.0260417
7 0.823438 0.0546875 0.0203125 0.034375
7 0.810547 0.160938 0.0226563 0.0364583
7 0.0855469 0.272917 0.0335938 0.04375
12 0.400781 0.174479 0.0328125 0.0552083
7 0.703906 0.0822917 0.01875 0.03125
8 0.776953 0.182292 0.0382813 0.141667
1 0.809375 0.139062 0.03125 0.103125
8 0.947656 0.151042 0.0421875 0.154167
7 0.689062 0.139583 0.021875 0.0333333
12 0.341406 0.1875 0.0296875 0.05625
8 0.602344 0.194792 0.03125 0.11875
8 0.836719 0.148438 0.034375 0.128125
7 0.330078 0.303125 0.0289063 0.0375
13 0.510938 0.255729 0.021875 0.0385417
1 0.402734 0.320833 0.0414063 0.0833333
8 0.630078 0.194792 0.0320312 0.127083
7 0.558203 0.1125 0.0179687 0.0395833
8 0.711719 0.194271 0.034375 0.132292
1 0.6875 0.158854 0.0296875 0.0989583
7 0.403906 0.311458 0.0265625 0.0354167
12 0.371484 0.178646 0.0320312 0.0572917
1 0.0859375 0.286458 0.04375 0.1125
8 0.869922 0.155208 0.0351562 0.145833
7 0.283203 0.297917 0.0304688 0.0395833
8 0.743359 0.191146 0.0367187 0.138542
13 0.453125 0.245312 0.0234375 0.0447917
1 0.233203 0.302604 0.0429688 0.101042
7 0.233203 0.289583 0.0320312 0.0416667
8 0.907422 0.153125 0.0398437 0.152083
11 0.71875 0.442708 0.214062 0.264583
1 0.329297 0.316667 0.0398437 0.09375
1 0.281641 0.310417 0.0414063 0.0958333
