1 0.137891 0.064583 0.035156 0.127083
1 0.060156 0.060937 0.035937 0.119792
1 0.210156 0.074479 0.043750 0.146875
1 0.451562 0.106250 0.032813 0.127083
1 0.331641 0.086458 0.038281 0.125000
10 0.139844 0.291146 0.142187 0.148958
11 0.904687 0.370312 0.190625 0.430208
10 0.356250 0.289062 0.073438 0.121875
11 0.755859 0.335417 0.128906 0.191667
12 0.295703 0.301042 0.019531 0.052083
12 0.194141 0.307812 0.032031 0.053125
7 0.059766 0.076563 0.025781 0.036458
7 0.055859 0.020313 0.025781 0.036458
7 0.136328 0.033854 0.025781 0.036458
7 0.137109 0.083854 0.025781 0.036458
7 0.212891 0.094271 0.025781 0.036458
7 0.209766 0.044271 0.025781 0.036458
7 0.329297 0.061979 0.025781 0.036458
7 0.333203 0.111979 0.025781 0.036458
7 0.444922 0.085417 0.019531 0.031250
7 0.448828 0.123958 0.022656 0.035417
1 0.692578 0.138021 0.027344 0.088542
7 0.690625 0.126042 0.018750 0.025000
7 0.691406 0.164583 0.018750 0.025000
1 0.821875 0.163021 0.021875 0.080208
7 0.815625 0.150000 0.018750 0.025000
7 0.817187 0.179167 0.018750 0.025000
