11 0.512500 0.821875 0.203125 0.347917
10 0.835547 0.792188 0.092969 0.101042
10 0.398438 0.776042 0.064062 0.091667
9 0.770703 0.804688 0.019531 0.057292
9 0.344141 0.760938 0.016406 0.057292
4 0.157812 0.663021 0.048438 0.138542
4 0.221094 0.666146 0.029687 0.138542
3 0.144531 0.465104 0.035937 0.171875
2 0.177734 0.407292 0.052344 0.147917
2 0.085547 0.395833 0.044531 0.141667
8 0.120313 0.292187 0.050000 0.328125
8 0.047656 0.286458 0.056250 0.335417
6 0.154297 0.270833 0.022656 0.043750
6 0.364453 0.291667 0.019531 0.033333
6 0.417969 0.297917 0.021875 0.033333
6 0.471875 0.302604 0.026562 0.036458
6 0.567578 0.311979 0.021094 0.032292
6 0.670703 0.321875 0.021094 0.033333
6 0.617969 0.315625 0.020313 0.031250
9 0.468750 0.259375 0.017188 0.027083
9 0.432031 0.255729 0.014063 0.026042
9 0.385156 0.251563 0.017188 0.023958
7 0.412500 0.372917 0.028125 0.060417
7 0.497266 0.378125 0.025781 0.054167
7 0.579297 0.389583 0.027344 0.052083
7 0.805078 0.423438 0.024219 0.042708
7 0.951172 0.481250 0.022656 0.037500
7 0.980078 0.462500 0.021094 0.047917
7 0.889062 0.517188 0.020313 0.034375
7 0.867188 0.531250 0.017188 0.037500
7 0.847266 0.543750 0.014844 0.035417
13 0.969922 0.624479 0.035156 0.048958
1 0.894141 0.652604 0.021094 0.090625
1 0.842578 0.645833 0.025781 0.089583
1 0.788281 0.641146 0.018750 0.092708
1 0.690625 0.634896 0.021875 0.105208
1 0.582031 0.626042 0.021875 0.083333
7 0.581250 0.611458 0.018750 0.027083
7 0.582812 0.645312 0.017188 0.030208
7 0.691797 0.617708 0.017969 0.025000
7 0.692187 0.656250 0.020313 0.029167
7 0.788281 0.625521 0.018750 0.026042
7 0.789453 0.664062 0.022656 0.028125
7 0.787891 0.625521 0.017969 0.026042
7 0.841406 0.629687 0.021875 0.028125
7 0.842578 0.666667 0.021094 0.027083
7 0.894141 0.634375 0.019531 0.025000
7 0.894531 0.670312 0.018750 0.028125
7 0.363281 0.592187 0.021875 0.030208
7 0.360938 0.628646 0.021875 0.032292
7 0.421094 0.633854 0.021875 0.032292
7 0.420703 0.595833 0.017969 0.029167
7 0.481641 0.600521 0.017969 0.023958
1 0.419922 0.615104 0.028906 0.098958
1 0.360547 0.611979 0.035156 0.101042
7 0.069531 0.083333 0.071875 0.087500
