12 0.659766 0.969271 0.061719 0.061458
7 0.732422 0.336458 0.060156 0.093750
1 0.023047 0.472396 0.044531 0.242708
7 0.435937 0.502083 0.076563 0.116667
1 0.562891 0.141667 0.110156 0.281250
7 0.084766 0.464062 0.064844 0.084375
7 0.097656 0.371875 0.060937 0.083333
7 0.580078 0.443229 0.078906 0.140625
7 0.013281 0.526042 0.025000 0.075000
7 0.019531 0.430729 0.037500 0.078125
7 0.569922 0.157292 0.071094 0.116667
10 0.437500 0.757812 0.339062 0.413542
7 0.409766 0.261458 0.067969 0.104167
10 0.057422 0.872396 0.113281 0.253125
1 0.405078 0.188542 0.111719 0.331250
7 0.573047 0.048958 0.071094 0.095833
1 0.082812 0.408854 0.112500 0.265625
7 0.271875 0.346354 0.067187 0.094792
1 0.267188 0.279687 0.112500 0.290625
7 0.283984 0.245312 0.063281 0.096875
7 0.416797 0.151042 0.066406 0.108333
7 0.138281 0.641667 0.059375 0.110417
7 0.059375 0.666667 0.059375 0.110417
