6 0.110156 0.378646 0.021875 0.021875
6 0.11875 0.18125 0.0203125 0.0229167
12 0.232031 0.169271 0.075 0.078125
12 0.386328 0.106771 0.107031 0.084375
7 0.908203 0.0130208 0.0492188 0.0260417
8 0.280469 0.335417 0.0171875 0.0875
7 0.933984 0.040625 0.0351562 0.05
8 0.271094 0.335938 0.0171875 0.0864583
6 0.564453 0.0114583 0.0257812 0.0229167
11 0.0441406 0.3875 0.0882813 0.40625
8 0.376953 0.305208 0.0273438 0.120833
8 0.23125 0.340625 0.01875 0.0875
9 0.397266 0.174479 0.0257812 0.0802083
9 0.357031 0.183854 0.028125 0.0760417
6 0.629687 0.028125 0.021875 0.0270833
9 0.180859 0.243229 0.0226563 0.065625
8 0.296875 0.326562 0.0203125 0.103125
8 0.330859 0.314063 0.0242187 0.117708
12 0.279687 0.152604 0.071875 0.0947917
9 0.267578 0.217708 0.0273438 0.075
7 0.888281 0.0520833 0.034375 0.05625
9 0.234766 0.223958 0.0257812 0.0708333
