1 0.787891 0.331250 0.074219 0.254167
1 0.366797 0.578125 0.061719 0.170833
1 0.430859 0.538542 0.060156 0.187500
1 0.930469 0.247396 0.090625 0.244792
1 0.673438 0.400521 0.071875 0.211458
1 0.505078 0.493229 0.060156 0.201042
1 0.272656 0.631771 0.056250 0.163542
1 0.032422 0.777604 0.032031 0.126042
1 0.183984 0.684375 0.050781 0.145833
1 0.101562 0.731771 0.050000 0.134375
1 0.220312 0.670833 0.050000 0.175000
1 0.071875 0.752083 0.035937 0.116667
6 0.358203 0.182292 0.016406 0.035417
7 0.437109 0.582292 0.039844 0.060417
7 0.513672 0.461458 0.046094 0.064583
7 0.100781 0.714063 0.029687 0.044792
7 0.677734 0.362500 0.047656 0.081250
7 0.798828 0.390625 0.060156 0.079167
7 0.101172 0.768229 0.028906 0.036458
7 0.512109 0.543229 0.047656 0.065625
7 0.794141 0.292187 0.060156 0.080208
7 0.937109 0.203125 0.061719 0.089583
7 0.369531 0.618229 0.045312 0.059375
7 0.372656 0.546354 0.042188 0.061458
7 0.235156 0.630208 0.034375 0.039583
7 0.438672 0.506771 0.039844 0.061458
7 0.234375 0.695312 0.037500 0.040625
7 0.279297 0.604688 0.036719 0.040625
7 0.940234 0.309896 0.063281 0.084375
7 0.676953 0.450521 0.046094 0.082292
7 0.189062 0.718229 0.045312 0.038542
7 0.194531 0.656771 0.032813 0.040625
7 0.132812 0.748437 0.031250 0.036458
7 0.137109 0.689063 0.033594 0.040625
7 0.278906 0.668750 0.042188 0.039583
7 0.310547 0.504167 0.022656 0.050000
7 0.505078 0.030208 0.039844 0.058333
10 0.860156 0.792708 0.279687 0.310417
10 0.261719 0.913021 0.139063 0.155208
10 0.482422 0.871354 0.207031 0.236458
10 0.117188 0.941667 0.104688 0.116667
10 0.029687 0.962500 0.057813 0.075000
7 0.559766 0.406250 0.028906 0.056250
7 0.484766 0.375000 0.028906 0.056250
1 0.134375 0.714063 0.057813 0.165625
7 0.033984 0.415625 0.027344 0.058333
7 0.166797 0.232292 0.030469 0.041667
7 0.191016 0.202083 0.030469 0.052083
7 0.056250 0.192188 0.028125 0.044792
7 0.078906 0.155729 0.034375 0.053125
7 0.034375 0.227604 0.026562 0.044792
7 0.292969 0.243750 0.028125 0.043750
6 0.317969 0.227083 0.015625 0.020833
