1 0.725000 0.155208 0.037500 0.110417
1 0.818750 0.127083 0.037500 0.125000
11 0.834766 0.296354 0.167969 0.292708
11 0.584375 0.330208 0.443750 0.585417
1 0.511328 0.066146 0.075781 0.130208
7 0.505859 0.088542 0.039844 0.054167
7 0.509766 0.020313 0.042969 0.038542
7 0.728906 0.133854 0.026562 0.032292
7 0.729297 0.181771 0.027344 0.032292
7 0.823047 0.154688 0.024219 0.030208
7 0.825000 0.106250 0.021875 0.027083
1 0.884375 0.108854 0.029687 0.117708
7 0.885938 0.137500 0.021875 0.035417
7 0.886328 0.088021 0.021094 0.032292
12 0.978125 0.350521 0.037500 0.063542
