7 0.165234 0.360938 0.032031 0.046875
6 0.235547 0.175000 0.028906 0.068750
7 0.066797 0.569792 0.028906 0.039583
7 0.014063 0.436458 0.026562 0.029167
7 0.378125 0.463021 0.032813 0.059375
7 0.307031 0.303125 0.035937 0.058333
7 0.189844 0.606771 0.026562 0.038542
7 0.182812 0.539062 0.020313 0.032292
7 0.013672 0.777604 0.022656 0.028125
6 0.013672 0.028125 0.025781 0.043750
7 0.043750 0.732292 0.018750 0.029167
12 0.933594 0.830729 0.056250 0.065625
6 0.183594 0.156250 0.039062 0.039583
7 0.011328 0.818229 0.021094 0.028125
9 0.978125 0.876042 0.023438 0.070833
9 0.182422 0.131250 0.025781 0.068750
10 0.405078 0.926562 0.116406 0.146875
7 0.528906 0.542708 0.029687 0.047917
6 0.240625 0.195833 0.042188 0.035417
7 0.740625 0.564063 0.029687 0.048958
7 0.235156 0.515104 0.025000 0.044792
6 0.457422 0.335417 0.055469 0.037500
7 0.134375 0.556250 0.021875 0.035417
1 0.231641 0.697396 0.038281 0.121875
7 0.223438 0.725521 0.029687 0.040625
7 0.233203 0.324479 0.036719 0.065625
9 0.928125 0.862500 0.025000 0.070833
7 0.440625 0.445833 0.034375 0.054167
6 0.071875 0.075000 0.050000 0.047917
9 0.990625 0.875521 0.018750 0.069792
6 0.542188 0.395313 0.042188 0.036458
12 0.804297 0.796354 0.077344 0.086458
7 0.508594 0.424479 0.037500 0.061458
6 0.569922 0.419271 0.049219 0.044792
9 0.234766 0.172917 0.027344 0.066667
6 0.515625 0.376563 0.051562 0.038542
7 0.285156 0.737500 0.029687 0.039583
7 0.031641 0.683333 0.035156 0.045833
7 0.162109 0.711979 0.028906 0.042708
7 0.636719 0.596354 0.029687 0.051042
9 0.041016 0.038021 0.035156 0.073958
12 0.388281 0.662500 0.100000 0.156250
7 0.693359 0.773438 0.036719 0.063542
6 0.380078 0.279687 0.058594 0.040625
6 0.294141 0.229687 0.050781 0.040625
6 0.417578 0.305729 0.050781 0.038542
7 0.469922 0.710417 0.047656 0.079167
9 0.913672 0.857292 0.027344 0.079167
7 0.689453 0.580729 0.030469 0.051042
12 0.845313 0.808333 0.060937 0.077083
9 0.267969 0.195833 0.028125 0.068750
12 0.645703 0.750521 0.089844 0.130208
1 0.039453 0.647396 0.050781 0.144792
1 0.169141 0.681771 0.041406 0.134375
7 0.583594 0.525000 0.032813 0.054167
1 0.291016 0.713542 0.039844 0.114583
12 0.517188 0.701042 0.076563 0.133333
12 0.719531 0.768229 0.073438 0.098958
7 0.643359 0.515625 0.033594 0.054167
9 0.894141 0.854167 0.027344 0.085417
10 0.206250 0.910417 0.129688 0.162500
1 0.111328 0.810417 0.022656 0.087500
7 0.108984 0.792188 0.022656 0.030208
7 0.110547 0.829688 0.022656 0.030208
