7 0.989062 0.879687 0.021875 0.053125
7 0.623828 0.961458 0.0289063 0.0479167
1 0.985547 0.905208 0.0289063 0.158333
7 0.626172 0.902083 0.0320312 0.05
13 0.102734 0.814583 0.0664062 0.102083
1 0.869531 0.329688 0.1 0.326042
7 0.809766 0.957292 0.0367187 0.0520833
7 0.810938 0.892187 0.034375 0.0489583
7 0.707812 0.228125 0.0609375 0.104167
1 0.628125 0.920313 0.0484375 0.155208
7 0.868359 0.2875 0.0710938 0.0979167
7 0.712109 0.960417 0.0320312 0.05
7 0.873438 0.413021 0.071875 0.113542
7 0.715625 0.896875 0.0328125 0.05
7 0.892969 0.167708 0.0703125 0.116667
7 0.471484 0.820312 0.0695312 0.105208
7 0.667188 0.340104 0.0671875 0.0947917
7 0.188672 0.389583 0.0554687 0.0875
7 0.305078 0.352604 0.0585938 0.0989583
7 0.433984 0.313542 0.0648438 0.108333
1 0.477734 0.744271 0.111719 0.294792
7 0.484766 0.695833 0.0695312 0.0979167
7 0.660547 0.455729 0.0742188 0.101042
1 0.811719 0.91875 0.0546875 0.1625
1 0.660156 0.377604 0.1 0.311458
1 0.713672 0.920313 0.0507812 0.159375
