6 0.433203 0.391667 0.038281 0.018750
6 0.532031 0.409896 0.040625 0.021875
6 0.871094 0.170833 0.090625 0.077083
6 0.330859 0.370312 0.058594 0.038542
6 0.271875 0.086979 0.037500 0.069792
6 0.338281 0.017708 0.040625 0.033333
6 0.449609 0.045312 0.049219 0.044792
6 0.550391 0.080729 0.060156 0.042708
6 0.463281 0.140104 0.043750 0.055208
6 0.592578 0.183854 0.036719 0.046875
6 0.744141 0.117708 0.071094 0.075000
6 0.757031 0.154167 0.065625 0.033333
6 0.825000 0.457292 0.062500 0.033333
6 0.750781 0.445833 0.057813 0.029167
