1 0.029297 0.666146 0.057031 0.201042
2 0.362500 0.421875 0.146875 0.229167
2 0.223047 0.481250 0.136719 0.181250
2 0.535547 0.349479 0.158594 0.234375
3 0.446875 0.543229 0.110937 0.342708
3 0.289844 0.611458 0.106250 0.335417
3 0.139453 0.643229 0.108594 0.303125
7 0.954297 0.556250 0.042969 0.083333
7 0.130859 0.530208 0.050781 0.087500
7 0.042188 0.621875 0.045312 0.062500
7 0.023047 0.718750 0.044531 0.062500
7 0.168750 0.718750 0.045312 0.062500
7 0.308594 0.678646 0.053125 0.078125
7 0.472656 0.627604 0.053125 0.078125
7 0.589844 0.348438 0.053125 0.078125
7 0.414062 0.413021 0.053125 0.078125
