8 0.065234 0.361458 0.016406 0.118750
8 0.090625 0.365104 0.017188 0.132292
8 0.114062 0.369271 0.017188 0.132292
8 0.164844 0.357292 0.034375 0.129167
8 0.173047 0.371354 0.016406 0.098958
8 0.198828 0.365625 0.019531 0.118750
8 0.225000 0.369792 0.018750 0.110417
8 0.280859 0.361458 0.016406 0.116667
8 0.306641 0.361458 0.019531 0.116667
8 0.332422 0.364583 0.017969 0.129167
9 0.216406 0.161979 0.031250 0.094792
9 0.340625 0.159896 0.031250 0.094792
12 0.065625 0.075000 0.053125 0.122917
12 0.176953 0.067708 0.057031 0.125000
12 0.289453 0.070833 0.057031 0.125000
7 0.146484 0.060937 0.032031 0.042708
7 0.027734 0.067187 0.032031 0.042708
7 0.269141 0.061979 0.032031 0.042708
9 0.542969 0.167708 0.029687 0.100000
8 0.527344 0.396875 0.023438 0.052083
8 0.752734 0.394271 0.017969 0.069792
9 0.804688 0.158854 0.029687 0.103125
