3 0.742969 0.277083 0.0296875 0.0916667
7 0.776172 0.268229 0.0210938 0.0302083
1 0.0839844 0.463021 0.0210938 0.0489583
8 0.23125 0.372917 0.0203125 0.0625
7 0.780859 0.21875 0.0226563 0.0291667
2 0.766016 0.192188 0.0601562 0.0947917
7 0.160156 0.26875 0.028125 0.0416667
1 0.374219 0.463542 0.021875 0.0583333
7 0.375781 0.458854 0.0171875 0.0260417
7 0.780469 0.16875 0.021875 0.03125
9 0.196484 0.160417 0.0320312 0.0833333
13 0.866016 0.380208 0.0226563 0.04375
9 0.101562 0.0369792 0.0453125 0.0739583
1 0.335156 0.463021 0.021875 0.0572917
7 0.296094 0.459375 0.01875 0.0270833
7 0.793359 0.148438 0.0195312 0.0364583
12 0.485547 0.359375 0.0289063 0.04375
9 0.247656 0.2375 0.028125 0.08125
7 0.335156 0.459896 0.0171875 0.0260417
7 0.443359 0.459375 0.0179687 0.0270833
1 0.442187 0.461979 0.0234375 0.0635417
7 0.807422 0.125 0.0179687 0.0375
1 0.294922 0.464063 0.0242187 0.0614583
9 0.276953 0.275 0.0226563 0.0708333
8 0.0378906 0.285417 0.0226563 0.0895833
3 0.765625 0.25625 0.034375 0.09375
7 0.0542969 0.203646 0.0304688 0.0385417
8 0.139453 0.285417 0.0289063 0.139583
9 0.167578 0.125 0.0351562 0.0916667
4 0.786328 0.38125 0.0257812 0.0958333
7 0.0457031 0.143229 0.0351562 0.0447917
7 0.195312 0.0213542 0.0328125 0.0427083
7 0.21875 0.059375 0.03125 0.0666667
4 0.804297 0.375 0.0273438 0.102083
11 0.913672 0.301562 0.171094 0.567708
11 0.680078 0.552083 0.127344 0.208333
