4 0.416797 0.660937 0.032031 0.094792
4 0.390625 0.646875 0.025000 0.100000
6 0.955859 0.306250 0.010156 0.025000
6 0.420312 0.358333 0.012500 0.018750
8 0.642578 0.506771 0.027344 0.182292
8 0.505859 0.521354 0.024219 0.173958
8 0.476953 0.511458 0.025781 0.179167
8 0.607422 0.507812 0.025781 0.165625
8 0.153125 0.595313 0.026562 0.098958
8 0.537500 0.514583 0.023438 0.179167
8 0.791797 0.492188 0.027344 0.190625
8 0.050391 0.592708 0.028906 0.104167
8 0.104297 0.597917 0.024219 0.106250
8 0.026953 0.592187 0.025781 0.101042
8 0.125000 0.594792 0.021875 0.100000
8 0.822656 0.493750 0.028125 0.191667
8 0.755859 0.507292 0.022656 0.172917
8 0.210938 0.590625 0.026562 0.102083
8 0.010156 0.593229 0.018750 0.109375
8 0.675000 0.511979 0.026562 0.161458
8 0.237109 0.590104 0.025781 0.098958
9 0.411328 0.323437 0.014844 0.019792
6 0.528906 0.346354 0.012500 0.019792
6 0.609766 0.339062 0.014844 0.017708
6 0.859375 0.316146 0.015625 0.028125
9 0.947656 0.266146 0.017188 0.028125
2 0.960938 0.459896 0.026562 0.080208
3 0.932031 0.523958 0.025000 0.091667
3 0.860156 0.528125 0.025000 0.091667
10 0.564844 0.716146 0.051562 0.078125
10 0.717187 0.714063 0.051562 0.078125
8 0.262109 0.594271 0.025781 0.098958
9 0.386328 0.326562 0.014844 0.019792
9 0.445703 0.320312 0.014844 0.019792
3 0.392969 0.548958 0.018750 0.072917
2 0.413672 0.498958 0.033594 0.050000
1 0.718750 0.593229 0.018750 0.059375
7 0.719531 0.576042 0.014063 0.020833
7 0.719922 0.606250 0.014844 0.025000
1 0.964063 0.582292 0.021875 0.056250
7 0.962500 0.567187 0.014063 0.021875
7 0.963281 0.597396 0.014063 0.021875
12 0.809375 0.211458 0.056250 0.095833
12 0.677344 0.232292 0.056250 0.095833
12 0.543359 0.246354 0.074219 0.098958
4 0.923438 0.646354 0.032813 0.113542
