1 0.045703 0.444271 0.035156 0.153125
1 0.063281 0.623958 0.026562 0.100000
1 0.795703 0.638542 0.028906 0.093750
1 0.142187 0.445312 0.031250 0.151042
3 0.487109 0.490625 0.039844 0.141667
3 0.302734 0.485938 0.042969 0.153125
3 0.398438 0.490625 0.042188 0.143750
4 0.350391 0.671875 0.049219 0.141667
4 0.407422 0.667708 0.047656 0.145833
4 0.464844 0.668750 0.043750 0.143750
6 0.296875 0.304167 0.015625 0.033333
6 0.075391 0.282813 0.014844 0.036458
6 0.012500 0.278125 0.018750 0.035417
6 0.356250 0.304688 0.020313 0.034375
6 0.133203 0.289583 0.024219 0.047917
6 0.242578 0.288021 0.017969 0.019792
6 0.696484 0.332813 0.017969 0.030208
6 0.741797 0.337500 0.019531 0.031250
7 0.047266 0.335938 0.030469 0.046875
9 0.124609 0.238542 0.019531 0.022917
9 0.025391 0.228646 0.016406 0.030208
9 0.290234 0.254688 0.014844 0.023958
9 0.066406 0.234896 0.015625 0.028125
9 0.347266 0.257812 0.014844 0.021875
9 0.255078 0.251563 0.013281 0.021875
10 0.536328 0.794271 0.094531 0.096875
10 0.741406 0.791667 0.095312 0.104167
10 0.303906 0.799479 0.087500 0.101042
11 0.089844 0.848437 0.178125 0.303125
8 0.823438 0.306771 0.046875 0.267708
8 0.883594 0.309896 0.068750 0.259375
8 0.941406 0.314063 0.067187 0.257292
9 0.742188 0.294792 0.014063 0.027083
9 0.693750 0.290104 0.014063 0.023958
1 0.748437 0.638542 0.035937 0.091667
1 0.536719 0.636979 0.029687 0.098958
1 0.132812 0.621875 0.034375 0.110417
7 0.062500 0.605729 0.018750 0.032292
7 0.061328 0.647396 0.019531 0.030208
7 0.130859 0.646354 0.021094 0.030208
7 0.131641 0.606250 0.019531 0.029167
7 0.041797 0.476042 0.032031 0.043750
7 0.042969 0.414583 0.031250 0.041667
7 0.144141 0.479687 0.035156 0.040625
7 0.144531 0.418229 0.032813 0.036458
7 0.146484 0.340104 0.025781 0.051042
7 0.535937 0.615104 0.021875 0.028125
7 0.535547 0.654687 0.019531 0.030208
7 0.744922 0.616146 0.024219 0.028125
7 0.747266 0.655729 0.022656 0.026042
7 0.795703 0.655208 0.022656 0.029167
7 0.794922 0.618229 0.021094 0.026042
9 0.676953 0.140625 0.046094 0.135417
