7 0.035547 0.015625 0.038281 0.029167
1 0.311719 0.031771 0.031250 0.061458
1 0.439063 0.020833 0.032813 0.039583
1 0.489063 0.019271 0.042188 0.036458
7 0.264453 0.008333 0.022656 0.014583
7 0.351562 0.022396 0.021875 0.036458
1 0.034766 0.027083 0.061719 0.052083
7 0.439453 0.013021 0.021094 0.023958
1 0.346875 0.029167 0.034375 0.056250
9 0.829688 0.222917 0.018750 0.054167
7 0.264062 0.041667 0.021875 0.031250
1 0.262500 0.036979 0.034375 0.071875
11 0.140625 0.304167 0.279687 0.577083
11 0.330859 0.211979 0.122656 0.296875
10 0.760938 0.157812 0.143750 0.155208
10 0.514844 0.172917 0.114062 0.147917
