7 0.989844 0.263542 0.017188 0.058333
7 0.552344 0.240104 0.025000 0.057292
10 0.112500 0.317188 0.223438 0.363542
10 0.849219 0.332813 0.301563 0.311458
11 0.885938 0.687500 0.145313 0.235417
1 0.579297 0.339583 0.036719 0.143750
1 0.378906 0.342708 0.026562 0.150000
7 0.376563 0.309375 0.023438 0.037500
7 0.368750 0.234896 0.028125 0.042708
7 0.699219 0.248438 0.021875 0.042708
11 0.747266 0.789583 0.138281 0.383333
7 0.567187 0.376563 0.017188 0.032292
7 0.565625 0.317708 0.020313 0.037500
12 0.350781 0.500000 0.032813 0.056250
12 0.273828 0.502604 0.027344 0.048958
9 0.198047 0.583333 0.014844 0.058333
9 0.361328 0.580729 0.013281 0.057292
9 0.276562 0.572917 0.018750 0.060417
8 0.182422 0.713542 0.014844 0.054167
8 0.200391 0.713542 0.017969 0.054167
8 0.218359 0.716667 0.014844 0.050000
8 0.278906 0.670833 0.012500 0.047917
8 0.330469 0.713021 0.012500 0.046875
8 0.347656 0.710417 0.010937 0.047917
8 0.363281 0.709896 0.012500 0.038542
