12 0.073047 0.076563 0.097656 0.151042
12 0.200000 0.139583 0.068750 0.137500
12 0.307031 0.219271 0.081250 0.107292
12 0.384375 0.256771 0.042188 0.076042
12 0.444531 0.299479 0.062500 0.080208
12 0.485938 0.326042 0.035937 0.047917
7 0.154297 0.134896 0.046094 0.069792
7 0.288672 0.075521 0.017969 0.026042
7 0.344531 0.076042 0.018750 0.027083
7 0.398828 0.071354 0.021094 0.028125
9 0.521484 0.365104 0.014844 0.063542
9 0.536328 0.367708 0.013281 0.070833
9 0.552344 0.371875 0.018750 0.070833
9 0.584766 0.393229 0.014844 0.059375
9 0.596875 0.396354 0.014063 0.057292
9 0.606250 0.402604 0.012500 0.055208
7 0.154688 0.237500 0.021875 0.029167
7 0.089453 0.210938 0.024219 0.032292
7 0.051562 0.194792 0.026562 0.037500
7 0.009766 0.172396 0.017969 0.034375
