8 0.232031 0.743229 0.0234375 0.0989583
13 0.759766 0.780729 0.0195312 0.0364583
1 0.199219 0.729688 0.021875 0.0697917
7 0.197656 0.744792 0.0171875 0.0208333
7 0.474219 0.755208 0.0140625 0.0208333
7 0.689062 0.784375 0.0140625 0.01875
7 0.145313 0.59375 0.03125 0.0395833
1 0.476172 0.768229 0.0210938 0.065625
10 0.01875 0.838542 0.0375 0.0916667
6 0.506641 0.535937 0.0132813 0.0177083
13 0.766797 0.778125 0.0210938 0.0375
7 0.513672 0.760417 0.0132813 0.01875
7 0.617969 0.648958 0.0140625 0.03125
9 0.596094 0.901563 0.0140625 0.034375
7 0.500391 0.638021 0.0164062 0.0322917
6 0.326172 0.505729 0.0164062 0.0239583
7 0.473437 0.78125 0.015625 0.0208333
7 0.515625 0.536458 0.0125 0.01875
7 0.774219 0.665104 0.0171875 0.0364583
13 0.74375 0.784375 0.01875 0.0354167
12 0.265234 0.463542 0.0523437 0.0875
6 0.214062 0.485417 0.0140625 0.0229167
7 0.617969 0.801042 0.0140625 0.01875
7 0.690234 0.808854 0.0148437 0.0197917
7 0.0242187 0.691667 0.0171875 0.025
7 0.111719 0.546354 0.015625 0.0239583
7 0.511328 0.785937 0.0132813 0.0197917
6 0.542969 0.543229 0.0140625 0.0197917
7 0.675781 0.703646 0.0109375 0.021875
8 0.259375 0.703125 0.0296875 0.139583
6 0.401953 0.520312 0.0148437 0.021875
9 0.342969 0.479167 0.0125 0.0229167
4 0.197266 0.79375 0.0335938 0.0854167
7 0.601172 0.656771 0.0132813 0.028125
7 0.479297 0.61875 0.0148437 0.0270833
9 0.402734 0.490104 0.0117188 0.0239583
8 0.231641 0.695312 0.0289063 0.136458
6 0.469531 0.530208 0.015625 0.0208333
7 0.691797 0.697396 0.0117188 0.0239583
7 0.735156 0.68125 0.0140625 0.0291667
9 0.183594 0.447396 0.0125 0.0260417
9 0.211328 0.453125 0.0117188 0.0229167
13 0.783594 0.776042 0.0234375 0.0416667
7 0.654297 0.804688 0.0132813 0.0197917
9 0.195312 0.570833 0.03125 0.0645833
8 0.348437 0.709375 0.028125 0.141667
7 0.0203125 0.722917 0.01875 0.0270833
8 0.2875 0.705208 0.0296875 0.1375
7 0.660547 0.709375 0.0117188 0.0208333
12 0.369141 0.485417 0.0476562 0.0833333
7 0.753906 0.673437 0.015625 0.0322917
7 0.636328 0.64375 0.0148437 0.0333333
1 0.690234 0.79375 0.0195312 0.0645833
1 0.5125 0.772396 0.01875 0.0635417
7 0.618359 0.774479 0.0132813 0.0197917
1 0.618359 0.785937 0.0179687 0.065625
1 0.021875 0.705208 0.028125 0.08125
7 0.653516 0.779167 0.0132813 0.01875
8 0.166797 0.6875 0.0320312 0.139583
12 0.153516 0.449479 0.0554687 0.0864583
8 0.377734 0.713542 0.0289063 0.1375
8 0.403516 0.71875 0.0273438 0.1375
1 0.654297 0.790104 0.0179687 0.0635417
8 0.108594 0.681771 0.034375 0.140625
8 0.137109 0.683854 0.0335938 0.140625
11 0.466797 0.901563 0.127344 0.194792
10 0.642187 0.89375 0.0640625 0.0729167
