12 0.908594 0.522917 0.039062 0.058333
10 0.849219 0.366146 0.226562 0.251042
10 0.584766 0.466667 0.147656 0.177083
10 0.430859 0.516146 0.100781 0.140625
10 0.334375 0.544792 0.078125 0.116667
10 0.266016 0.567187 0.058594 0.098958
13 0.079297 0.503646 0.016406 0.034375
13 0.042969 0.500521 0.020313 0.036458
13 0.008984 0.496354 0.016406 0.034375
7 0.061328 0.302083 0.016406 0.031250
7 0.111328 0.309896 0.014844 0.030208
7 0.187500 0.158333 0.020313 0.035417
7 0.239063 0.081250 0.020313 0.041667
7 0.314063 0.100521 0.025000 0.038542
7 0.606641 0.293750 0.042969 0.041667
7 0.654297 0.266667 0.036719 0.045833
7 0.847656 0.153125 0.046875 0.054167
7 0.936328 0.105208 0.047656 0.062500
7 0.794141 0.045833 0.057031 0.060417
7 0.713281 0.104167 0.050000 0.062500
7 0.711719 0.026562 0.054688 0.051042
7 0.600000 0.184896 0.048438 0.057292
7 0.602344 0.111458 0.046875 0.054167
7 0.551953 0.155729 0.039844 0.057292
7 0.548438 0.219271 0.039062 0.046875
7 0.503906 0.184896 0.039062 0.046875
7 0.503516 0.251042 0.035156 0.045833
7 0.442188 0.239063 0.031250 0.044792
7 0.439844 0.298438 0.031250 0.040625
7 0.409766 0.266146 0.028906 0.040625
7 0.409375 0.316667 0.029687 0.039583
7 0.380859 0.338542 0.028906 0.031250
7 0.382812 0.287500 0.029687 0.037500
7 0.338672 0.370312 0.027344 0.032292
7 0.341016 0.321875 0.032031 0.029167
7 0.318750 0.338021 0.025000 0.032292
1 0.313672 0.364583 0.036719 0.118750
1 0.337109 0.344271 0.039844 0.130208
1 0.376172 0.314063 0.039844 0.132292
1 0.404297 0.296875 0.044531 0.150000
1 0.436719 0.275521 0.040625 0.161458
1 0.499219 0.216146 0.048438 0.167708
1 0.542578 0.179688 0.050781 0.169792
1 0.592578 0.142708 0.061719 0.193750
1 0.705078 0.080208 0.071094 0.158333
7 0.598047 0.059896 0.033594 0.048958
7 0.621484 0.021875 0.030469 0.037500
7 0.244531 0.180729 0.014063 0.028125
7 0.121094 0.143229 0.023438 0.036458
