7 0.16875 0.13125 0.040625 0.0541667
7 0.432813 0.0802083 0.0875 0.154167
7 0.917578 0.273438 0.0273438 0.053125
7 0.659766 0.0265625 0.0804688 0.053125
6 0.521484 0.407292 0.0226563 0.0229167
7 0.371484 0.0317708 0.0507812 0.0635417
7 0.134766 0.0859375 0.0398437 0.0552083
6 0.476562 0.389583 0.025 0.025
6 0.470313 0.410937 0.021875 0.021875
11 0.707031 0.739062 0.201562 0.246875
6 0.158984 0.291667 0.0210938 0.0270833
7 0.0519531 0.255208 0.0398437 0.05
2 0.0179687 0.182292 0.0359375 0.129167
2 0.078125 0.117188 0.10625 0.163542
3 0.0863281 0.205729 0.0617188 0.159375
7 0.0171875 0.168229 0.03125 0.0447917
6 0.515234 0.426042 0.0242187 0.0229167
2 0.369922 0.0364583 0.0804688 0.0729167
2 0.266797 0.0458333 0.113281 0.0916667
3 0.0410156 0.223958 0.0648438 0.147917
7 0.0953125 0.236979 0.0375 0.0489583
7 0.148047 0.209375 0.0414063 0.05625
3 0.432813 0.08125 0.0921875 0.158333
13 0.202344 0.35 0.04375 0.0729167
10 0.0171875 0.479688 0.034375 0.169792
3 0.253516 0.118229 0.0789063 0.211458
7 0.262109 0.163542 0.0507812 0.0729167
7 0.435937 0.0911458 0.0578125 0.084375
7 0.190625 0.0510417 0.0453125 0.06875
3 0.331641 0.0963542 0.0835937 0.192708
10 0.858594 0.370313 0.282813 0.376042
13 0.138281 0.326562 0.040625 0.0677083
10 0.139453 0.460417 0.158594 0.20625
10 0.394922 0.430729 0.213281 0.267708
2 0.160547 0.078125 0.102344 0.15625
3 0.1375 0.171875 0.06875 0.18125
7 0.341406 0.129688 0.0546875 0.0760417
