2 0.485938 0.410938 0.095312 0.138542
3 0.564844 0.480208 0.054688 0.185417
3 0.878516 0.400521 0.055469 0.182292
3 0.105469 0.591667 0.051562 0.108333
1 0.880078 0.663542 0.041406 0.127083
7 0.895312 0.572917 0.026562 0.058333
7 0.967578 0.563542 0.022656 0.062500
7 0.139844 0.263542 0.034375 0.077083
10 0.086719 0.794271 0.132812 0.163542
10 0.306641 0.788021 0.136719 0.159375
12 0.283594 0.171354 0.096875 0.321875
7 0.562500 0.517188 0.039062 0.057292
7 0.516406 0.387500 0.043750 0.052083
7 0.469531 0.538542 0.046875 0.047917
7 0.373047 0.432812 0.041406 0.044792
7 0.332422 0.568750 0.041406 0.045833
2 0.117578 0.527604 0.061719 0.073958
2 0.066016 0.549479 0.055469 0.059375
7 0.057813 0.625000 0.028125 0.035417
7 0.105859 0.615625 0.035156 0.039583
7 0.016406 0.633854 0.025000 0.030208
7 0.135156 0.513542 0.028125 0.033333
1 0.958984 0.658854 0.036719 0.113542
7 0.961719 0.686458 0.031250 0.041667
7 0.958594 0.633854 0.026562 0.038542
7 0.880859 0.643750 0.024219 0.031250
7 0.882031 0.694271 0.028125 0.044792
7 0.883203 0.451042 0.039844 0.060417
7 0.943750 0.263542 0.048438 0.060417
2 0.930078 0.291146 0.075781 0.126042
6 0.336328 0.662500 0.024219 0.022917
6 0.344922 0.641667 0.028906 0.027083
6 0.365625 0.647396 0.015625 0.019792
6 0.388281 0.655729 0.028125 0.023958
6 0.376172 0.675521 0.022656 0.019792
6 0.409766 0.661458 0.011719 0.018750
10 0.604297 0.771354 0.167969 0.205208
11 0.526172 0.927604 0.124219 0.144792
3 0.453906 0.507292 0.034375 0.162500
2 0.355859 0.445312 0.083594 0.101042
7 0.206250 0.032292 0.037500 0.058333
6 0.261328 0.014583 0.030469 0.027083
7 0.453125 0.127604 0.095312 0.148958
