1 0.583594 0.316146 0.043750 0.167708
1 0.694922 0.308333 0.042969 0.172917
1 0.178516 0.355208 0.044531 0.158333
1 0.810547 0.303646 0.046094 0.184375
1 0.391406 0.332813 0.042188 0.155208
10 0.710547 0.615625 0.194531 0.177083
7 0.583594 0.295312 0.034375 0.048958
7 0.583984 0.364583 0.033594 0.045833
7 0.693359 0.289062 0.035156 0.044792
7 0.696484 0.360417 0.035156 0.047917
7 0.392969 0.310937 0.029687 0.044792
7 0.393750 0.377604 0.031250 0.051042
7 0.808984 0.283854 0.036719 0.048958
7 0.811719 0.351042 0.032813 0.050000
7 0.178516 0.325521 0.035156 0.046875
7 0.178516 0.392708 0.033594 0.047917
12 0.190234 0.676042 0.036719 0.075000
12 0.453516 0.661458 0.036719 0.075000
12 0.887500 0.639583 0.028125 0.068750
4 0.042578 0.189583 0.083594 0.366667
