10 0.162109 0.278125 0.136719 0.152083
10 0.357031 0.210938 0.160938 0.194792
10 0.662891 0.114062 0.227344 0.226042
9 0.670312 0.361979 0.028125 0.067708
9 0.800781 0.343750 0.025000 0.058333
12 0.753125 0.266667 0.056250 0.075000
12 0.831641 0.243750 0.047656 0.081250
1 0.100000 0.067187 0.053125 0.126042
1 0.133984 0.058854 0.050781 0.115625
7 0.178906 0.043750 0.039062 0.047917
7 0.137891 0.072917 0.033594 0.037500
7 0.141406 0.019792 0.034375 0.037500
7 0.101172 0.098437 0.032031 0.042708
7 0.102734 0.043750 0.035156 0.041667
