7 0.371875 0.079687 0.054688 0.096875
7 0.210156 0.030729 0.057813 0.059375
7 0.412500 0.548438 0.037500 0.046875
13 0.021875 0.663021 0.042188 0.138542
7 0.207422 0.435417 0.049219 0.066667
10 0.693750 0.853125 0.353125 0.293750
7 0.714063 0.639583 0.070312 0.102083
7 0.287109 0.710938 0.047656 0.063542
7 0.416016 0.862500 0.046094 0.062500
7 0.745313 0.119792 0.090625 0.125000
1 0.608203 0.340625 0.127344 0.320833
7 0.330469 0.739062 0.053125 0.067708
7 0.519922 0.415104 0.063281 0.084375
7 0.744141 0.244792 0.083594 0.114583
7 0.846484 0.556771 0.097656 0.151042
7 0.279687 0.792188 0.050000 0.063542
1 0.503906 0.458333 0.120313 0.295833
1 0.275000 0.745833 0.082812 0.208333
7 0.610547 0.405729 0.078906 0.098958
7 0.334766 0.652083 0.052344 0.064583
13 0.126953 0.705729 0.074219 0.117708
7 0.394531 0.580729 0.056250 0.069792
7 0.511719 0.522917 0.068750 0.085417
7 0.617578 0.288021 0.075781 0.101042
7 0.384766 0.675521 0.060156 0.076042
1 0.739453 0.170833 0.133594 0.339583
1 0.376172 0.626042 0.103906 0.252083
1 0.322656 0.692708 0.092188 0.231250
7 0.095703 0.388021 0.057031 0.084375
