1 0.639844 0.115625 0.057813 0.172917
1 0.529687 0.175000 0.051562 0.179167
1 0.468359 0.208333 0.050781 0.158333
1 0.721094 0.080729 0.060937 0.159375
1 0.319922 0.302604 0.039844 0.140625
1 0.357812 0.271875 0.048438 0.152083
1 0.430859 0.230729 0.049219 0.138542
7 0.323047 0.334375 0.028906 0.037500
7 0.641016 0.154167 0.046094 0.068750
7 0.355859 0.317188 0.033594 0.038542
7 0.471484 0.249479 0.035156 0.040625
7 0.358203 0.263021 0.033594 0.042708
7 0.323437 0.281771 0.026562 0.040625
7 0.646484 0.079167 0.046094 0.070833
7 0.424609 0.275521 0.036719 0.040625
7 0.475781 0.187500 0.035937 0.041667
7 0.426563 0.215625 0.034375 0.045833
7 0.290625 0.352083 0.025000 0.039583
7 0.528906 0.152083 0.039062 0.041667
7 0.289844 0.300521 0.025000 0.040625
7 0.725781 0.107292 0.050000 0.068750
7 0.725781 0.031250 0.046875 0.058333
7 0.822656 0.054688 0.059375 0.071875
7 0.139844 0.095312 0.023438 0.051042
7 0.066016 0.079687 0.024219 0.063542
7 0.215625 0.112500 0.021875 0.060417
7 0.361719 0.208854 0.023438 0.048958
9 0.826562 0.577083 0.014063 0.039583
10 0.512891 0.471875 0.146094 0.177083
10 0.337109 0.510417 0.128906 0.154167
10 0.778906 0.420833 0.225000 0.208333
13 0.112500 0.279167 0.043750 0.091667
13 0.189062 0.297917 0.039062 0.085417
13 0.040625 0.271875 0.046875 0.095833
7 0.525391 0.050000 0.028906 0.047917
12 0.903906 0.492188 0.051562 0.082292
