6 0.201953 0.206771 0.0226563 0.0322917
7 0.034375 0.478646 0.0203125 0.0385417
1 0.794141 0.478646 0.0382813 0.071875
7 0.382812 0.796354 0.021875 0.0385417
6 0.632812 0.06875 0.03125 0.0395833
7 0.0785156 0.494792 0.0179687 0.0333333
6 0.340234 0.169271 0.0335938 0.046875
12 0.826953 0.80625 0.0289063 0.0583333
7 0.112891 0.638021 0.0257812 0.0322917
7 0.360156 0.625521 0.028125 0.0385417
7 0.992969 0.452083 0.0140625 0.04375
6 0.704297 0.0515625 0.0304688 0.0510417
7 0.00585938 0.356771 0.0117188 0.0385417
6 0.561719 0.09375 0.0265625 0.0479167
6 0.447266 0.130729 0.0257812 0.0447917
9 0.808594 0.813021 0.0203125 0.0635417
1 0.0953125 0.56875 0.04375 0.1125
1 0.0484375 0.571354 0.04375 0.111458
7 0.298047 0.401563 0.0257812 0.046875
7 0.99375 0.520312 0.0125 0.0510417
10 0.301562 0.767708 0.135937 0.14375
7 0.0488281 0.595833 0.0273438 0.0333333
7 0.473828 0.561458 0.0289063 0.0416667
1 0.475 0.528125 0.046875 0.139583
1 0.989453 0.481771 0.0210938 0.167708
1 0.548828 0.521875 0.0445312 0.139583
7 0.339063 0.226562 0.034375 0.059375
12 0.757422 0.809375 0.0257812 0.0645833
6 0.391406 0.151562 0.03125 0.046875
10 0.903516 0.770833 0.172656 0.177083
7 0.513281 0.360938 0.0265625 0.0447917
6 0.160938 0.223438 0.028125 0.0385417
7 0.101562 0.548437 0.0265625 0.034375
7 0.276563 0.181771 0.0375 0.0697917
7 0.128125 0.431771 0.0234375 0.0427083
7 0.148438 0.541146 0.0265625 0.0322917
7 0.394922 0.269792 0.0304688 0.0541667
7 0.379687 0.452083 0.0234375 0.04375
7 0.0558594 0.552604 0.0273438 0.034375
7 0.173438 0.455729 0.021875 0.0427083
7 0.549219 0.553646 0.0296875 0.040625
9 0.988281 0.826042 0.0234375 0.0791667
7 0.340625 0.426042 0.025 0.0458333
7 0.240234 0.530208 0.0289063 0.0354167
7 0.176563 0.322917 0.028125 0.0520833
7 0.297656 0.525521 0.0296875 0.0364583
7 0.582812 0.421875 0.028125 0.0479167
7 0.359766 0.517708 0.0289063 0.0375
7 0.554688 0.393229 0.0234375 0.0427083
7 0.552734 0.497396 0.0304688 0.040625
7 0.895703 0.460938 0.0351562 0.0489583
1 0.792578 0.496875 0.0476562 0.158333
7 0.89375 0.53125 0.0359375 0.05
7 0.478125 0.505729 0.0296875 0.040625
10 0.0972656 0.761458 0.113281 0.122917
7 0.0953125 0.591667 0.0265625 0.0333333
7 0.142578 0.586979 0.0273438 0.034375
7 0.0570313 0.251563 0.03125 0.059375
7 0.632422 0.489583 0.0304688 0.04375
7 0.794531 0.471875 0.0328125 0.0458333
7 0.592578 0.0833333 0.0414063 0.08125
7 0.354688 0.570833 0.0296875 0.0395833
1 0.355859 0.541667 0.0492188 0.135417
1 0.29375 0.547917 0.0484375 0.129167
7 0.235156 0.579687 0.028125 0.0364583
7 0.63125 0.549479 0.0328125 0.0447917
1 0.142969 0.560938 0.04375 0.115625
1 0.63125 0.514583 0.046875 0.145833
7 0.292969 0.576042 0.0296875 0.0375
7 0.792188 0.5375 0.034375 0.0458333
1 0.235156 0.552083 0.046875 0.127083
7 0.119141 0.286979 0.0273438 0.053125
1 0.89375 0.4875 0.05 0.170833
10 0.558594 0.770833 0.151562 0.16875
