10 0.836719 0.697917 0.271875 0.295833
10 0.449219 0.781250 0.178125 0.225000
10 0.229687 0.814583 0.126562 0.177083
10 0.087109 0.838542 0.103906 0.129167
9 0.410156 0.913542 0.015625 0.054167
12 0.546875 0.851042 0.032813 0.064583
7 0.921094 0.227083 0.068750 0.093750
7 0.916406 0.114583 0.067187 0.083333
7 0.775781 0.302604 0.060937 0.078125
7 0.658203 0.361979 0.050781 0.065625
7 0.487500 0.442708 0.046875 0.068750
7 0.493359 0.359896 0.047656 0.059375
7 0.657422 0.269792 0.055469 0.068750
7 0.777734 0.198958 0.063281 0.077083
7 0.789062 0.446875 0.051562 0.066667
7 0.914062 0.397396 0.057813 0.065625
7 0.413281 0.482812 0.043750 0.055208
7 0.416016 0.404167 0.042969 0.052083
7 0.355078 0.445833 0.042969 0.052083
7 0.348047 0.509896 0.041406 0.048958
7 0.253516 0.566146 0.038281 0.046875
7 0.257422 0.501042 0.038281 0.047917
7 0.211719 0.526042 0.039062 0.045833
7 0.209375 0.588021 0.034375 0.046875
7 0.167578 0.606771 0.033594 0.044792
7 0.173437 0.549479 0.035937 0.051042
7 0.111328 0.582292 0.030469 0.041667
7 0.106250 0.635938 0.029687 0.038542
7 0.081250 0.603646 0.028125 0.042708
7 0.076953 0.651042 0.028906 0.035417
7 0.049219 0.667188 0.031250 0.040625
7 0.051172 0.614583 0.030469 0.037500
7 0.027734 0.595833 0.024219 0.043750
7 0.291797 0.397396 0.032031 0.055208
7 0.269531 0.128125 0.042188 0.056250
7 0.171094 0.087500 0.035937 0.089583
7 0.057031 0.045312 0.048438 0.080208
7 0.036328 0.073438 0.036719 0.059375
7 0.015234 0.114062 0.028906 0.063542
7 0.012891 0.302083 0.024219 0.062500
1 0.255469 0.524479 0.060937 0.178125
1 0.207422 0.554688 0.050781 0.163542
1 0.167187 0.572396 0.053125 0.161458
1 0.105078 0.606250 0.050781 0.147917
1 0.075000 0.631250 0.040625 0.152083
1 0.046484 0.641667 0.042969 0.147917
1 0.342969 0.477083 0.068750 0.185417
1 0.407031 0.439583 0.067187 0.187500
1 0.482031 0.395313 0.076563 0.192708
1 0.648828 0.297396 0.075781 0.226042
1 0.769141 0.234375 0.078906 0.260417
1 0.908203 0.159375 0.091406 0.277083
7 0.540625 0.308854 0.031250 0.057292
6 0.298438 0.115625 0.031250 0.043750
6 0.339453 0.076042 0.032031 0.039583
