4 0.096094 0.566146 0.145313 0.403125
4 0.217969 0.594792 0.140625 0.389583
11 0.787500 0.846354 0.234375 0.307292
1 0.283984 0.931250 0.058594 0.104167
3 0.323828 0.146354 0.128906 0.290625
5 0.526172 0.275521 0.113281 0.255208
5 0.626953 0.334375 0.103906 0.252083
5 0.706250 0.389062 0.085938 0.217708
1 0.817578 0.461458 0.111719 0.197917
1 0.873047 0.482812 0.105469 0.176042
1 0.917969 0.507292 0.106250 0.166667
1 0.660547 0.677604 0.072656 0.169792
7 0.673828 0.723958 0.050781 0.060417
7 0.662500 0.640104 0.046875 0.057292
7 0.513672 0.322917 0.057031 0.083333
7 0.502734 0.225000 0.049219 0.070833
7 0.595703 0.294271 0.050781 0.073958
7 0.607422 0.379167 0.053906 0.077083
7 0.686328 0.428646 0.050781 0.061458
7 0.673438 0.345313 0.053125 0.076042
7 0.784375 0.417187 0.050000 0.061458
7 0.793750 0.488021 0.057813 0.065625
7 0.848047 0.517188 0.044531 0.053125
7 0.894141 0.544271 0.041406 0.055208
7 0.775000 0.368229 0.043750 0.065625
7 0.824609 0.402083 0.035156 0.062500
7 0.434766 0.116146 0.057031 0.090625
7 0.296094 0.203125 0.067187 0.100000
7 0.292578 0.085417 0.064844 0.097917
7 0.131641 0.105208 0.067969 0.116667
