1 0.594141 0.466667 0.078906 0.233333
1 0.699609 0.420312 0.083594 0.221875
1 0.819531 0.353125 0.090625 0.241667
1 0.508203 0.735938 0.067969 0.201042
1 0.876172 0.813542 0.039844 0.147917
1 0.949219 0.802083 0.037500 0.139583
7 0.830469 0.309896 0.059375 0.078125
7 0.603516 0.431771 0.042969 0.067708
7 0.505859 0.793750 0.057031 0.064583
7 0.706250 0.380208 0.059375 0.070833
7 0.830078 0.418229 0.060156 0.076042
7 0.446484 0.454688 0.044531 0.088542
7 0.511719 0.414062 0.046875 0.086458
7 0.657422 0.326042 0.050781 0.089583
7 0.756250 0.260937 0.053125 0.096875
7 0.390234 0.491667 0.041406 0.079167
7 0.878125 0.183333 0.059375 0.097917
7 0.508984 0.703125 0.057031 0.064583
11 0.512891 0.853125 0.447656 0.293750
7 0.876953 0.790625 0.024219 0.037500
7 0.878516 0.842708 0.024219 0.037500
7 0.948047 0.829167 0.024219 0.037500
7 0.947266 0.776042 0.024219 0.037500
1 0.762891 0.832812 0.028906 0.126042
7 0.767188 0.809896 0.023438 0.034375
7 0.767969 0.857812 0.023438 0.034375
7 0.973437 0.696354 0.020313 0.059375
7 0.910547 0.639583 0.024219 0.039583
7 0.956641 0.664583 0.024219 0.039583
7 0.702344 0.475000 0.059375 0.070833
7 0.599609 0.518229 0.047656 0.055208
