10 0.823438 0.540625 0.254688 0.256250
10 0.526563 0.597917 0.157812 0.183333
10 0.348828 0.624479 0.114844 0.136458
12 0.977734 0.652083 0.044531 0.106250
13 0.037891 0.319271 0.041406 0.094792
13 0.119141 0.347917 0.042969 0.097917
13 0.201172 0.372396 0.039844 0.088542
7 0.937500 0.232813 0.048438 0.063542
7 0.825391 0.283854 0.044531 0.059375
7 0.684766 0.200521 0.047656 0.067708
7 0.691797 0.113542 0.044531 0.064583
7 0.783984 0.141146 0.055469 0.071875
7 0.791016 0.044271 0.055469 0.067708
7 0.903906 0.070312 0.060937 0.076042
7 0.557031 0.283854 0.040625 0.048958
7 0.559375 0.203646 0.040625 0.046875
7 0.500000 0.247396 0.034375 0.046875
7 0.494531 0.319271 0.037500 0.046875
7 0.449219 0.281250 0.032813 0.050000
7 0.446094 0.351042 0.035937 0.043750
7 0.301953 0.434896 0.027344 0.038542
7 0.308203 0.380208 0.024219 0.041667
7 0.336719 0.412500 0.028125 0.041667
7 0.370703 0.395313 0.030469 0.042708
7 0.376563 0.333333 0.031250 0.039583
7 0.340625 0.358854 0.029687 0.036458
1 0.299609 0.405729 0.041406 0.123958
1 0.333203 0.387500 0.047656 0.141667
1 0.368359 0.360938 0.053906 0.148958
1 0.439844 0.312500 0.064062 0.154167
1 0.491406 0.276042 0.062500 0.170833
1 0.549219 0.236458 0.064062 0.181250
1 0.680078 0.149479 0.074219 0.217708
1 0.781641 0.101042 0.083594 0.200000
1 0.896875 0.065104 0.089063 0.128125
7 0.578125 0.118750 0.028125 0.056250
7 0.358984 0.034375 0.032031 0.056250
7 0.078516 0.123438 0.028906 0.046875
7 0.162500 0.151042 0.025000 0.041667
7 0.243750 0.174479 0.026562 0.051042
9 0.900000 0.732812 0.025000 0.069792
