6 0.468359 0.323958 0.0351562 0.0333333
7 0.552344 0.465104 0.028125 0.0364583
7 0.968359 0.601042 0.0195312 0.0395833
7 0.777344 0.23125 0.05 0.0666667
6 0.464844 0.334896 0.021875 0.021875
7 0.630469 0.389062 0.034375 0.046875
7 0.309375 0.575521 0.0125 0.0197917
7 0.603125 0.485938 0.034375 0.0427083
7 0.535547 0.579167 0.0289063 0.0354167
6 0.541406 0.134896 0.025 0.0322917
10 0.972656 0.555208 0.0546875 0.379167
1 0.536719 0.479167 0.0578125 0.116667
7 0.396094 0.552083 0.015625 0.0229167
1 0.617578 0.429688 0.0570313 0.157292
7 0.746094 0.551042 0.015625 0.03125
7 0.436719 0.447396 0.0203125 0.0302083
1 0.571094 0.478646 0.0484375 0.142708
2 0.860547 0.040625 0.160156 0.08125
3 0.660156 0.392188 0.0640625 0.173958
7 0.307422 0.535937 0.0148437 0.0239583
12 0.0699219 0.616146 0.0554687 0.0760417
7 0.596094 0.0614583 0.0359375 0.05625
7 0.485547 0.0354167 0.0414063 0.0645833
10 0.434375 0.794271 0.0328125 0.0822917
7 0.313281 0.4875 0.0171875 0.0291667
6 0.494922 0.252083 0.0226563 0.0270833
12 0.121484 0.692187 0.0492188 0.0572917
7 0.331641 0.339063 0.0242187 0.034375
7 0.351953 0.541146 0.0148437 0.0239583
7 0.669922 0.435417 0.0445312 0.05625
7 0.401953 0.351562 0.0257812 0.040625
7 0.364062 0.497396 0.0171875 0.0260417
6 0.503516 0.223958 0.0210938 0.0229167
7 0.258984 0.734375 0.0164062 0.0270833
2 0.689062 0.231771 0.101562 0.163542
7 0.379297 0.4375 0.0195312 0.03125
6 0.572656 0.0546875 0.0296875 0.0385417
12 0.0941406 0.649479 0.0523437 0.0635417
7 0.271094 0.730208 0.0171875 0.0270833
8 0.230859 0.780208 0.0226563 0.0791667
7 0.373047 0.0208333 0.0398437 0.0416667
9 0.301562 0.772396 0.021875 0.0510417
2 0.754297 0.150521 0.132031 0.178125
7 0.789062 0.128646 0.0578125 0.071875
1 0.590234 0.451042 0.0554687 0.160417
3 0.688281 0.35625 0.071875 0.19375
7 0.759375 0.3375 0.0578125 0.06875
7 0.320312 0.425521 0.021875 0.0322917
12 0.0539063 0.594271 0.065625 0.090625
7 0.869922 0.214583 0.0679687 0.0854167
7 0.708984 0.389583 0.0507812 0.0604167
3 0.744531 0.285417 0.0796875 0.202083
7 0.962109 0.1125 0.0726563 0.0916667
3 0.94375 0.0932292 0.109375 0.184375
10 0.457031 0.788021 0.0375 0.090625
3 0.856641 0.149479 0.107031 0.269792
10 0.541406 0.755208 0.059375 0.135417
10 0.491797 0.773958 0.0429688 0.108333
10 0.619922 0.725 0.0929687 0.19375
10 0.771094 0.657812 0.151562 0.267708
