6 0.130469 0.929167 0.0203125 0.0229167
9 0.339453 0.170833 0.0273438 0.0625
3 0.928516 0.876042 0.0445312 0.15
6 0.296094 0.945312 0.0203125 0.021875
7 0.732813 0.892708 0.0234375 0.03125
7 0.283203 0.91875 0.0117188 0.01875
1 0.808203 0.905208 0.0429688 0.13125
9 0.296875 0.204688 0.028125 0.0635417
6 0.272266 0.9375 0.0179687 0.0208333
7 0.651563 0.734896 0.0453125 0.065625
6 0.289844 0.963021 0.01875 0.021875
5 0.810938 0.905729 0.0453125 0.134375
6 0.339844 0.955729 0.021875 0.0239583
6 0.255859 0.936458 0.0164062 0.0208333
7 0.586328 0.602083 0.0429688 0.0604167
7 0.263281 0.721875 0.0328125 0.0458333
3 0.107813 0.872917 0.05 0.14375
7 0.417969 0.664062 0.040625 0.053125
7 0.110156 0.901042 0.034375 0.05
6 0.90625 0.772917 0.0234375 0.0270833
7 0.814453 0.511979 0.0507812 0.0677083
2 0.0269531 0.842708 0.0539063 0.14375
9 0.572656 0.0255208 0.034375 0.0510417
7 0.543359 0.769792 0.0460938 0.0625
12 0.0804688 0.542708 0.15625 0.266667
10 0.717188 0.944792 0.223438 0.110417
6 0.404687 0.141667 0.0390625 0.05
7 0.771484 0.697917 0.0492188 0.0666667
3 0.291797 0.802604 0.0585938 0.163542
7 0.227344 0.861979 0.0375 0.053125
7 0.298438 0.844271 0.0359375 0.0552083
2 0.128125 0.791667 0.0671875 0.127083
7 0.335547 0.694792 0.0367187 0.0520833
7 0.742188 0.945833 0.025 0.0375
7 0.0320312 0.813542 0.0359375 0.0479167
3 0.534375 0.727083 0.0609375 0.195833
6 0.333984 0.193229 0.0414063 0.0489583
7 0.382031 0.822396 0.046875 0.0635417
7 0.749219 0.827604 0.025 0.0510417
7 0.254297 0.226562 0.0445312 0.0697917
7 0.144141 0.770833 0.0335938 0.0458333
2 0.805078 0.540104 0.0945313 0.226042
6 0.539062 0.0447917 0.05 0.05625
3 0.216797 0.823958 0.0570313 0.160417
7 0.692969 0.554167 0.05 0.0645833
6 0.0636719 0.379687 0.0414063 0.0447917
2 0.395703 0.688542 0.0882813 0.164583
7 0.686328 0.844271 0.0242187 0.046875
6 0.163281 0.308854 0.04375 0.0447917
3 0.370313 0.778125 0.065625 0.1875
6 0.112891 0.341667 0.0414063 0.0458333
1 0.735547 0.918229 0.0367187 0.119792
7 0.817187 0.809896 0.0296875 0.053125
3 0.758594 0.653125 0.0796875 0.225
2 0.239844 0.746354 0.0828125 0.146875
2 0.567969 0.61875 0.0875 0.172917
2 0.677344 0.585417 0.0921875 0.191667
2 0.313672 0.715104 0.0898438 0.165625
3 0.639844 0.6875 0.0671875 0.20625
