10 0.888672 0.279167 0.116406 0.239583
10 0.784766 0.377083 0.052344 0.177083
9 0.535937 0.514062 0.018750 0.051042
8 0.478125 0.530729 0.014063 0.065625
12 0.086328 0.259896 0.107031 0.109375
12 0.161719 0.315625 0.075000 0.104167
12 0.209375 0.338542 0.065625 0.093750
12 0.308984 0.419792 0.050781 0.070833
12 0.356250 0.452604 0.048438 0.048958
7 0.489453 0.060417 0.022656 0.052083
7 0.558594 0.061458 0.023438 0.050000
7 0.558984 0.149479 0.021094 0.042708
7 0.618750 0.146354 0.018750 0.036458
7 0.514844 0.269271 0.012500 0.030208
7 0.508594 0.218750 0.015625 0.037500
