1 0.395703 0.921354 0.053906 0.148958
1 0.792578 0.930208 0.036719 0.139583
1 0.893359 0.932292 0.039844 0.135417
1 0.985938 0.936979 0.028125 0.126042
1 0.099219 0.919792 0.057813 0.131250
2 0.056641 0.217708 0.111719 0.225000
7 0.817578 0.480208 0.036719 0.081250
7 0.296094 0.461979 0.037500 0.078125
7 0.352344 0.454167 0.043750 0.068750
7 0.094922 0.897396 0.030469 0.042708
7 0.090234 0.963021 0.030469 0.042708
7 0.394141 0.904687 0.032031 0.044792
7 0.394141 0.969271 0.032031 0.044792
7 0.498828 0.908854 0.032031 0.044792
7 0.500391 0.973437 0.032031 0.044792
1 0.496484 0.929167 0.041406 0.141667
1 0.598047 0.929167 0.041406 0.141667
7 0.605859 0.911979 0.032031 0.044792
7 0.605078 0.977604 0.032031 0.044792
7 0.790234 0.918229 0.028906 0.044792
7 0.793750 0.981250 0.029687 0.037500
7 0.896875 0.981250 0.029687 0.037500
7 0.890625 0.919271 0.032813 0.044792
7 0.986328 0.920833 0.027344 0.035417
7 0.990625 0.984375 0.018750 0.031250
7 0.969531 0.749479 0.029687 0.048958
7 0.932422 0.784896 0.022656 0.042708
7 0.750000 0.461979 0.034375 0.069792
6 0.889844 0.467708 0.034375 0.050000
7 0.671484 0.533854 0.027344 0.042708
7 0.648047 0.597396 0.027344 0.042708
7 0.694531 0.469792 0.029687 0.045833
