1 0.297656 0.530729 0.060937 0.165625
1 0.328125 0.583333 0.062500 0.170833
1 0.360156 0.627604 0.054688 0.159375
1 0.396484 0.686458 0.039844 0.125000
4 0.339844 0.898438 0.035937 0.136458
4 0.355859 0.912500 0.032031 0.129167
7 0.389453 0.717187 0.024219 0.034375
7 0.313672 0.623437 0.039844 0.040625
7 0.348828 0.664062 0.032031 0.040625
7 0.318750 0.554167 0.034375 0.035417
7 0.354297 0.593750 0.028906 0.033333
7 0.247656 0.389062 0.040625 0.071875
11 0.058984 0.875000 0.116406 0.250000
13 0.802344 0.955729 0.025000 0.048958
13 0.762500 0.955208 0.023438 0.047917
4 0.375000 0.918229 0.026562 0.130208
7 0.742188 0.385417 0.028125 0.058333
7 0.839063 0.383333 0.028125 0.058333
7 0.945703 0.380208 0.030469 0.054167
13 0.728125 0.955208 0.023438 0.047917
7 0.803906 0.628125 0.021875 0.043750
7 0.737500 0.622917 0.021875 0.043750
7 0.870313 0.626042 0.021875 0.043750
7 0.817187 0.511458 0.014063 0.039583
