1 0.128906 0.891667 0.048438 0.152083
1 0.277344 0.940104 0.045312 0.119792
1 0.033203 0.866667 0.049219 0.160417
2 0.558594 0.327083 0.117188 0.277083
2 0.704297 0.433333 0.116406 0.264583
3 0.744141 0.614583 0.086719 0.229167
3 0.475781 0.425521 0.085938 0.278125
3 0.624609 0.536979 0.083594 0.263542
4 0.556641 0.879167 0.132031 0.241667
4 0.449609 0.856250 0.144531 0.287500
7 0.022656 0.303125 0.032813 0.083333
7 0.091797 0.350521 0.033594 0.084375
7 0.923438 0.637500 0.042188 0.047917
7 0.439844 0.246875 0.056250 0.068750
4 0.648438 0.897396 0.123438 0.205208
7 0.717969 0.683854 0.035937 0.078125
7 0.584375 0.600521 0.035937 0.080208
7 0.428516 0.504687 0.044531 0.084375
7 0.524609 0.317708 0.049219 0.068750
7 0.125000 0.934896 0.035937 0.051042
7 0.132031 0.866667 0.034375 0.045833
7 0.032031 0.830208 0.040625 0.047917
7 0.024609 0.900000 0.033594 0.058333
7 0.280078 0.926042 0.032031 0.043750
7 0.358984 0.957292 0.032031 0.041667
6 0.156250 0.407813 0.039062 0.040625
7 0.897266 0.973958 0.019531 0.039583
7 0.951953 0.953125 0.019531 0.039583
