7 0.018359 0.644271 0.035156 0.048958
7 0.192969 0.714063 0.035937 0.046875
7 0.189844 0.785937 0.045312 0.048958
7 0.275781 0.741146 0.029687 0.044792
7 0.275000 0.809896 0.031250 0.042708
7 0.353906 0.768750 0.032813 0.045833
7 0.351562 0.833333 0.035937 0.047917
7 0.467187 0.816667 0.031250 0.037500
7 0.468750 0.873958 0.031250 0.041667
7 0.524219 0.835417 0.032813 0.043750
7 0.526953 0.887500 0.033594 0.039583
7 0.576172 0.854688 0.030469 0.042708
7 0.579688 0.908333 0.034375 0.039583
7 0.655078 0.882812 0.030469 0.034375
7 0.662891 0.932813 0.030469 0.036458
7 0.694922 0.900521 0.024219 0.034375
7 0.700000 0.948958 0.028125 0.037500
7 0.735547 0.915104 0.027344 0.028125
7 0.738281 0.961979 0.018750 0.032292
7 0.791797 0.938021 0.021094 0.030208
7 0.796094 0.983333 0.025000 0.027083
7 0.824609 0.946875 0.022656 0.029167
7 0.828125 0.987500 0.025000 0.025000
1 0.860938 0.959896 0.028125 0.080208
1 0.828516 0.956771 0.033594 0.086458
1 0.799609 0.947917 0.042969 0.104167
1 0.742578 0.938021 0.033594 0.119792
1 0.702734 0.925521 0.033594 0.136458
1 0.664453 0.909375 0.035156 0.135417
1 0.583594 0.878646 0.039062 0.134375
1 0.526563 0.858333 0.045312 0.143750
1 0.472266 0.842187 0.049219 0.146875
1 0.355859 0.798438 0.047656 0.148958
1 0.278516 0.775521 0.049219 0.161458
1 0.190234 0.744792 0.057031 0.160417
1 0.023828 0.679688 0.046094 0.182292
7 0.244922 0.650000 0.035156 0.070833
7 0.337500 0.241146 0.045312 0.082292
7 0.620313 0.460417 0.031250 0.060417
7 0.655078 0.648438 0.025781 0.055208
7 0.725391 0.619792 0.030469 0.054167
7 0.799219 0.595833 0.025000 0.058333
7 0.652344 0.775521 0.026562 0.055208
7 0.774609 0.706250 0.027344 0.045833
7 0.834375 0.686458 0.023438 0.037500
7 0.887109 0.776042 0.021094 0.037500
