6 0.570312 0.519271 0.045312 0.059375
6 0.793750 0.561458 0.040625 0.079167
7 0.378516 0.569271 0.052344 0.078125
9 0.715625 0.538542 0.037500 0.081250
9 0.393359 0.462500 0.038281 0.081250
9 0.536328 0.491146 0.035156 0.080208
9 0.483984 0.485417 0.036719 0.081250
9 0.783594 0.542708 0.034375 0.077083
9 0.832422 0.555729 0.032031 0.078125
6 0.863281 0.589063 0.028125 0.034375
7 0.826562 0.660937 0.045312 0.051042
6 0.714063 0.557292 0.040625 0.039583
6 0.477734 0.508854 0.033594 0.042708
6 0.383594 0.489583 0.037500 0.045833
7 0.203125 0.858854 0.031250 0.042708
7 0.308984 0.873958 0.027344 0.033333
7 0.185547 0.908333 0.028906 0.037500
7 0.170703 0.948958 0.028906 0.037500
6 0.985156 0.609375 0.029687 0.045833
