6 0.128125 0.889062 0.023438 0.026042
7 0.594922 0.709375 0.049219 0.066667
7 0.716797 0.642188 0.053906 0.067708
12 0.731641 0.186458 0.196094 0.262500
7 0.858594 0.521354 0.081250 0.096875
8 0.753516 0.825000 0.044531 0.260417
7 0.483203 0.313542 0.053906 0.083333
8 0.865625 0.781771 0.054688 0.278125
8 0.786719 0.818750 0.048438 0.268750
7 0.612109 0.185417 0.060156 0.087500
6 0.027734 0.870833 0.021094 0.031250
7 0.378125 0.411458 0.056250 0.104167
9 0.375000 0.604688 0.057813 0.144792
12 0.475391 0.415625 0.155469 0.179167
9 0.767188 0.271875 0.103125 0.252083
12 0.590234 0.304688 0.167969 0.205208
9 0.604297 0.415104 0.066406 0.192708
8 0.716016 0.826042 0.044531 0.260417
8 0.650391 0.858854 0.028906 0.251042
8 0.623828 0.869271 0.028906 0.251042
8 0.598047 0.867188 0.028906 0.251042
8 0.558984 0.811458 0.063281 0.350000
7 0.412500 0.785417 0.068750 0.075000
