7 0.781641 0.440625 0.071094 0.122917
7 0.155469 0.891146 0.023438 0.036458
7 0.723437 0.956771 0.040625 0.063542
7 0.956641 0.390104 0.075781 0.134375
6 0.519141 0.889062 0.032031 0.032292
7 0.762109 0.736458 0.030469 0.054167
7 0.130078 0.529687 0.064844 0.078125
1 0.853516 0.209375 0.117969 0.341667
7 0.326172 0.294271 0.047656 0.071875
7 0.011328 0.858333 0.021094 0.041667
7 0.257422 0.492188 0.061719 0.080208
1 0.124609 0.477083 0.096094 0.227083
1 0.374219 0.386458 0.084375 0.258333
7 0.386328 0.439583 0.060156 0.087500
7 0.342969 0.245312 0.039062 0.057292
10 0.303125 0.830208 0.271875 0.308333
7 0.186719 0.827604 0.025000 0.048958
2 0.301953 0.311458 0.110156 0.239583
10 0.892969 0.723958 0.212500 0.395833
1 0.657813 0.276042 0.082812 0.302083
7 0.678125 0.748437 0.026562 0.053125
7 0.866797 0.289583 0.077344 0.110417
1 0.242188 0.431250 0.084375 0.235417
7 0.205469 0.344271 0.054688 0.071875
7 0.935937 0.052604 0.079687 0.103125
0 0.438672 0.255208 0.121094 0.241667
7 0.669141 0.355729 0.064844 0.098958
7 0.744531 0.124479 0.068750 0.098958
1 0.742578 0.836458 0.049219 0.164583
0 0.729297 0.142708 0.116406 0.272917
1 0.657422 0.845313 0.042969 0.153125
7 0.462891 0.237500 0.060156 0.089583
0 0.175781 0.365104 0.123438 0.215625
0 0.923047 0.110417 0.125781 0.218750
7 0.805469 0.954688 0.040625 0.063542
