7 0.323828 0.923438 0.067969 0.109375
7 0.811328 0.956250 0.050781 0.070833
1 0.854688 0.953646 0.078125 0.092708
1 0.675391 0.936979 0.088281 0.126042
7 0.082422 0.963021 0.107031 0.073958
1 0.326172 0.896354 0.078906 0.207292
7 0.669922 0.968750 0.063281 0.062500
7 0.629297 0.431250 0.047656 0.075000
1 0.087891 0.869271 0.128906 0.255208
7 0.803906 0.043750 0.082812 0.085417
7 0.448047 0.379688 0.049219 0.092708
7 0.707812 0.254688 0.054688 0.078125
7 0.510547 0.189583 0.063281 0.104167
7 0.100000 0.849479 0.081250 0.136458
7 0.880859 0.868750 0.050781 0.070833
