7 0.061328 0.107292 0.021094 0.031250
7 0.061719 0.148438 0.021875 0.032292
3 0.730469 0.108333 0.023438 0.100000
1 0.584766 0.192188 0.022656 0.078125
1 0.401562 0.203646 0.020313 0.076042
7 0.399219 0.186458 0.015625 0.029167
3 0.215625 0.143750 0.028125 0.108333
8 0.191406 0.140625 0.032813 0.139583
3 0.348047 0.129688 0.027344 0.109375
7 0.401172 0.221354 0.017969 0.034375
7 0.451172 0.185417 0.017969 0.029167
7 0.014063 0.052083 0.023438 0.041667
7 0.510547 0.027604 0.014844 0.030208
12 0.484375 0.326042 0.015625 0.037500
7 0.449219 0.219271 0.018750 0.032292
7 0.730859 0.171354 0.017969 0.026042
7 0.732422 0.204167 0.021094 0.031250
7 0.540234 0.218229 0.019531 0.034375
7 0.541797 0.180208 0.016406 0.029167
1 0.451562 0.197396 0.020313 0.076042
4 0.272656 0.270313 0.035937 0.130208
12 0.728516 0.318750 0.024219 0.047917
1 0.732031 0.185417 0.021875 0.070833
8 0.095312 0.171354 0.034375 0.136458
8 0.128125 0.163021 0.034375 0.132292
4 0.310937 0.271875 0.032813 0.135417
1 0.541406 0.195312 0.020313 0.080208
4 0.773047 0.239583 0.036719 0.120833
8 0.016797 0.158854 0.032031 0.128125
8 0.837500 0.072396 0.037500 0.142708
8 0.971094 0.063542 0.035937 0.125000
8 0.796875 0.075000 0.034375 0.147917
1 0.061719 0.126562 0.029687 0.098958
4 0.351953 0.259896 0.036719 0.130208
10 0.227734 0.340625 0.074219 0.091667
8 0.929688 0.063542 0.034375 0.125000
8 0.157812 0.159375 0.034375 0.133333
3 0.881641 0.092708 0.032031 0.125000
8 0.277734 0.153646 0.036719 0.151042
4 0.820312 0.240625 0.037500 0.131250
8 0.758984 0.077083 0.036719 0.152083
8 0.310156 0.149479 0.037500 0.148958
8 0.242969 0.152083 0.037500 0.150000
4 0.864453 0.238021 0.038281 0.123958
8 0.669141 0.075521 0.035156 0.148958
8 0.629297 0.077604 0.033594 0.151042
8 0.591797 0.078125 0.035156 0.154167
10 0.592969 0.325000 0.073438 0.079167
11 0.079687 0.411979 0.157812 0.248958
