1 0.849219 0.718229 0.025000 0.092708
1 0.801172 0.723437 0.024219 0.086458
1 0.896094 0.716667 0.025000 0.093750
6 0.871875 0.426563 0.017188 0.021875
6 0.917188 0.415625 0.012500 0.022917
7 0.814453 0.509896 0.019531 0.030208
7 0.872656 0.490625 0.020313 0.031250
7 0.848828 0.736458 0.016406 0.018750
7 0.546094 0.564583 0.017188 0.045833
7 0.726562 0.644271 0.017188 0.032292
7 0.091016 0.531771 0.030469 0.042708
7 0.985938 0.467187 0.015625 0.040625
8 0.411328 0.537500 0.024219 0.183333
8 0.233984 0.601042 0.027344 0.197917
8 0.011719 0.716146 0.021875 0.109375
8 0.276172 0.582292 0.021094 0.197917
8 0.300391 0.574479 0.019531 0.186458
8 0.067187 0.711979 0.029687 0.105208
8 0.037500 0.716667 0.017188 0.102083
8 0.330078 0.564583 0.025781 0.172917
8 0.214844 0.604688 0.025000 0.188542
8 0.444141 0.536979 0.028906 0.173958
8 0.193359 0.609375 0.022656 0.177083
8 0.387891 0.541146 0.022656 0.173958
9 0.663281 0.352604 0.046875 0.111458
7 0.840234 0.610417 0.016406 0.033333
9 0.742969 0.427083 0.012500 0.018750
9 0.757031 0.863021 0.020313 0.032292
12 0.530078 0.198958 0.114844 0.183333
7 0.339062 0.451562 0.035937 0.055208
7 0.244531 0.487500 0.031250 0.045833
7 0.446094 0.404167 0.035937 0.052083
7 0.522266 0.336979 0.033594 0.044792
12 0.416406 0.274479 0.096875 0.163542
12 0.324609 0.320312 0.083594 0.142708
7 0.636719 0.497396 0.037500 0.059375
8 0.051562 0.713542 0.020313 0.100000
7 0.037109 0.552604 0.028906 0.044792
1 0.729297 0.734375 0.022656 0.062500
7 0.730078 0.717187 0.017969 0.023958
7 0.729297 0.747917 0.016406 0.025000
7 0.800781 0.705208 0.020313 0.025000
7 0.800391 0.741146 0.017969 0.028125
7 0.846484 0.702604 0.017969 0.026042
7 0.894141 0.697917 0.019531 0.027083
7 0.893359 0.735938 0.019531 0.034375
7 0.866406 0.623958 0.017188 0.033333
7 0.813281 0.604167 0.017188 0.027083
9 0.831250 0.399479 0.014063 0.021875
10 0.860156 0.858854 0.087500 0.092708
10 0.716406 0.863542 0.050000 0.085417
4 0.557813 0.793750 0.025000 0.095833
2 0.970703 0.533333 0.038281 0.070833
3 0.942578 0.591667 0.030469 0.116667
9 0.859766 0.393750 0.014844 0.029167
