6 0.991406 0.527604 0.0171875 0.0197917
7 0.979297 0.482812 0.0132813 0.0177083
7 0.729297 0.441146 0.0273438 0.034375
7 0.714063 0.497917 0.025 0.0354167
7 0.578125 0.28125 0.021875 0.04375
6 0.689453 0.0109375 0.0367187 0.021875
2 0.556641 0.492708 0.0429688 0.0520833
9 0.404297 0.671875 0.0179687 0.05
9 0.308594 0.703125 0.015625 0.08125
9 0.429297 0.661458 0.0164062 0.05625
6 0.946875 0.497917 0.025 0.0208333
7 0.691406 0.408333 0.0265625 0.0333333
2 0.671484 0.425521 0.0554687 0.071875
6 0.769922 0.548437 0.0164062 0.015625
11 0.665234 0.807813 0.210156 0.209375
7 0.930469 0.45625 0.0140625 0.0208333
9 0.31875 0.703125 0.015625 0.0791667
6 0.989453 0.506771 0.0195312 0.0197917
7 0.877344 0.307813 0.034375 0.0447917
7 0.911328 0.461979 0.0132813 0.0197917
7 0.635156 0.527083 0.025 0.0354167
7 0.446875 0.369792 0.0390625 0.0729167
7 0.355078 0.61875 0.0179687 0.0333333
3 0.630469 0.503646 0.0359375 0.103125
7 0.634375 0.145833 0.025 0.05625
7 0.931641 0.473437 0.0132813 0.0197917
3 0.792188 0.438021 0.04375 0.119792
2 0.5875 0.477083 0.046875 0.0625
7 0.445312 0.253646 0.0203125 0.0552083
7 0.672266 0.514583 0.0257812 0.0333333
6 0.652734 0.0401042 0.0398437 0.0447917
3 0.707031 0.475 0.040625 0.114583
7 0.729688 0.385938 0.028125 0.034375
2 0.711328 0.403646 0.0648438 0.084375
7 0.794922 0.463542 0.0304688 0.0395833
3 0.666797 0.488542 0.0367187 0.108333
2 0.853125 0.326562 0.0765625 0.132292
7 0.711719 0.161979 0.0265625 0.059375
2 0.635156 0.444792 0.053125 0.0708333
7 0.851953 0.444792 0.0304688 0.0416667
3 0.903516 0.383854 0.0570313 0.151042
3 0.844141 0.413542 0.0460938 0.1375
2 0.794141 0.359375 0.0695312 0.1
7 0.553516 0.125521 0.0273438 0.0677083
12 0.509766 0.297396 0.0945313 0.182292
9 0.157422 0.538542 0.0382813 0.0958333
7 0.941016 0.276042 0.0382813 0.05
7 0.369922 0.335938 0.0210938 0.0510417
12 0.290234 0.484896 0.0476562 0.096875
2 0.920313 0.294271 0.0828125 0.136458
7 0.912891 0.418229 0.0351562 0.046875
12 0.41875 0.363542 0.0671875 0.135417
12 0.24375 0.540625 0.059375 0.0791667
10 0.594531 0.680208 0.075 0.120833
12 0.333594 0.452604 0.0609375 0.119792
10 0.719141 0.658854 0.113281 0.142708
10 0.914062 0.633333 0.159375 0.179167
