1 0.467969 0.226562 0.042188 0.094792
1 0.524219 0.206250 0.042188 0.091667
8 0.085547 0.182292 0.035156 0.089583
8 0.065234 0.186979 0.032031 0.082292
1 0.416016 0.243229 0.036719 0.065625
7 0.412891 0.233333 0.017969 0.027083
7 0.436328 0.226042 0.017969 0.027083
7 0.466016 0.216667 0.017969 0.027083
7 0.517969 0.197917 0.020313 0.029167
8 0.035547 0.192708 0.022656 0.087500
1 0.785156 0.117708 0.053125 0.085417
7 0.785156 0.111979 0.032813 0.040625
7 0.650391 0.154688 0.021094 0.032292
11 0.832812 0.276042 0.171875 0.543750
