2 0.666016 0.267188 0.160156 0.348958
3 0.577344 0.447917 0.103125 0.275000
2 0.419922 0.412500 0.146094 0.218750
3 0.345703 0.604167 0.100781 0.364583
2 0.215625 0.598958 0.153125 0.197917
3 0.144141 0.770833 0.113281 0.272917
7 0.246484 0.754687 0.069531 0.096875
7 0.682422 0.372396 0.096094 0.107292
7 0.633594 0.539583 0.085938 0.125000
7 0.499219 0.432812 0.078125 0.096875
7 0.446094 0.580208 0.082812 0.110417
7 0.387891 0.746354 0.085156 0.109375
7 0.171094 0.911979 0.081250 0.105208
4 0.687891 0.906771 0.152344 0.186458
7 0.410547 0.860938 0.063281 0.084375
7 0.098437 0.856250 0.039062 0.068750
