10 0.933594 0.173958 0.132812 0.200000
10 0.778516 0.265625 0.122656 0.154167
10 0.673438 0.318229 0.073438 0.117708
13 0.394141 0.336458 0.019531 0.045833
13 0.427734 0.340625 0.019531 0.045833
13 0.362109 0.335938 0.016406 0.051042
11 0.240625 0.453125 0.053125 0.118750
0 0.133984 0.184375 0.097656 0.122917
7 0.115234 0.214583 0.035156 0.035417
7 0.117578 0.156771 0.035156 0.030208
7 0.813281 0.115104 0.034375 0.036458
7 0.671875 0.132292 0.032813 0.033333
7 0.712891 0.084896 0.033594 0.036458
7 0.744141 0.051042 0.039844 0.035417
7 0.672266 0.084896 0.030469 0.034375
7 0.651953 0.106250 0.028906 0.029167
7 0.650391 0.158854 0.032031 0.032292
7 0.712109 0.022396 0.033594 0.032292
12 0.909375 0.372917 0.031250 0.058333
