11 0.606250 0.629687 0.192188 0.248958
4 0.837500 0.500000 0.040625 0.079167
4 0.877344 0.498958 0.035937 0.077083
4 0.921875 0.497917 0.034375 0.079167
13 0.529687 0.424479 0.023438 0.032292
13 0.504687 0.417187 0.020313 0.034375
3 0.842969 0.340104 0.026562 0.121875
3 0.914453 0.332813 0.030469 0.126042
2 0.857422 0.287500 0.049219 0.106250
1 0.655859 0.343750 0.038281 0.106250
7 0.656250 0.327604 0.023438 0.036458
7 0.655859 0.367708 0.024219 0.033333
7 0.106641 0.435417 0.030469 0.037500
7 0.160156 0.445312 0.028125 0.034375
7 0.210938 0.453646 0.025000 0.036458
1 0.108984 0.444271 0.039844 0.092708
1 0.159766 0.457813 0.038281 0.084375
1 0.211328 0.466146 0.033594 0.082292
7 0.021484 0.275521 0.024219 0.046875
7 0.301953 0.205208 0.035156 0.045833
7 0.384766 0.180729 0.042969 0.051042
7 0.487500 0.147396 0.046875 0.063542
12 0.362500 0.069792 0.110937 0.089583
12 0.467578 0.036979 0.139844 0.071875
8 0.257812 0.383333 0.028125 0.097917
8 0.274219 0.380729 0.025000 0.098958
8 0.289453 0.378646 0.025781 0.101042
8 0.333594 0.377604 0.028125 0.094792
8 0.353125 0.376563 0.026562 0.103125
8 0.371875 0.371354 0.029687 0.103125
8 0.426953 0.359375 0.033594 0.110417
8 0.449219 0.359896 0.032813 0.111458
8 0.473828 0.351562 0.025781 0.098958
8 0.491797 0.345313 0.024219 0.111458
8 0.714063 0.243229 0.037500 0.240625
8 0.753906 0.228125 0.037500 0.245833
8 0.794531 0.222396 0.037500 0.253125
8 0.892578 0.205729 0.039844 0.261458
8 0.941406 0.193229 0.046875 0.257292
8 0.985547 0.190104 0.028906 0.271875
7 0.680078 0.270833 0.024219 0.039583
7 0.555859 0.290104 0.019531 0.032292
