7 0.680859 0.0364583 0.0164062 0.0291667
12 0.452344 0.330729 0.015625 0.040625
7 0.664844 0.00989583 0.0234375 0.0197917
7 0.563281 0.131771 0.0171875 0.034375
7 0.703125 0.0203125 0.0171875 0.0322917
7 0.621875 0.184896 0.0171875 0.0260417
1 0.622266 0.198437 0.0242187 0.0885417
7 0.923437 0.1375 0.025 0.0354167
7 0.798828 0.229687 0.0195312 0.028125
7 0.966016 0.0171875 0.0429688 0.034375
7 0.801172 0.196875 0.0195312 0.0270833
12 0.505469 0.335417 0.0203125 0.0416667
12 0.961719 0.0567708 0.046875 0.0760417
7 0.73125 0.0145833 0.0234375 0.0291667
1 0.801562 0.213021 0.0296875 0.084375
7 0.317578 0.201042 0.0179687 0.0270833
7 0.797266 0.0192708 0.0226563 0.0385417
7 0.928125 0.025 0.0421875 0.0479167
7 0.621094 0.21875 0.0171875 0.0270833
7 0.369531 0.119271 0.0171875 0.034375
7 0.891406 0.0416667 0.0375 0.05
13 0.282813 0.117708 0.0375 0.0604167
12 0.294922 0.324479 0.0226563 0.0489583
7 0.705469 0.189583 0.0171875 0.025
7 0.426953 0.170833 0.0195312 0.0270833
10 0.364844 0.330729 0.08125 0.0885417
7 0.31875 0.165104 0.01875 0.028125
7 0.371875 0.204167 0.0171875 0.0270833
7 0.753125 0.227604 0.01875 0.028125
7 0.427344 0.207813 0.01875 0.028125
7 0.705859 0.222917 0.0179687 0.0270833
7 0.373437 0.16875 0.01875 0.0270833
7 0.569141 0.214062 0.0179687 0.0260417
7 0.754297 0.193229 0.0179687 0.0260417
7 0.519922 0.211458 0.0179687 0.0270833
1 0.427734 0.188542 0.0273438 0.09375
1 0.372266 0.184896 0.0257812 0.0927083
7 0.520312 0.178125 0.0171875 0.0270833
1 0.31875 0.180208 0.025 0.0895833
7 0.570312 0.180208 0.01875 0.0270833
1 0.520703 0.193229 0.0257812 0.0864583
1 0.705859 0.20625 0.0242187 0.0791667
1 0.570312 0.194792 0.0265625 0.0854167
1 0.754297 0.207813 0.0257812 0.084375
10 0.558203 0.3375 0.0679687 0.0833333
