7 0.423438 0.016146 0.031250 0.030208
7 0.497266 0.129688 0.028906 0.046875
7 0.635547 0.468750 0.032031 0.041667
7 0.471094 0.019271 0.034375 0.036458
7 0.885547 0.741667 0.024219 0.039583
12 0.437109 0.735417 0.028906 0.064583
7 0.888281 0.050000 0.029687 0.047917
7 0.732031 0.465104 0.031250 0.040625
7 0.197266 0.477604 0.030469 0.040625
7 0.376953 0.473438 0.032031 0.042708
7 0.155859 0.753125 0.019531 0.029167
7 0.390234 0.744792 0.022656 0.039583
7 0.543359 0.395833 0.032031 0.068750
7 0.377734 0.404687 0.030469 0.065625
7 0.905469 0.388021 0.032813 0.069792
10 0.291016 0.692187 0.136719 0.142708
7 0.767578 0.120833 0.025781 0.043750
1 0.540625 0.432812 0.040625 0.142708
3 0.080859 0.040625 0.085156 0.079167
12 0.201172 0.739062 0.038281 0.065625
7 0.907813 0.461458 0.031250 0.041667
7 0.636328 0.392708 0.032031 0.070833
7 0.778516 0.054688 0.030469 0.048958
7 0.731250 0.392708 0.032813 0.070833
1 0.729688 0.423958 0.042188 0.143750
7 0.360547 0.020833 0.032031 0.039583
1 0.638281 0.422396 0.040625 0.138542
1 0.198047 0.444792 0.041406 0.139583
1 0.381641 0.439583 0.041406 0.137500
4 0.080078 0.316667 0.110156 0.310417
10 0.963672 0.690625 0.072656 0.170833
1 0.904687 0.416667 0.040625 0.145833
10 0.641016 0.692708 0.139844 0.162500
7 0.196484 0.411979 0.030469 0.065625
