1 0.792188 0.639583 0.032813 0.089583
1 0.494141 0.597917 0.028906 0.097917
3 0.643359 0.566146 0.032031 0.096875
3 0.551562 0.589063 0.028125 0.090625
3 0.604297 0.582292 0.030469 0.097917
3 0.957422 0.482292 0.038281 0.112500
4 0.643750 0.697396 0.026562 0.103125
4 0.626953 0.698958 0.028906 0.102083
4 0.678516 0.695833 0.030469 0.104167
6 0.816797 0.360417 0.014844 0.016667
6 0.705078 0.403646 0.013281 0.013542
7 0.601953 0.487500 0.016406 0.037500
7 0.300391 0.356250 0.058594 0.050000
7 0.916016 0.387500 0.017969 0.035417
7 0.684375 0.460938 0.015625 0.032292
7 0.226953 0.407292 0.058594 0.052083
7 0.046484 0.527604 0.027344 0.048958
8 0.145703 0.558333 0.019531 0.164583
8 0.185938 0.535417 0.018750 0.181250
8 0.276172 0.488542 0.027344 0.177083
8 0.130078 0.564583 0.022656 0.160417
8 0.258203 0.493229 0.022656 0.184375
8 0.201563 0.530208 0.018750 0.181250
8 0.241016 0.504687 0.022656 0.198958
8 0.369922 0.568750 0.030469 0.129167
9 0.521094 0.275521 0.042188 0.094792
10 0.814063 0.768229 0.068750 0.067708
12 0.856250 0.763021 0.018750 0.038542
7 0.512500 0.210938 0.039062 0.051042
9 0.837109 0.318750 0.013281 0.022917
9 0.780859 0.342708 0.013281 0.022917
9 0.920703 0.280208 0.013281 0.022917
9 0.947266 0.268750 0.013281 0.022917
1 0.518359 0.591667 0.028906 0.097917
7 0.643359 0.479167 0.016406 0.037500
7 0.656641 0.593229 0.022656 0.030208
7 0.612891 0.603646 0.022656 0.030208
7 0.573047 0.613021 0.022656 0.030208
7 0.521484 0.607812 0.022656 0.030208
7 0.521484 0.570312 0.022656 0.030208
7 0.490234 0.580729 0.022656 0.030208
7 0.489453 0.617188 0.022656 0.030208
8 0.058594 0.660417 0.020313 0.129167
8 0.026562 0.672917 0.020313 0.129167
7 0.015625 0.545312 0.028125 0.048958
7 0.076953 0.502604 0.027344 0.048958
7 0.169141 0.448437 0.046094 0.046875
7 0.780469 0.534375 0.015625 0.022917
7 0.812500 0.540625 0.015625 0.022917
7 0.916406 0.496875 0.015625 0.022917
1 0.753906 0.646875 0.028125 0.079167
1 0.827344 0.635417 0.028125 0.079167
1 0.897656 0.622917 0.028125 0.079167
7 0.754297 0.630729 0.019531 0.023958
7 0.755078 0.661979 0.019531 0.023958
7 0.790234 0.656771 0.019531 0.023958
7 0.791016 0.622396 0.019531 0.023958
7 0.826172 0.616146 0.019531 0.023958
7 0.826953 0.648438 0.019531 0.023958
7 0.898828 0.636979 0.019531 0.023958
7 0.897266 0.602604 0.019531 0.023958
12 0.418359 0.142708 0.128906 0.133333
12 0.318750 0.208333 0.073438 0.083333
12 0.258594 0.262500 0.073438 0.083333
11 0.447266 0.850000 0.164844 0.245833
11 0.564844 0.817708 0.085938 0.141667
9 0.989062 0.254167 0.014063 0.041667
