4 0.834375 0.151042 0.132812 0.300000
4 0.939453 0.143750 0.121094 0.285417
6 0.035156 0.311979 0.017188 0.023958
6 0.216797 0.316146 0.013281 0.023958
6 0.109375 0.314063 0.015625 0.023958
6 0.046094 0.389583 0.015625 0.014583
7 0.341797 0.057292 0.066406 0.081250
11 0.680469 0.505729 0.471875 0.509375
11 0.126172 0.676042 0.250781 0.314583
11 0.832031 0.615625 0.117188 0.229167
6 0.493750 0.300000 0.012500 0.014583
6 0.552344 0.300000 0.010937 0.016667
7 0.441406 0.265104 0.018750 0.026042
7 0.441406 0.283854 0.018750 0.026042
7 0.458594 0.254688 0.018750 0.026042
7 0.460938 0.274479 0.018750 0.026042
7 0.496875 0.268229 0.018750 0.026042
7 0.498047 0.285417 0.016406 0.020833
7 0.515234 0.259375 0.016406 0.020833
7 0.516016 0.277083 0.016406 0.020833
7 0.550391 0.271875 0.016406 0.020833
7 0.550391 0.289583 0.016406 0.020833
7 0.569141 0.262500 0.016406 0.020833
7 0.570703 0.281250 0.016406 0.020833
7 0.127734 0.227604 0.016406 0.021875
7 0.129297 0.248438 0.016406 0.021875
7 0.050391 0.222396 0.016406 0.021875
7 0.053516 0.244271 0.016406 0.021875
7 0.041797 0.236979 0.016406 0.021875
7 0.041797 0.257812 0.016406 0.021875
7 0.117578 0.263021 0.016406 0.021875
7 0.116797 0.241667 0.014844 0.016667
9 0.237500 0.261458 0.018750 0.047917
9 0.304688 0.263542 0.018750 0.047917
6 0.284375 0.318750 0.020313 0.031250
7 0.032422 0.362500 0.011719 0.014583
7 0.034766 0.377083 0.011719 0.014583
7 0.120703 0.363021 0.011719 0.015625
7 0.121875 0.378125 0.010937 0.012500
7 0.230078 0.364583 0.013281 0.014583
7 0.232031 0.379167 0.010937 0.012500
