10 0.870313 0.455208 0.229687 0.272917
10 0.593359 0.582812 0.149219 0.198958
10 0.423047 0.652604 0.116406 0.171875
13 0.085547 0.455208 0.063281 0.089583
13 0.166797 0.460938 0.052344 0.071875
13 0.242188 0.459375 0.054688 0.075000
9 0.929297 0.621354 0.032031 0.065625
1 0.348438 0.459896 0.051562 0.109375
1 0.376172 0.431771 0.055469 0.117708
1 0.410156 0.410938 0.067187 0.138542
1 0.477734 0.346875 0.067969 0.152083
1 0.525391 0.309896 0.064844 0.157292
1 0.575000 0.265104 0.071875 0.173958
1 0.685547 0.167708 0.083594 0.200000
1 0.765625 0.110417 0.078125 0.218750
7 0.879297 0.054167 0.061719 0.068750
7 0.779687 0.139063 0.064062 0.067708
7 0.770312 0.054167 0.071875 0.064583
7 0.698047 0.205208 0.060156 0.062500
7 0.692578 0.129167 0.049219 0.066667
7 0.578906 0.303646 0.045312 0.055208
7 0.575781 0.234375 0.046875 0.064583
7 0.481250 0.385417 0.039062 0.054167
7 0.478516 0.322917 0.044531 0.056250
7 0.528906 0.344792 0.042188 0.058333
7 0.525000 0.281771 0.042188 0.053125
7 0.414062 0.435417 0.032813 0.037500
7 0.410938 0.386979 0.034375 0.034375
7 0.380859 0.466667 0.033594 0.043750
7 0.378125 0.413542 0.039062 0.041667
7 0.346875 0.440625 0.034375 0.043750
7 0.348047 0.491667 0.032031 0.037500
7 0.099219 0.258333 0.032813 0.058333
7 0.168359 0.095312 0.030469 0.053125
7 0.268750 0.107292 0.032813 0.047917
