7 0.352344 0.390625 0.029687 0.047917
7 0.404687 0.359375 0.029687 0.047917
7 0.463281 0.322917 0.029687 0.047917
7 0.585547 0.248438 0.033594 0.053125
7 0.666016 0.198958 0.035156 0.050000
7 0.761328 0.139063 0.038281 0.044792
3 0.887109 0.229687 0.072656 0.176042
7 0.897656 0.266146 0.048438 0.061458
7 0.951562 0.044271 0.059375 0.061458
2 0.925000 0.071354 0.110937 0.123958
1 0.778516 0.669792 0.032031 0.079167
1 0.683984 0.690625 0.032031 0.083333
1 0.638672 0.705208 0.028906 0.075000
7 0.638672 0.722917 0.022656 0.029167
7 0.638672 0.681250 0.022656 0.029167
7 0.683203 0.667708 0.022656 0.029167
7 0.683984 0.712500 0.022656 0.029167
7 0.779297 0.650000 0.022656 0.029167
7 0.778516 0.692708 0.022656 0.029167
1 0.463281 0.595833 0.053125 0.127083
7 0.465625 0.558854 0.040625 0.046875
7 0.463281 0.627604 0.040625 0.048958
7 0.809766 0.526042 0.019531 0.027083
7 0.714453 0.612500 0.019531 0.027083
7 0.677734 0.597917 0.019531 0.027083
7 0.637109 0.580208 0.019531 0.027083
1 0.541016 0.370833 0.061719 0.137500
1 0.620703 0.335417 0.058594 0.145833
1 0.716797 0.277604 0.067969 0.165625
7 0.717969 0.317188 0.057813 0.069792
7 0.720313 0.229167 0.057813 0.062500
7 0.624609 0.286979 0.047656 0.048958
7 0.619141 0.369792 0.058594 0.064583
7 0.541016 0.332813 0.052344 0.053125
7 0.537109 0.406250 0.053906 0.066667
7 0.384766 0.489063 0.035156 0.038542
7 0.436719 0.464583 0.037500 0.041667
0 0.395703 0.515625 0.066406 0.106250
11 0.526172 0.796875 0.425781 0.406250
11 0.764844 0.834375 0.171875 0.297917
12 0.941797 0.898438 0.024219 0.042708
7 0.693359 0.467708 0.021094 0.022917
