7 0.107422 0.222396 0.036719 0.113542
1 0.409766 0.050000 0.061719 0.097917
2 0.761328 0.027083 0.085156 0.052083
7 0.107031 0.262500 0.029687 0.054167
1 0.710156 0.071875 0.067187 0.141667
7 0.250781 0.160938 0.026562 0.057292
10 0.983594 0.378646 0.032813 0.171875
7 0.386328 0.229167 0.027344 0.052083
7 0.517188 0.303646 0.029687 0.046875
7 0.106250 0.206250 0.028125 0.047917
1 0.527344 0.055729 0.060937 0.109375
7 0.260547 0.219792 0.030469 0.058333
7 0.515625 0.251042 0.028125 0.047917
7 0.385547 0.285938 0.025781 0.044792
0 0.526563 0.272396 0.051562 0.123958
5 0.107813 0.237500 0.040625 0.143750
7 0.407031 0.042188 0.050000 0.078125
1 0.803516 0.078646 0.066406 0.155208
7 0.705078 0.093750 0.047656 0.062500
7 0.520703 0.059896 0.046094 0.069792
7 0.261719 0.283854 0.034375 0.061458
7 0.098437 0.141146 0.029687 0.059375
7 0.372656 0.179688 0.026562 0.055208
10 0.416406 0.315104 0.168750 0.213542
11 0.169531 0.582812 0.243750 0.305208
7 0.497266 0.195312 0.024219 0.048958
7 0.435937 0.188021 0.026562 0.053125
7 0.794922 0.111979 0.046094 0.061458
5 0.262500 0.253125 0.039062 0.135417
10 0.772266 0.345313 0.174219 0.207292
