7 0.371875 0.730208 0.053125 0.0854167
7 0.429297 0.461979 0.0429688 0.0614583
7 0.908594 0.115625 0.0453125 0.0645833
7 0.0394531 0.397396 0.0554687 0.0760417
3 0.196094 0.203646 0.123438 0.330208
7 0.321484 0.330729 0.0570313 0.0739583
7 0.533984 0.5875 0.0367187 0.05
7 0.921094 0.353125 0.0328125 0.05
7 0.538281 0.652083 0.0390625 0.05625
13 0.935938 0.679167 0.0390625 0.08125
7 0.377344 0.34375 0.053125 0.09375
3 0.0757812 0.119792 0.13125 0.2375
5 0.454297 0.506771 0.0851562 0.203125
7 0.0542969 0.144792 0.0804688 0.11875
7 0.371094 0.816146 0.0546875 0.0760417
7 0.927734 0.494792 0.0289063 0.0479167
12 0.117578 0.763542 0.0414063 0.0770833
7 0.505078 0.61875 0.0445312 0.0625
7 0.321094 0.284375 0.0515625 0.0791667
7 0.258203 0.203125 0.0539063 0.1
7 0.435547 0.547396 0.0476562 0.0677083
7 0.0558594 0.0401042 0.0804688 0.0802083
7 0.485938 0.49375 0.0375 0.0625
5 0.341406 0.384896 0.1 0.232292
7 0.568359 0.683854 0.0398437 0.0572917
0 0.5375 0.575521 0.090625 0.136458
7 0.383594 0.404687 0.0515625 0.0697917
4 0.0570313 0.639583 0.114063 0.416667
12 0.0875 0.756771 0.0453125 0.078125
7 0.563672 0.617188 0.0429688 0.0614583
7 0.324609 0.426042 0.0601562 0.0791667
7 0.175 0.273438 0.075 0.105208
11 0.510938 0.8875 0.201562 0.222917
7 0.504297 0.546875 0.0460938 0.0625
0 0.589453 0.645312 0.0960938 0.132292
7 0.384766 0.491146 0.0492188 0.071875
7 0.173047 0.160938 0.0742188 0.109375
5 0.407422 0.446875 0.0992187 0.239583
1 0.366016 0.765104 0.0773437 0.188542
