1 0.241406 0.200000 0.062500 0.170833
1 0.167187 0.370833 0.065625 0.177083
1 0.299219 0.251042 0.065625 0.160417
1 0.332422 0.274479 0.067969 0.171875
7 0.195312 0.050000 0.045312 0.081250
7 0.419531 0.276562 0.025000 0.051042
7 0.256641 0.109375 0.046094 0.072917
9 0.945703 0.506250 0.049219 0.100000
11 0.345313 0.760938 0.353125 0.478125
9 0.791406 0.532292 0.050000 0.100000
7 0.242578 0.161458 0.042969 0.054167
7 0.239063 0.242708 0.045312 0.062500
7 0.168750 0.334375 0.043750 0.066667
7 0.169141 0.424479 0.047656 0.061458
7 0.300000 0.219271 0.035937 0.048958
7 0.298047 0.291667 0.038281 0.054167
7 0.346484 0.265104 0.033594 0.046875
7 0.346094 0.330208 0.031250 0.043750
7 0.383984 0.246875 0.028906 0.041667
7 0.903125 0.348958 0.070312 0.097917
7 0.767188 0.355208 0.070312 0.097917
11 0.109766 0.722396 0.147656 0.226042
7 0.046484 0.253125 0.022656 0.029167
7 0.225781 0.370312 0.017188 0.026042
7 0.207813 0.357812 0.017188 0.026042
