10 0.392969 0.187500 0.282813 0.372917
10 0.707422 0.320833 0.161719 0.254167
10 0.873047 0.388542 0.085156 0.191667
10 0.961719 0.433333 0.053125 0.152083
11 0.385156 0.581771 0.160938 0.248958
11 0.494141 0.523438 0.080469 0.182292
4 0.231641 0.393229 0.038281 0.151042
7 0.214062 0.102083 0.026562 0.060417
7 0.527344 0.244271 0.015625 0.040625
7 0.241016 0.181771 0.032031 0.042708
7 0.240625 0.234896 0.025000 0.042708
7 0.292578 0.204687 0.028906 0.036458
7 0.296875 0.252604 0.025000 0.034375
3 0.249219 0.207292 0.048438 0.133333
3 0.302734 0.225000 0.035156 0.097917
7 0.874219 0.077604 0.039062 0.057292
7 0.885547 0.021875 0.050781 0.041667
7 0.810937 0.042188 0.045312 0.053125
7 0.873828 0.140625 0.042969 0.045833
7 0.971094 0.241146 0.032813 0.042708
7 0.969531 0.186979 0.037500 0.040625
3 0.884375 0.115104 0.062500 0.194792
3 0.926562 0.145313 0.043750 0.165625
12 0.329688 0.383854 0.028125 0.044792
