10 0.479297 0.709896 0.186719 0.186458
10 0.158594 0.746354 0.162500 0.161458
10 0.905859 0.620833 0.188281 0.208333
9 0.945312 0.753125 0.040625 0.068750
9 0.843750 0.788021 0.026562 0.065625
12 0.250781 0.821354 0.037500 0.073958
12 0.804688 0.765104 0.045312 0.082292
1 0.884375 0.247396 0.060937 0.213542
1 0.752734 0.289062 0.058594 0.213542
1 0.546875 0.349479 0.062500 0.190625
1 0.448437 0.380208 0.057813 0.189583
1 0.353906 0.417187 0.050000 0.188542
1 0.210547 0.459896 0.053906 0.167708
1 0.138281 0.481771 0.051562 0.148958
1 0.067969 0.504687 0.065625 0.151042
7 0.070703 0.533854 0.036719 0.044792
7 0.136719 0.519271 0.032813 0.048958
7 0.210547 0.497396 0.042969 0.048958
7 0.161719 0.594792 0.029687 0.041667
7 0.226172 0.575000 0.033594 0.045833
7 0.078516 0.476042 0.041406 0.047917
7 0.143359 0.455208 0.032031 0.056250
7 0.218750 0.433333 0.039062 0.052083
7 0.361328 0.384896 0.039844 0.044792
7 0.358594 0.454688 0.045312 0.053125
7 0.448437 0.427083 0.043750 0.056250
7 0.550781 0.397917 0.045312 0.060417
7 0.555078 0.324479 0.042969 0.065625
7 0.448437 0.350521 0.040625 0.067708
7 0.535547 0.501042 0.036719 0.045833
7 0.754297 0.335938 0.049219 0.071875
7 0.750781 0.251042 0.046875 0.070833
7 0.882422 0.211979 0.052344 0.071875
7 0.886719 0.295312 0.043750 0.063542
7 0.484766 0.272917 0.036719 0.068750
6 0.189844 0.054167 0.040625 0.043750
6 0.248047 0.025521 0.036719 0.048958
