7 0.194141 0.605208 0.0179687 0.025
9 0.280859 0.752604 0.0164062 0.0447917
7 0.595703 0.508854 0.0148437 0.0260417
7 0.482422 0.746354 0.0132813 0.0260417
7 0.660937 0.459375 0.0171875 0.0354167
7 0.354297 0.285417 0.0164062 0.0270833
7 0.615234 0.495833 0.0164062 0.03125
1 0.194141 0.588021 0.0242187 0.078125
7 0.503125 0.634375 0.0171875 0.0270833
13 0.701953 0.589063 0.0273438 0.0572917
7 0.192969 0.573958 0.01875 0.025
13 0.711719 0.583854 0.0296875 0.0572917
6 0.398438 0.298438 0.0203125 0.0322917
7 0.0269531 0.350521 0.0226563 0.0447917
7 0.348828 0.538021 0.0195312 0.0322917
7 0.0679687 0.601042 0.0203125 0.0270833
7 0.130859 0.601562 0.0179687 0.0239583
9 0.467187 0.770833 0.015625 0.0458333
6 0.139844 0.268229 0.01875 0.034375
7 0.684375 0.442187 0.01875 0.0385417
7 0.579687 0.520833 0.0140625 0.025
1 0.131641 0.581771 0.0257812 0.0760417
12 0.260156 0.745833 0.0234375 0.0541667
13 0.676562 0.595833 0.028125 0.0541667
9 0.106641 0.219271 0.0148437 0.0260417
10 0.347266 0.754687 0.0804688 0.0989583
6 0.294531 0.285417 0.01875 0.03125
7 0.608594 0.639063 0.015625 0.0260417
13 0.727734 0.578646 0.0320312 0.059375
7 0.352344 0.622396 0.01875 0.028125
9 0.192969 0.230208 0.0140625 0.0270833
7 0.271094 0.375 0.0203125 0.0416667
9 0.153516 0.226042 0.0164062 0.0270833
7 0.354297 0.586979 0.0179687 0.028125
7 0.408594 0.627604 0.01875 0.028125
7 0.239844 0.3625 0.0234375 0.0520833
7 0.409766 0.592188 0.0179687 0.0260417
10 0.548047 0.760417 0.0835937 0.0958333
7 0.506641 0.402604 0.0226563 0.046875
9 0.497656 0.776042 0.0171875 0.0458333
7 0.132422 0.569792 0.0195312 0.025
7 0.504297 0.598437 0.0179687 0.0260417
6 0.195703 0.275 0.0179687 0.0333333
7 0.554297 0.6375 0.0179687 0.0270833
6 0.084375 0.257812 0.01875 0.0322917
7 0.0679687 0.561458 0.0203125 0.0270833
1 0.353906 0.603646 0.028125 0.0927083
1 0.555859 0.619271 0.0257812 0.0947917
7 0.155859 0.350521 0.0257812 0.0572917
1 0.0671875 0.579687 0.028125 0.0885417
1 0.408594 0.609375 0.0265625 0.0895833
1 0.504297 0.615625 0.0257812 0.0958333
7 0.605859 0.605208 0.0164062 0.025
7 0.556641 0.602604 0.0179687 0.0260417
1 0.607422 0.619792 0.0226563 0.0875
7 0.708203 0.427083 0.0210938 0.0458333
11 0.142578 0.78125 0.211719 0.360417
7 0.0675781 0.342708 0.0257812 0.05
