7 0.396484 0.605208 0.0179687 0.0229167
12 0.745703 0.74375 0.0242187 0.03125
7 0.472266 0.514583 0.0226563 0.0291667
7 0.320312 0.33125 0.0234375 0.0479167
12 0.781641 0.739583 0.0179687 0.0333333
7 0.496094 0.272917 0.01875 0.0395833
7 0.423438 0.554167 0.0203125 0.025
7 0.421484 0.589063 0.0195312 0.0239583
7 0.339844 0.413021 0.0171875 0.0364583
1 0.394922 0.586458 0.0335938 0.0979167
7 0.307031 0.534375 0.0109375 0.0166667
6 0.660547 0.0916667 0.0148437 0.0291667
7 0.0296875 0.204688 0.0375 0.0489583
7 0.451562 0.535937 0.021875 0.0260417
7 0.289062 0.402604 0.01875 0.0385417
7 0.0347656 0.253125 0.0398437 0.0458333
7 0.447656 0.573438 0.021875 0.0260417
7 0.0210938 0.482812 0.0359375 0.0427083
7 0.472266 0.555208 0.0210938 0.0270833
7 0.560938 0.453646 0.028125 0.0385417
7 0.490625 0.544271 0.021875 0.028125
12 0.698438 0.743229 0.0234375 0.0385417
7 0.383203 0.336979 0.0210938 0.040625
7 0.576172 0.497396 0.0273438 0.0364583
1 0.46875 0.541146 0.034375 0.119792
7 0.0417969 0.131771 0.0398437 0.053125
7 0.548437 0.510938 0.0265625 0.034375
1 0.445312 0.55625 0.0359375 0.114583
12 0.984375 0.720833 0.0296875 0.0541667
7 0.510547 0.534896 0.0242187 0.0302083
1 0.4875 0.525521 0.034375 0.117708
1 0.419141 0.570312 0.0320312 0.096875
7 0.736328 0.0161458 0.0398437 0.0322917
7 0.271094 0.525 0.0109375 0.01875
7 0.0429688 0.184375 0.0375 0.0479167
13 0.286328 0.617708 0.0195312 0.0375
7 0.492969 0.503646 0.021875 0.0302083
1 0.570703 0.475 0.0429688 0.13125
7 0.782422 0.23125 0.0289063 0.0604167
7 0.843359 0.334896 0.0492188 0.0635417
7 0.509766 0.259375 0.0195312 0.0458333
7 0.701563 0.41875 0.034375 0.0458333
7 0.751562 0.328125 0.0375 0.0520833
1 0.547656 0.4875 0.0390625 0.127083
7 0.553906 0.463542 0.0265625 0.0354167
1 0.510547 0.510938 0.0398437 0.121875
1 0.697656 0.383333 0.05 0.152083
7 0.579297 0.446875 0.0273438 0.0375
1 0.602344 0.452604 0.046875 0.142708
7 0.515234 0.492188 0.0273438 0.0322917
10 0.362891 0.722396 0.0335938 0.059375
1 0.0460938 0.161458 0.078125 0.16875
7 0.847656 0.257812 0.0453125 0.0677083
1 0.973828 0.182292 0.0507812 0.247917
10 0.443359 0.702604 0.0570313 0.0885417
7 0.442969 0.238021 0.021875 0.0552083
7 0.592578 0.171354 0.0257812 0.0614583
7 0.371875 0.223438 0.0234375 0.0510417
13 0.253125 0.6125 0.0203125 0.0375
7 0.985156 0.150521 0.0296875 0.0822917
7 0.705469 0.357292 0.034375 0.0458333
7 0.984375 0.243229 0.03125 0.078125
7 0.6625 0.442708 0.03125 0.0416667
7 0.912109 0.292188 0.0523437 0.071875
10 0.395703 0.713542 0.0460938 0.0708333
7 0.607031 0.426562 0.0296875 0.040625
7 0.745313 0.392188 0.0390625 0.0510417
7 0.428906 0.124479 0.0265625 0.059375
13 0.219141 0.605729 0.0195312 0.0385417
1 0.659766 0.409896 0.0492188 0.144792
7 0.604688 0.479167 0.0296875 0.0395833
10 0.504687 0.691146 0.06875 0.103125
7 0.916797 0.211458 0.0507812 0.0729167
7 0.665625 0.385938 0.0328125 0.0447917
1 0.908594 0.241146 0.075 0.211458
1 0.742969 0.356771 0.05625 0.163542
10 0.924609 0.589063 0.150781 0.242708
11 0.0875 0.720833 0.06875 0.145833
1 0.839453 0.2875 0.0695312 0.195833
7 0.512109 0.145833 0.0242187 0.0625
10 0.591797 0.673437 0.0992187 0.138542
10 0.727344 0.646875 0.14375 0.1875
