10 0.821484 0.307292 0.299219 0.362500
10 0.106641 0.550521 0.149219 0.196875
10 0.361328 0.465625 0.202344 0.256250
13 0.122266 0.434896 0.035156 0.063542
13 0.057813 0.426563 0.031250 0.061458
7 0.953125 0.153646 0.026562 0.048958
3 0.074219 0.267708 0.065625 0.193750
3 0.179297 0.212500 0.061719 0.183333
3 0.254688 0.154167 0.051562 0.168750
2 0.184766 0.089583 0.094531 0.177083
2 0.080859 0.161979 0.111719 0.192708
7 0.080859 0.312500 0.046094 0.052083
7 0.101172 0.149479 0.044531 0.044792
7 0.092578 0.231250 0.038281 0.041667
7 0.190625 0.239583 0.046875 0.058333
7 0.263281 0.190625 0.037500 0.052083
7 0.351562 0.135417 0.046875 0.058333
7 0.546484 0.033333 0.075781 0.064583
11 0.632422 0.726042 0.191406 0.220833
11 0.139844 0.766146 0.278125 0.278125
