11 0.461328 0.507292 0.188281 0.331250
11 0.215625 0.557292 0.429688 0.714583
10 0.854688 0.469792 0.146875 0.141667
12 0.766016 0.488021 0.047656 0.096875
4 0.825000 0.135417 0.118750 0.268750
4 0.950391 0.123958 0.099219 0.245833
7 0.107422 0.120313 0.052344 0.057292
7 0.100781 0.213021 0.054688 0.065625
7 0.329688 0.266146 0.029687 0.038542
7 0.328125 0.313021 0.029687 0.036458
7 0.383594 0.256771 0.026562 0.034375
7 0.380859 0.305208 0.028906 0.031250
7 0.484375 0.243750 0.026562 0.035417
7 0.485547 0.290104 0.027344 0.042708
7 0.546094 0.232292 0.028125 0.043750
7 0.546094 0.280208 0.025000 0.043750
7 0.757031 0.191146 0.034375 0.046875
7 0.753906 0.254167 0.035937 0.041667
1 0.753906 0.213542 0.045312 0.150000
1 0.544141 0.255208 0.038281 0.139583
1 0.481250 0.260417 0.034375 0.131250
1 0.378516 0.280208 0.042969 0.129167
1 0.323828 0.288021 0.039844 0.113542
7 0.208594 0.086458 0.023438 0.043750
9 0.663672 0.550521 0.017969 0.057292
9 0.779687 0.551562 0.014063 0.042708
1 0.099609 0.160938 0.086719 0.221875
