11 0.985156 0.880208 0.0296875 0.239583
7 0.945312 0.378125 0.0234375 0.0354167
12 0.559375 0.571875 0.0703125 0.0479167
8 0.357031 0.680729 0.015625 0.0864583
12 0.512891 0.551562 0.0929687 0.0635417
8 0.560547 0.745833 0.0148437 0.0479167
7 0.895312 0.345313 0.0328125 0.0427083
7 0.834766 0.781771 0.0164062 0.0302083
0 0.934766 0.578125 0.0929687 0.129167
7 0.994531 0.588021 0.0109375 0.034375
8 0.45625 0.728646 0.0140625 0.0552083
1 0.96875 0.454167 0.0421875 0.13125
7 0.933984 0.461979 0.0320312 0.0427083
9 0.314063 0.534896 0.0359375 0.0802083
8 0.445312 0.728646 0.0140625 0.0510417
8 0.494531 0.739583 0.0140625 0.04375
12 0.423047 0.507812 0.0882813 0.0697917
7 0.941406 0.407292 0.0296875 0.0395833
7 0.994141 0.541667 0.0117188 0.0354167
7 0.827344 0.257292 0.0421875 0.0520833
7 0.812891 0.202604 0.0367187 0.065625
7 0.781641 0.78125 0.0195312 0.0354167
8 0.481641 0.739062 0.0132813 0.0427083
7 0.823047 0.330208 0.0414063 0.0541667
8 0.369141 0.685938 0.0164062 0.0885417
12 0.326562 0.463542 0.0875 0.09375
1 0.871094 0.336458 0.059375 0.179167
7 0.920313 0.613021 0.0296875 0.0427083
8 0.51875 0.742708 0.0140625 0.04375
8 0.295703 0.669792 0.0179687 0.0875
8 0.531641 0.74375 0.0148437 0.04375
7 0.808594 0.790104 0.015625 0.028125
8 0.386719 0.6875 0.01875 0.0895833
9 0.422656 0.570312 0.0265625 0.0677083
8 0.307813 0.670833 0.0171875 0.0895833
7 0.773828 0.146354 0.0398437 0.078125
8 0.346094 0.679688 0.0171875 0.0864583
7 0.8625 0.305208 0.0359375 0.05
12 0.380469 0.486979 0.0921875 0.0822917
9 0.545313 0.621875 0.01875 0.0541667
4 0.905859 0.657812 0.0398437 0.148958
4 0.9375 0.676042 0.0296875 0.1375
1 0.90625 0.376042 0.0546875 0.166667
9 0.470703 0.589063 0.0242187 0.0614583
7 0.894531 0.413021 0.0359375 0.046875
7 0.916797 0.550521 0.0351562 0.0447917
8 0.321094 0.672396 0.01875 0.090625
11 0.606641 0.759896 0.166406 0.407292
8 0.239453 0.654688 0.0210938 0.096875
7 0.860937 0.375 0.0375 0.0479167
1 0.835156 0.286458 0.06875 0.185417
