7 0.516797 0.672396 0.0351562 0.0447917
7 0.477734 0.713542 0.0351562 0.0416667
7 0.253516 0.469792 0.0242187 0.0354167
3 0.530078 0.620313 0.0601562 0.153125
7 0.226562 0.631771 0.0203125 0.0322917
6 0.377344 0.505729 0.01875 0.021875
8 0.139844 0.969792 0.015625 0.0583333
6 0.395312 0.457292 0.025 0.0229167
6 0.571875 0.0125 0.03125 0.025
6 0.548437 0.0635417 0.034375 0.0333333
6 0.360156 0.54375 0.021875 0.0229167
6 0.490234 0.213542 0.0273438 0.0333333
9 0.385938 0.489062 0.0171875 0.0322917
4 0.817969 0.965104 0.0265625 0.0697917
2 0.879297 0.0583333 0.167969 0.116667
2 0.666797 0.309896 0.110156 0.194792
7 0.544922 0.148438 0.0429688 0.0677083
7 0.541406 0.645833 0.040625 0.0479167
3 0.965234 0.109896 0.0679687 0.219792
7 0.253125 0.730208 0.015625 0.0270833
7 0.367188 0.343229 0.0328125 0.0510417
6 0.385156 0.479167 0.021875 0.0229167
7 0.776172 0.194792 0.0679687 0.0854167
7 0.981641 0.141667 0.0367187 0.1125
3 0.729688 0.363542 0.0921875 0.266667
7 0.217187 0.684896 0.0171875 0.028125
6 0.476953 0.25625 0.0335938 0.0333333
7 0.744922 0.421354 0.0710938 0.103125
10 0.421094 0.93125 0.0546875 0.127083
3 0.561719 0.58125 0.0609375 0.141667
3 0.875781 0.179688 0.115625 0.303125
7 0.24375 0.764063 0.0125 0.021875
7 0.635547 0.5375 0.0617188 0.0729167
9 0.197266 0.9625 0.0179687 0.04375
7 0.279687 0.639063 0.0203125 0.034375
7 0.689062 0.482812 0.065625 0.0927083
12 0.0230469 0.842708 0.0460938 0.06875
10 0.583594 0.8625 0.104687 0.214583
7 0.205859 0.758854 0.0132813 0.0239583
2 0.742578 0.228646 0.132031 0.221875
7 0.211328 0.725 0.0148437 0.0270833
7 0.570312 0.610417 0.04375 0.05
7 0.164453 0.93125 0.0148437 0.025
7 0.888672 0.261979 0.0882813 0.115625
10 0.338672 0.959375 0.0492188 0.08125
10 0.380859 0.944792 0.0429688 0.10625
10 0.773828 0.788021 0.188281 0.298958
10 0.482812 0.905208 0.0734375 0.172917
