7 0.447656 0.936458 0.028125 0.04375
1 0.954687 0.924479 0.0421875 0.0635417
7 0.182812 0.988542 0.0296875 0.0229167
7 0.446484 0.941146 0.0351562 0.0822917
1 0.0125 0.959896 0.025 0.0802083
7 0.0277344 0.679167 0.0320312 0.0458333
7 0.188672 0.939062 0.0289063 0.046875
7 0.846094 0.985937 0.0375 0.028125
7 0.495313 0.294792 0.0640625 0.0854167
3 0.025 0.505208 0.05 0.283333
7 0.191797 0.570833 0.0648438 0.0875
1 0.843359 0.929167 0.0570313 0.139583
7 0.442187 0.986458 0.0328125 0.0270833
1 0.18125 0.944792 0.0515625 0.110417
1 0.957812 0.930208 0.05625 0.1375
4 0.235547 0.869792 0.138281 0.260417
7 0.0160156 0.5875 0.0320312 0.0895833
4 0.368359 0.870313 0.124219 0.259375
7 0.297266 0.325 0.0664062 0.0854167
2 0.267578 0.347917 0.133594 0.21875
7 0.115234 0.345833 0.0679687 0.0895833
7 0.545703 0.932292 0.0351562 0.05
7 0.763281 0.471354 0.0453125 0.0760417
7 0.705469 0.479167 0.0421875 0.0729167
7 0.544922 0.9875 0.0367187 0.025
7 0.963281 0.983333 0.040625 0.0333333
1 0.547266 0.939583 0.0539063 0.11875
1 0.445312 0.943229 0.046875 0.113542
3 0.379687 0.456771 0.103125 0.323958
2 0.473828 0.304167 0.111719 0.24375
7 0.954297 0.923437 0.0398437 0.053125
7 0.843359 0.925 0.0382813 0.05
3 0.173047 0.486458 0.116406 0.297917
4 0.110547 0.882812 0.128906 0.234375
2 0.0761719 0.369792 0.149219 0.260417
