7 0.457612 0.429642 0.00692042 0.0103806
7 0.298443 0.470012 0.0103806 0.0149942
7 0.711505 0.369666 0.00778547 0.0103806
8 0.340398 0.476932 0.0112457 0.0495963
7 0.394464 0.428489 0.00865052 0.0103806
6 0.488754 0.337947 0.00865052 0.00922722
12 0.283737 0.423299 0.0121107 0.0161476
7 0.711073 0.357555 0.00692042 0.011534
6 0.564014 0.329873 0.00865052 0.00922722
10 0.673443 0.480969 0.0233564 0.0299885
7 0.213668 0.411765 0.00865052 0.0138408
3 0.635813 0.418108 0.0103806 0.0334487
9 0.697664 0.298155 0.00605536 0.0103806
7 0.679498 0.436563 0.00605536 0.00807382
9 0.777682 0.287197 0.00692042 0.011534
6 0.418253 0.344867 0.00778547 0.00922722
9 0.531574 0.319492 0.00605536 0.011534
2 0.646194 0.396194 0.0138408 0.0265283
1 0.778114 0.425606 0.00951557 0.0253749
6 0.445502 0.342561 0.00692042 0.00922722
7 0.276384 0.466551 0.00951557 0.0103806
6 0.86808 0.291234 0.00778547 0.0103806
7 0.738322 0.367935 0.00778547 0.011534
9 0.664792 0.302191 0.00605536 0.011534
7 0.158304 0.456747 0.0103806 0.0161476
11 0.421713 0.504037 0.033737 0.0553633
12 0.506055 0.358708 0.0190311 0.0276817
7 0.968426 0.405998 0.00951557 0.011534
7 0.176038 0.458477 0.0112457 0.0149942
1 0.698529 0.428489 0.00951557 0.0288351
9 0.677768 0.299885 0.00605536 0.011534
6 0.471453 0.340254 0.00865052 0.00922722
7 0.247405 0.463091 0.0103806 0.0126874
1 0.29801 0.474048 0.0147059 0.0299885
1 0.758651 0.427912 0.00865052 0.0253749
7 0.0778547 0.39331 0.0103806 0.0161476
9 0.761678 0.289504 0.00605536 0.011534
7 0.968426 0.421569 0.00951557 0.0126874
9 0.483564 0.324683 0.00692042 0.0103806
6 0.737024 0.307382 0.00692042 0.0103806
8 0.483564 0.441753 0.00865052 0.0461361
12 0.383651 0.374856 0.0233564 0.023068
1 0.868945 0.419262 0.0112457 0.0334487
7 0.208478 0.460208 0.0121107 0.0138408
6 0.820502 0.295848 0.00778547 0.0103806
7 0.261678 0.464245 0.00951557 0.0126874
6 0.780709 0.301615 0.00778547 0.0103806
3 0.6609 0.412918 0.0103806 0.0369089
9 0.558824 0.316032 0.00692042 0.00922722
7 0.519031 0.367935 0.00865052 0.011534
1 0.247405 0.465398 0.0138408 0.0311419
8 0.567907 0.435409 0.00951557 0.0472895
1 0.819637 0.420415 0.00951557 0.0311419
9 0.74481 0.291811 0.00692042 0.011534
7 0.139273 0.453287 0.0103806 0.0161476
7 0.423875 0.408881 0.00865052 0.0126874
1 0.843858 0.419262 0.0112457 0.0334487
1 0.680363 0.428489 0.00951557 0.0288351
6 0.70199 0.311995 0.00778547 0.0103806
8 0.521194 0.438293 0.00951557 0.0484429
8 0.50173 0.438293 0.0103806 0.0484429
1 0.276384 0.470588 0.0147059 0.0299885
8 0.577422 0.434833 0.00951557 0.0484429
12 0.297145 0.423875 0.0112457 0.017301
8 0.49308 0.439446 0.0103806 0.0484429
7 0.360294 0.411765 0.00951557 0.0138408
8 0.530277 0.43714 0.0103806 0.0461361
9 0.472751 0.326413 0.00605536 0.00922722
7 0.765138 0.364475 0.00778547 0.011534
7 0.392301 0.410611 0.00951557 0.0138408
8 0.558391 0.435409 0.00951557 0.0495963
8 0.54109 0.435986 0.0112457 0.0484429
12 0.543253 0.354671 0.0207612 0.0311419
7 0.102076 0.391003 0.0103806 0.0161476
4 0.471021 0.464245 0.0112457 0.0311419
6 0.759516 0.305075 0.00692042 0.0103806
10 0.843858 0.476932 0.0371972 0.0357555
1 0.968858 0.411765 0.0138408 0.0392157
12 0.579152 0.352941 0.0198962 0.0299885
9 0.496972 0.322376 0.00605536 0.0103806
1 0.139273 0.457324 0.0155709 0.0334487
1 0.157872 0.460208 0.0147059 0.0322953
7 0.0899654 0.392157 0.0103806 0.0184544
1 0.208478 0.463668 0.0155709 0.0346021
1 0.176471 0.462514 0.0155709 0.0346021
11 0.393166 0.517878 0.0683391 0.0692042
4 0.627163 0.459631 0.0138408 0.0380623
4 0.657439 0.460208 0.0138408 0.0369089
4 0.641869 0.460784 0.0138408 0.0380623
11 0.733997 0.49481 0.0683391 0.101499
