6 0.435547 0.219076 0.022461 0.037109
6 0.491455 0.204753 0.020020 0.039714
6 0.550781 0.198568 0.017578 0.035156
6 0.662842 0.182292 0.017090 0.031250
6 0.728027 0.171224 0.017578 0.031250
6 0.795410 0.158203 0.019531 0.033854
6 0.922852 0.137695 0.021484 0.034505
7 0.918701 0.201172 0.032715 0.058594
7 0.570068 0.253906 0.026855 0.052083
7 0.294189 0.296224 0.023926 0.046875
7 0.058838 0.330729 0.022949 0.044271
7 0.109131 0.369466 0.020020 0.038411
7 0.153320 0.402669 0.019531 0.035807
9 0.105225 0.549479 0.049316 0.139323
9 0.194092 0.542969 0.045410 0.141927
9 0.288330 0.541341 0.043457 0.150391
12 0.337402 0.557943 0.063477 0.130208
12 0.640625 0.541341 0.043945 0.113932
12 0.874023 0.532552 0.049805 0.117188
7 0.753418 0.546875 0.041992 0.102865
10 0.259277 0.751302 0.098633 0.111979
10 0.481934 0.756510 0.107422 0.122396
10 0.753906 0.763021 0.111328 0.122396
9 0.090088 0.720052 0.031738 0.072917
8 0.046143 0.733724 0.042480 0.161458
7 0.581787 0.310872 0.016113 0.042318
7 0.594971 0.356771 0.015137 0.035156
2 0.424805 0.549805 0.034180 0.082682
2 0.486572 0.546224 0.033691 0.084635
2 0.551025 0.541992 0.033691 0.086589
2 0.677734 0.534831 0.034180 0.089193
2 0.829102 0.525391 0.041016 0.095052
2 0.977783 0.519857 0.043457 0.100911
3 0.407715 0.590820 0.037109 0.097005
3 0.471436 0.593750 0.033691 0.092448
3 0.535889 0.584635 0.036621 0.100260
3 0.961670 0.572917 0.037598 0.118490
7 0.432373 0.537435 0.020996 0.024089
7 0.400879 0.619141 0.019531 0.023438
7 0.462891 0.616862 0.018555 0.024089
7 0.494629 0.532552 0.019531 0.023438
7 0.558350 0.529622 0.018066 0.024089
7 0.528564 0.613281 0.019043 0.024740
7 0.682373 0.521484 0.020996 0.024740
7 0.834229 0.513346 0.023926 0.027995
7 0.955322 0.602865 0.025879 0.028646
7 0.982422 0.505534 0.025391 0.027995
