12 0.492432 0.565430 0.069824 0.121745
12 0.407715 0.443359 0.103516 0.132812
12 0.260986 0.255208 0.175293 0.205729
10 0.986572 0.765951 0.026855 0.094401
10 0.935303 0.797526 0.041504 0.075521
10 0.895508 0.810872 0.029297 0.068359
10 0.866211 0.817708 0.021484 0.058594
6 0.893799 0.278971 0.021973 0.021484
6 0.882080 0.311523 0.019043 0.017578
6 0.865723 0.363932 0.018555 0.016927
7 0.764160 0.407878 0.020508 0.020182
7 0.830811 0.400391 0.017090 0.019531
7 0.899170 0.393555 0.020996 0.018880
7 0.856689 0.496094 0.016113 0.016927
7 0.803711 0.500977 0.015625 0.016276
7 0.784668 0.569336 0.013672 0.013672
7 0.829590 0.566081 0.013672 0.013672
7 0.810791 0.613932 0.010254 0.011719
7 0.742432 0.572591 0.011230 0.013672
7 0.737305 0.618815 0.009766 0.012370
7 0.773193 0.616211 0.011230 0.012370
7 0.733154 0.652669 0.009277 0.011068
7 0.764893 0.650065 0.009277 0.011068
7 0.973145 0.205729 0.028320 0.029948
7 0.876709 0.226562 0.026855 0.031250
7 0.784912 0.237630 0.023926 0.027344
12 0.594971 0.726237 0.034668 0.065755
8 0.713379 0.835286 0.009766 0.065104
9 0.763428 0.823242 0.011230 0.026693
7 0.725342 0.798503 0.009277 0.013672
7 0.734863 0.795898 0.009766 0.013672
9 0.916992 0.214193 0.021484 0.029948
9 0.873291 0.348958 0.016113 0.028646
9 0.899170 0.282878 0.017090 0.034505
