13 0.455078 0.466471 0.042969 0.082682
13 0.539062 0.475911 0.037109 0.078125
13 0.629395 0.481445 0.044922 0.074870
10 0.898193 0.714518 0.203613 0.201172
1 0.868164 0.336263 0.085938 0.152995
1 0.804932 0.414388 0.070801 0.137370
1 0.756836 0.478841 0.062500 0.121745
7 0.477539 0.275391 0.029297 0.024740
7 0.562012 0.289062 0.027344 0.022135
7 0.644775 0.295573 0.028809 0.022135
7 0.872559 0.382812 0.040039 0.049479
7 0.867676 0.304362 0.028320 0.048828
7 0.803223 0.387370 0.032227 0.044271
7 0.810059 0.455404 0.032227 0.042318
7 0.754395 0.455404 0.025391 0.038411
7 0.761475 0.514323 0.024902 0.041667
6 0.802246 0.031576 0.035156 0.033203
