4 0.517334 0.511719 0.062988 0.201823
4 0.434326 0.512370 0.065918 0.191406
4 0.354004 0.512044 0.068359 0.185547
12 0.297119 0.553060 0.036621 0.073568
9 0.120361 0.606445 0.018066 0.047526
7 0.147705 0.554688 0.016113 0.022135
7 0.344727 0.131185 0.031250 0.039714
7 0.458252 0.118815 0.029785 0.038411
7 0.796387 0.080729 0.036133 0.041667
7 0.936279 0.068359 0.040527 0.048177
1 0.302979 0.201497 0.060059 0.173828
1 0.428711 0.189128 0.051758 0.182943
1 0.564941 0.177083 0.044922 0.186198
5 0.825439 0.163737 0.062988 0.201172
7 0.968750 0.126302 0.041992 0.059896
7 0.816162 0.138997 0.042480 0.052734
7 0.820312 0.218099 0.043945 0.053385
7 0.320068 0.187826 0.023926 0.046224
7 0.373047 0.368815 0.030273 0.041016
7 0.485107 0.366211 0.031738 0.039714
7 0.604248 0.360352 0.030762 0.035807
