12 0.265381 0.170573 0.060059 0.069010
12 0.163574 0.175130 0.069336 0.059896
12 0.063721 0.178385 0.073730 0.061198
12 0.234863 0.392904 0.016602 0.119141
12 0.206543 0.392578 0.018555 0.118490
12 0.178955 0.392253 0.016113 0.119141
12 0.155273 0.445638 0.025391 0.104818
12 0.118164 0.392253 0.019531 0.113932
12 0.090088 0.391276 0.019043 0.114583
12 0.062256 0.390299 0.020020 0.112630
7 0.114746 0.303711 0.016602 0.033203
7 0.227783 0.300130 0.013184 0.035156
7 0.949463 0.374023 0.011230 0.017578
7 0.803711 0.373372 0.011719 0.014974
7 0.626953 0.373047 0.012695 0.016927
7 0.654541 0.373047 0.010254 0.014323
7 0.580078 0.373372 0.012695 0.016276
7 0.534668 0.373047 0.012695 0.016927
7 0.520020 0.373372 0.010742 0.013672
7 0.709229 0.459635 0.009277 0.013021
6 0.438721 0.312826 0.009277 0.016276
6 0.468750 0.313151 0.008789 0.015625
6 0.499268 0.313477 0.008301 0.016276
6 0.553223 0.313477 0.008789 0.017578
6 0.584229 0.313477 0.008301 0.017578
6 0.615479 0.312826 0.009277 0.016276
6 0.672852 0.309896 0.007812 0.014323
6 0.738525 0.309570 0.009277 0.014974
11 0.578857 0.601888 0.094238 0.180339
4 0.434570 0.527995 0.020508 0.063802
4 0.406494 0.528320 0.020996 0.068359
4 0.377930 0.528971 0.021484 0.067057
10 0.710449 0.587240 0.048828 0.054688
10 0.842773 0.588867 0.056641 0.054036
13 0.964600 0.468750 0.025879 0.033854
13 0.946289 0.474609 0.016602 0.026042
13 0.930176 0.481120 0.017578 0.027344
10 0.458984 0.580078 0.044922 0.048177
12 0.502930 0.576172 0.007812 0.020833
1 0.385010 0.353190 0.047363 0.035807
7 0.379883 0.360352 0.010742 0.014974
7 0.400391 0.361979 0.008789 0.014323
7 0.549561 0.483724 0.011230 0.011719
7 0.549072 0.504232 0.010254 0.012370
7 0.583008 0.485026 0.010742 0.013021
7 0.616455 0.484701 0.010254 0.013672
7 0.711670 0.486979 0.011230 0.013021
7 0.746826 0.487956 0.010254 0.013672
7 0.746338 0.508464 0.011230 0.014323
7 0.844971 0.489909 0.011230 0.013672
7 0.844971 0.511719 0.011230 0.013021
7 0.809570 0.488932 0.009766 0.013021
7 0.809814 0.511068 0.012207 0.013021
7 0.881104 0.490560 0.012207 0.013672
7 0.882080 0.512695 0.011230 0.013672
1 0.880859 0.504557 0.014648 0.057292
1 0.844971 0.502279 0.011230 0.056641
1 0.809814 0.500000 0.012207 0.052083
1 0.747314 0.498698 0.011230 0.050781
1 0.712158 0.499023 0.010254 0.055339
1 0.677734 0.496419 0.008789 0.047526
7 0.711914 0.508789 0.009766 0.014974
2 0.457275 0.402669 0.020996 0.065755
2 0.410889 0.403320 0.023926 0.064453
2 0.365234 0.402018 0.024414 0.063151
3 0.443604 0.436849 0.020996 0.070312
3 0.398193 0.441081 0.023926 0.059245
3 0.351318 0.443685 0.024902 0.056641
