7 0.218108 0.109874 0.0244007 0.0313927
7 0.301156 0.212329 0.015839 0.0228311
7 0.528039 0.077911 0.015839 0.0228311
7 0.541845 0.252568 0.00877568 0.0136986
1 0.307363 0.174372 0.0346747 0.101027
6 0.664491 0.0413813 0.0117723 0.0142694
7 0.257063 0.0383847 0.0222603 0.0328196
9 0.759418 0.441781 0.00770548 0.0211187
7 0.270334 0.137557 0.0218322 0.0291096
7 0.561537 0.218037 0.0100599 0.0148402
7 0.34268 0.320491 0.0119863 0.0171233
1 0.631421 0.281107 0.0218322 0.0679224
7 0.293771 0.144264 0.0194777 0.0259703
7 0.273009 0.0860445 0.0211901 0.0288242
7 0.339469 0.286815 0.0132705 0.0182648
1 0.568065 0.340753 0.0166952 0.0468037
1 0.245719 0.0505137 0.0582192 0.101027
1 0.981378 0.0222603 0.0372432 0.0445205
1 0.296233 0.16367 0.0385274 0.0990297
7 0.634311 0.298088 0.0126284 0.0174087
7 0.254923 0.100885 0.0239726 0.0316781
7 0.468964 0.281107 0.00856164 0.0119863
7 0.293236 0.189355 0.0192637 0.0259703
7 0.633776 0.269121 0.0124144 0.0188356
7 0.772153 0.0950342 0.015625 0.0199772
7 0.526113 0.217466 0.00984589 0.0148402
7 0.59375 0.289669 0.00941781 0.0142694
7 0.46158 0.308076 0.00749144 0.0105594
9 0.735766 0.445919 0.00791952 0.0208333
7 0.591824 0.0506564 0.0162671 0.0231164
7 0.594713 0.33105 0.010488 0.0148402
1 0.555865 0.352026 0.015839 0.0453767
7 0.508455 0.25742 0.00877568 0.0125571
7 0.486729 0.308933 0.0072774 0.00998858
7 0.235766 0.00941781 0.0246147 0.0182648
7 0.496254 0.284389 0.0083476 0.0111301
7 0.883241 0.189926 0.0263271 0.034532
7 0.557791 0.342038 0.00856164 0.0128425
7 0.226241 0.214184 0.0188356 0.0225457
7 0.660638 0.327768 0.0126284 0.0162671
7 0.603917 0.323773 0.010488 0.0151256
7 0.932898 0.159247 0.0288955 0.038242
1 0.261558 0.0754852 0.0547945 0.125856
7 0.98994 0.0131279 0.0196918 0.0262557
7 0.28414 0.299087 0.0237586 0.0285388
7 0.55854 0.361159 0.00877568 0.0134132
7 0.335509 0.277968 0.0147688 0.0194064
7 0.478489 0.259846 0.00963185 0.0134132
7 0.620612 0.353881 0.010488 0.0136986
7 0.488977 0.215468 0.0113442 0.0159817
7 0.647581 0.255708 0.0130565 0.0194064
7 0.741759 0.16738 0.0194777 0.0276826
7 0.511023 0.309361 0.00749144 0.010274
7 0.633348 0.0799087 0.015411 0.0199772
10 0.584867 0.425656 0.0331764 0.047089
7 0.581871 0.0690639 0.0143408 0.0211187
4 0.278146 0.339469 0.0297517 0.0876142
7 0.663099 0.2754 0.015411 0.0211187
1 0.591931 0.320205 0.0199058 0.0547945
7 0.759418 0.265982 0.0171233 0.0228311
9 0.770869 0.438213 0.00791952 0.0231164
1 0.6128 0.298516 0.0226884 0.0627854
7 0.33583 0.306792 0.0141267 0.0199772
13 0.503639 0.369863 0.0107021 0.0245434
7 0.836152 0.132135 0.0271832 0.0353881
1 0.831336 0.0994578 0.0488014 0.129852
7 0.648223 0.0523687 0.0160531 0.0214041
7 0.795591 0.16581 0.0239726 0.033105
0 0.291524 0.279538 0.0667808 0.103025
7 0.24208 0.0550799 0.0291096 0.0393836
7 0.534782 0.0479452 0.0177654 0.0256849
7 0.597389 0.144692 0.0128425 0.0182648
7 0.552654 0.143265 0.0124144 0.0182648
7 0.507063 0.142837 0.0136986 0.0179795
7 0.595676 0.307078 0.010274 0.015411
1 0.643301 0.270976 0.0237586 0.0710616
1 0.579837 0.329338 0.0179795 0.0519406
7 0.581871 0.342038 0.010488 0.0145548
7 0.618472 0.257991 0.0100599 0.0171233
7 0.582085 0.320063 0.0100599 0.0145548
7 0.885381 0.0926084 0.0318921 0.0419521
7 0.646939 0.287814 0.0143408 0.0196918
7 0.694777 0.249001 0.0166952 0.0236872
7 0.836259 0.0780537 0.0273973 0.0362443
7 0.796233 0.114869 0.0248288 0.0328196
11 0.0848673 0.4121 0.167594 0.352169
7 0.886451 0.0306792 0.031036 0.0430936
7 0.284354 0.252426 0.0241866 0.029395
13 0.45762 0.369007 0.0111301 0.0228311
10 0.67027 0.398402 0.0558647 0.0747717
13 0.48095 0.369863 0.0107021 0.0222603
7 0.663741 0.241866 0.015411 0.0225457
7 0.695098 0.210616 0.0164812 0.0239726
7 0.614405 0.314926 0.0126284 0.0168379
11 0.378532 0.461473 0.0353168 0.0856164
7 0.717038 0.231307 0.0179795 0.0259703
1 0.880458 0.0640696 0.0550086 0.125285
7 0.717359 0.190925 0.0181935 0.0262557
7 0.741973 0.209618 0.0194777 0.0276826
1 0.791203 0.137272 0.0391695 0.113584
10 0.620826 0.413242 0.0430223 0.0622146
7 0.615047 0.288242 0.0126284 0.0176941
10 0.870933 0.328339 0.124572 0.151541
1 0.713292 0.208191 0.031464 0.0921804
1 0.690604 0.226884 0.0297517 0.0850457
1 0.66021 0.256136 0.0271832 0.0767694
10 0.742937 0.37286 0.0800514 0.101884
1 0.737586 0.186358 0.0338185 0.0976027
