9 0.397461 0.291992 0.084961 0.337891
7 0.561523 0.192057 0.066406 0.113281
8 0.722656 0.446615 0.073242 0.373698
8 0.659668 0.493164 0.048828 0.277995
9 0.828857 0.561198 0.038574 0.115885
9 0.786621 0.575846 0.033203 0.091797
7 0.500488 0.373372 0.044922 0.082682
7 0.315430 0.214518 0.022461 0.024089
7 0.231934 0.206380 0.023438 0.026042
7 0.321045 0.374023 0.017090 0.022786
7 0.324463 0.466146 0.015137 0.016927
7 0.275146 0.463867 0.015137 0.017578
7 0.293945 0.569661 0.010742 0.013021
12 0.721436 0.540365 0.094238 0.097656
10 0.127686 0.684245 0.062988 0.145833
10 0.185547 0.724284 0.037109 0.112630
10 0.217773 0.747396 0.028320 0.091146
10 0.036133 0.617839 0.069336 0.231771
1 0.070068 0.287109 0.066895 0.167969
1 0.106934 0.352865 0.067383 0.143229
1 0.130615 0.416016 0.050293 0.113281
7 0.072266 0.260417 0.048828 0.050781
7 0.062988 0.320312 0.052734 0.049479
7 0.106201 0.335286 0.043457 0.036458
7 0.097168 0.385417 0.042969 0.045573
7 0.128662 0.435547 0.034668 0.037760
7 0.132324 0.386068 0.032227 0.037760
7 0.172119 0.416341 0.027832 0.030599
7 0.091064 0.209635 0.051270 0.045573
7 0.162598 0.459310 0.031250 0.029297
7 0.156982 0.502279 0.035645 0.031901
