11 0.840576 0.859701 0.318848 0.280599
5 0.540039 0.305013 0.071289 0.214193
5 0.692871 0.334635 0.079102 0.195312
5 0.848389 0.371094 0.104004 0.204427
7 0.971680 0.346680 0.043945 0.037109
7 0.766602 0.300781 0.046875 0.040365
7 0.508057 0.238281 0.039551 0.037760
1 0.230713 0.221680 0.087402 0.225911
4 0.085205 0.685221 0.132324 0.348307
7 0.093994 0.143555 0.050293 0.057943
1 0.039062 0.192708 0.077148 0.251302
7 0.642578 0.274414 0.042969 0.042318
7 0.051270 0.180339 0.043945 0.059896
7 0.030273 0.264648 0.049805 0.070964
7 0.236816 0.216471 0.047852 0.054036
7 0.223389 0.300781 0.058105 0.061198
7 0.531006 0.282552 0.046387 0.054688
7 0.534180 0.364909 0.043945 0.057943
7 0.681641 0.317383 0.047852 0.061849
7 0.693848 0.394531 0.044922 0.058594
7 0.821533 0.348958 0.047363 0.061198
7 0.841064 0.425130 0.047363 0.055990
12 0.193115 0.804688 0.034668 0.100260
9 0.173584 0.879557 0.021973 0.089844
7 0.661133 0.938151 0.016602 0.020833
7 0.228027 0.976237 0.026367 0.031901
