13 0.579346 0.418294 0.041504 0.087891
13 0.682617 0.388672 0.042969 0.089844
13 0.490967 0.448568 0.037598 0.079427
12 0.373047 0.943359 0.031250 0.039062
12 0.259277 0.901042 0.038086 0.048177
12 0.210938 0.885091 0.041016 0.054036
12 0.094482 0.842122 0.050293 0.064453
12 0.024170 0.820638 0.047363 0.065755
1 0.641357 0.788411 0.027832 0.071615
1 0.610840 0.753581 0.025391 0.087891
1 0.591309 0.729818 0.022461 0.079427
1 0.567139 0.703451 0.030762 0.086589
1 0.520264 0.643229 0.030762 0.095052
1 0.487305 0.610677 0.033203 0.110677
10 0.437012 0.815755 0.108398 0.118490
10 0.563232 0.899740 0.074707 0.089844
10 0.641357 0.946615 0.055176 0.065104
7 0.723877 0.448893 0.021973 0.016276
7 0.771240 0.598958 0.019043 0.015625
7 0.711182 0.608398 0.017090 0.014974
7 0.656982 0.618164 0.017090 0.014974
6 0.544922 0.455404 0.017578 0.020182
6 0.429932 0.252604 0.020996 0.026042
7 0.555908 0.663737 0.017090 0.020182
7 0.639648 0.810221 0.015625 0.020182
7 0.636719 0.777018 0.014648 0.020182
7 0.608398 0.776693 0.016602 0.022135
7 0.607178 0.737630 0.015137 0.022135
7 0.587891 0.752604 0.013672 0.023438
7 0.586426 0.713867 0.015625 0.025391
7 0.561523 0.727539 0.016602 0.027995
7 0.562256 0.686849 0.014160 0.026042
7 0.513672 0.673177 0.019531 0.027344
7 0.515137 0.627930 0.017578 0.029297
7 0.480957 0.587240 0.017578 0.027344
7 0.480713 0.636719 0.021973 0.029948
7 0.797363 0.883138 0.010742 0.012370
7 0.826904 0.881510 0.009277 0.011719
7 0.838379 0.906576 0.008789 0.011068
7 0.811523 0.908203 0.008789 0.009115
7 0.847656 0.927734 0.008789 0.009115
7 0.873535 0.927734 0.007812 0.009115
7 0.822266 0.928711 0.007812 0.011068
7 0.815430 0.851562 0.007812 0.013021
7 0.781982 0.852539 0.011230 0.012370
7 0.750244 0.697591 0.013184 0.016276
7 0.551758 0.806315 0.017578 0.022786
7 0.449463 0.714518 0.023926 0.031901
7 0.412354 0.683919 0.021973 0.033203
6 0.606934 0.561198 0.016602 0.018229
6 0.626953 0.600586 0.014648 0.016276
7 0.703125 0.705078 0.012695 0.015625
9 0.154297 0.930013 0.019531 0.059245
9 0.213867 0.948568 0.017578 0.046875
9 0.040283 0.902669 0.022949 0.051432
7 0.432373 0.975260 0.009277 0.010417
12 0.420654 0.959310 0.021973 0.046224
12 0.448975 0.965495 0.020020 0.039062
7 0.730957 0.748372 0.014648 0.018880
7 0.772949 0.743164 0.011719 0.016276
7 0.793945 0.796224 0.010742 0.013021
7 0.758301 0.800130 0.009766 0.011719
