11 0.530518 0.711589 0.254395 0.430990
4 0.380371 0.593099 0.038086 0.119792
4 0.343994 0.597331 0.038574 0.108724
4 0.308594 0.605794 0.037109 0.104818
4 0.056152 0.636068 0.031250 0.083333
7 0.864014 0.282878 0.021973 0.026693
7 0.691650 0.225911 0.026855 0.033854
7 0.605957 0.257161 0.024414 0.033854
7 0.530029 0.285156 0.021973 0.031250
7 0.418213 0.328125 0.021973 0.029948
7 0.310547 0.366211 0.020508 0.025391
7 0.093262 0.443359 0.017578 0.022135
2 0.389648 0.363281 0.058594 0.109375
3 0.369385 0.442057 0.041504 0.092448
3 0.309570 0.457031 0.037109 0.091146
3 0.258057 0.469076 0.041504 0.089193
7 0.715088 0.332357 0.016113 0.031901
7 0.628418 0.357096 0.015625 0.030599
7 0.551514 0.379883 0.016113 0.031901
7 0.437988 0.411458 0.015625 0.027344
7 0.405273 0.349609 0.020508 0.031250
7 0.382080 0.427083 0.017090 0.024740
7 0.377197 0.460286 0.015137 0.028646
7 0.318604 0.473958 0.016113 0.029948
7 0.265137 0.487956 0.016602 0.026693
7 0.737305 0.534831 0.016602 0.020182
7 0.738037 0.567708 0.017090 0.020833
7 0.648926 0.546875 0.012695 0.019531
7 0.647949 0.577799 0.015625 0.018880
7 0.854004 0.517904 0.017578 0.021484
7 0.855713 0.553711 0.017090 0.020182
7 0.973633 0.501628 0.020508 0.022786
7 0.976562 0.541016 0.019531 0.023438
1 0.975586 0.519206 0.022461 0.090495
1 0.855713 0.531250 0.019043 0.085938
1 0.737549 0.548503 0.016113 0.074870
1 0.647217 0.559896 0.018066 0.072917
12 0.747070 0.700195 0.019531 0.038411
12 0.909180 0.694010 0.015625 0.040365
12 0.377197 0.711914 0.016113 0.025391
12 0.414795 0.710612 0.016113 0.027995
10 0.157959 0.717122 0.047363 0.052734
1 0.211914 0.618490 0.020508 0.054688
1 0.173096 0.622396 0.018066 0.050781
1 0.153809 0.625977 0.018555 0.051432
1 0.133789 0.628906 0.018555 0.049479
7 0.136719 0.618490 0.009766 0.013021
7 0.134277 0.638672 0.010742 0.013021
7 0.156006 0.614909 0.009277 0.013672
7 0.153809 0.636068 0.009766 0.013021
7 0.176025 0.612305 0.010254 0.013672
7 0.174561 0.633789 0.009277 0.012370
7 0.214600 0.607096 0.010254 0.014974
7 0.212646 0.629232 0.010254 0.014974
7 0.270020 0.644206 0.010742 0.014974
7 0.187012 0.652669 0.008789 0.012370
7 0.168213 0.653971 0.009277 0.013672
7 0.070068 0.463867 0.016113 0.024089
7 0.045654 0.543294 0.016113 0.024089
7 0.015625 0.551107 0.015625 0.021484
6 0.951660 0.207357 0.015625 0.026693
6 0.846191 0.242839 0.014648 0.023438
