7 0.402825 0.104452 0.0107021 0.015411
1 0.22667 0.0228311 0.0286815 0.0428082
7 0.340967 0.171376 0.0132705 0.0196918
8 0.994435 0.311216 0.0111301 0.0505137
7 0.632705 0.218465 0.0107021 0.0162671
5 0.84161 0.0194064 0.0625 0.0388128
1 0.339041 0.179652 0.0273973 0.0756279
7 0.484482 0.243864 0.00620719 0.00941781
12 0.147474 0.335616 0.0162671 0.0251142
7 0.896083 0.135274 0.0297517 0.0342466
4 0.729559 0.269692 0.0263271 0.0827626
0 0.605736 0.311644 0.0282534 0.0439498
13 0.489191 0.301227 0.010488 0.0219749
7 0.342894 0.202626 0.0132705 0.0194064
7 0.331443 0.153682 0.0139127 0.0214041
10 0.36387 0.33847 0.0406678 0.0616438
1 0.304152 0.109018 0.0308219 0.0936073
12 0.122432 0.324914 0.0145548 0.0231164
7 0.764769 0.0482306 0.0214041 0.0285388
7 0.436644 0.243008 0.00642123 0.00941781
7 0.334118 0.191638 0.0124144 0.019121
7 0.483626 0.222175 0.00706336 0.00941781
7 0.648652 0.177797 0.00877568 0.0148402
13 0.46586 0.298231 0.010488 0.0211187
7 0.400899 0.0991724 0.0107021 0.0151256
7 0.740903 0.0787671 0.0199058 0.0285388
7 0.976991 0.245006 0.0139127 0.0185502
12 0.989405 0.194349 0.0211901 0.0445205
7 0.263699 0.197631 0.0141267 0.0208333
7 0.236943 0.167808 0.0162671 0.0245434
1 0.323523 0.154252 0.031464 0.0864726
7 0.710616 0.157677 0.015411 0.024258
7 0.770976 0.174658 0.0149829 0.0211187
7 0.706978 0.101741 0.0132705 0.0179795
7 0.284568 0.118008 0.0211901 0.0305365
7 0.457406 0.22246 0.0072774 0.00941781
1 0.629709 0.228453 0.0205479 0.0619292
4 0.64223 0.322917 0.0160531 0.0619292
7 0.4314 0.222603 0.00749144 0.0097032
5 0.733733 0.104452 0.0436644 0.102169
7 0.301263 0.138271 0.0160531 0.0236872
7 0.460509 0.243293 0.00620719 0.00884703
7 0.235338 0.121433 0.0147688 0.024258
7 0.641802 0.187643 0.00920377 0.0145548
13 0.446062 0.303225 0.0107021 0.0214041
7 0.226562 0.0228311 0.0276113 0.0410959
1 0.232984 0.0291096 0.0477312 0.0582192
7 0.423694 0.19492 0.0083476 0.0114155
7 0.284889 0.0683505 0.0205479 0.0299658
7 0.711152 0.119292 0.0143408 0.0222603
11 0.607449 0.391267 0.0860445 0.125
7 0.975813 0.195776 0.0111301 0.0136986
7 0.453874 0.19492 0.00791952 0.010274
5 0.757491 0.074629 0.0462329 0.107591
7 0.922945 0.218037 0.0128425 0.0142694
7 0.852526 0.0097032 0.0273973 0.0194064
10 0.151862 0.222603 0.1372 0.189498
7 0.433647 0.0226884 0.0124144 0.0202626
7 0.743044 0.122574 0.0181935 0.0271119
7 0.484054 0.09746 0.0126284 0.0162671
7 0.0873288 0.0246861 0.0321062 0.0482306
7 0.895334 0.191353 0.0282534 0.0333904
7 0.322774 0.173801 0.0149829 0.0234018
7 0.442744 0.0977454 0.0117723 0.0168379
1 0.705693 0.139697 0.0351027 0.0893265
7 0.322774 0.134703 0.015411 0.0234018
7 0.771083 0.0101313 0.0177654 0.0202626
7 0.415347 0.162386 0.00877568 0.0131279
10 0.319777 0.310217 0.047089 0.0787671
7 0.947988 0.207905 0.0119863 0.0122717
7 0.764983 0.0981735 0.0205479 0.027968
7 0.129602 0.0652112 0.0301798 0.0413813
7 0.791417 0.0179795 0.0224743 0.0308219
5 0.780501 0.0516553 0.0524401 0.103311
10 0.257598 0.280537 0.0798373 0.114155
7 0.264876 0.0359589 0.0229024 0.0353881
7 0.380993 0.0225457 0.015411 0.0234018
7 0.791952 0.0709189 0.0226884 0.0311073
1 0.272046 0.0602169 0.0436644 0.113584
7 0.267872 0.0881849 0.0229024 0.0348174
11 0.893086 0.386558 0.212971 0.295947
1 0.291524 0.090468 0.0355308 0.106164
11 0.713292 0.344749 0.0901113 0.188356
