6 0.132324 0.099284 0.014648 0.026693
6 0.175049 0.110352 0.014160 0.021484
6 0.218018 0.126302 0.018066 0.024740
6 0.284912 0.144857 0.016113 0.021484
6 0.321777 0.152995 0.014648 0.020833
6 0.355469 0.166016 0.017578 0.022135
6 0.416260 0.184245 0.011230 0.019531
6 0.443115 0.194336 0.015137 0.017578
6 0.472656 0.203451 0.017578 0.017578
6 0.520020 0.214844 0.013672 0.015625
6 0.543945 0.221680 0.013672 0.016276
7 0.180420 0.304036 0.013184 0.019531
7 0.331299 0.331055 0.013184 0.018880
7 0.445801 0.224935 0.016602 0.018880
7 0.492676 0.238932 0.012695 0.020833
7 0.459961 0.251302 0.011719 0.016927
7 0.535400 0.251953 0.014160 0.020833
7 0.604492 0.270182 0.013672 0.018229
7 0.121094 0.163086 0.018555 0.021484
7 0.306885 0.210286 0.013184 0.019531
7 0.332031 0.151693 0.010742 0.014323
7 0.183350 0.105794 0.012207 0.016276
7 0.795410 0.199870 0.032227 0.037760
7 0.749023 0.220052 0.028320 0.036458
7 0.708252 0.234701 0.028809 0.035807
10 0.174805 0.470378 0.068359 0.069661
10 0.326904 0.480469 0.054199 0.057292
10 0.453125 0.489583 0.051758 0.052083
10 0.548828 0.495768 0.030273 0.047526
11 0.597412 0.527018 0.050293 0.102214
11 0.682373 0.533529 0.153809 0.172526
13 0.114258 0.289714 0.037109 0.052083
12 0.103516 0.468099 0.016602 0.039062
12 0.234131 0.474609 0.019043 0.032552
12 0.275391 0.478190 0.021484 0.029297
12 0.381104 0.483398 0.016113 0.029297
1 0.137695 0.347656 0.015625 0.071615
1 0.183594 0.355143 0.016602 0.067057
1 0.229492 0.358724 0.017578 0.061198
1 0.301514 0.370443 0.017090 0.058594
1 0.339355 0.375977 0.015625 0.059245
1 0.375488 0.380859 0.014648 0.055990
1 0.434326 0.390625 0.015137 0.053385
1 0.541992 0.405924 0.016602 0.048828
1 0.588867 0.406250 0.024414 0.071615
1 0.656738 0.331706 0.024414 0.072266
1 0.621826 0.326823 0.022949 0.078125
1 0.690674 0.338542 0.023926 0.070312
7 0.137939 0.335286 0.015137 0.020833
7 0.136963 0.363281 0.015137 0.018229
7 0.183838 0.342448 0.015137 0.020833
7 0.183594 0.369466 0.015625 0.017578
7 0.228760 0.375000 0.014160 0.019531
7 0.228760 0.347982 0.015137 0.018880
7 0.375000 0.370443 0.011719 0.015625
7 0.374756 0.393880 0.012207 0.016927
7 0.339111 0.364909 0.013184 0.016276
7 0.338867 0.389648 0.012695 0.017578
7 0.300293 0.385091 0.012695 0.017578
7 0.300293 0.359701 0.013672 0.017578
7 0.433594 0.402669 0.013672 0.016276
7 0.433838 0.378255 0.014160 0.015625
7 0.586182 0.392253 0.018066 0.021484
7 0.585693 0.425456 0.018066 0.022786
7 0.540283 0.416992 0.012207 0.014974
7 0.540771 0.394531 0.012207 0.014323
7 0.655762 0.318359 0.015625 0.020833
7 0.657227 0.349609 0.018555 0.020833
7 0.688232 0.357096 0.017090 0.021484
7 0.690430 0.327474 0.015625 0.023438
9 0.119141 0.498372 0.007812 0.021484
9 0.220215 0.501302 0.006836 0.023438
9 0.242432 0.502930 0.007324 0.022786
12 0.650879 0.246094 0.041992 0.055990
12 0.706055 0.265299 0.028320 0.042318
7 0.796143 0.400716 0.023926 0.026693
7 0.844727 0.392904 0.028320 0.030599
7 0.832520 0.345052 0.008789 0.011719
9 0.787598 0.275065 0.007812 0.012370
9 0.725830 0.254883 0.007324 0.013672
9 0.776611 0.271484 0.007324 0.013021
9 0.569824 0.204427 0.009766 0.014323
9 0.529053 0.192383 0.010254 0.013672
9 0.470703 0.173828 0.008789 0.014323
9 0.425049 0.157552 0.009277 0.015625
9 0.444336 0.163737 0.007812 0.014974
7 0.346436 0.315430 0.010254 0.011068
7 0.360107 0.306315 0.010254 0.009766
7 0.375244 0.298503 0.010254 0.011068
7 0.451660 0.335938 0.008789 0.011719
