10 0.619385 0.867188 0.198730 0.265625
2 0.546143 0.325521 0.146973 0.194010
3 0.557373 0.459635 0.124512 0.203125
7 0.589111 0.283529 0.063965 0.060547
7 0.581299 0.391276 0.053223 0.059896
7 0.564941 0.502279 0.057617 0.061849
7 0.659668 0.502930 0.032227 0.047526
7 0.668457 0.582357 0.040039 0.051432
7 0.617676 0.661133 0.035156 0.044922
7 0.608887 0.588867 0.034180 0.037109
7 0.519287 0.605143 0.048340 0.051432
7 0.486816 0.684570 0.041992 0.046224
7 0.440918 0.784505 0.035156 0.039062
7 0.422363 0.826823 0.030273 0.035156
7 0.718262 0.094727 0.083008 0.090495
7 0.935547 0.168620 0.070312 0.085938
6 0.505127 0.114583 0.041504 0.032552
6 0.467529 0.261719 0.040527 0.027344
6 0.452393 0.331380 0.032715 0.024740
6 0.415039 0.517253 0.024414 0.021484
7 0.219727 0.585612 0.022461 0.020182
7 0.296387 0.600586 0.021484 0.021484
7 0.368896 0.612305 0.019043 0.017578
7 0.225586 0.728190 0.017578 0.020182
7 0.229736 0.821615 0.013184 0.016927
7 0.343018 0.750000 0.015137 0.016927
7 0.444580 0.536784 0.014160 0.021484
7 0.458252 0.638021 0.033691 0.036458
