10 0.043701 0.787760 0.078613 0.087240
10 0.156982 0.775716 0.100098 0.115234
10 0.341797 0.753581 0.126953 0.146484
10 0.661865 0.698242 0.195801 0.185547
1 0.731201 0.306966 0.055176 0.173828
1 0.617676 0.357096 0.045898 0.149089
1 0.523193 0.403971 0.044434 0.146484
1 0.388672 0.461914 0.041016 0.120443
1 0.328613 0.492839 0.041016 0.118490
1 0.276123 0.512695 0.040527 0.103516
1 0.197754 0.550456 0.041016 0.102214
1 0.158691 0.561523 0.035156 0.087891
1 0.125244 0.575521 0.030762 0.089844
1 0.075928 0.602214 0.034668 0.082031
1 0.047363 0.615885 0.023438 0.075521
1 0.023193 0.624023 0.023926 0.073568
6 0.482422 0.077148 0.015625 0.030599
7 0.017090 0.375651 0.021484 0.022135
7 0.225830 0.477539 0.016113 0.018880
1 0.986816 0.168945 0.026367 0.184245
7 0.731445 0.282552 0.037109 0.048177
7 0.733643 0.359049 0.037598 0.052734
7 0.616943 0.338542 0.037598 0.045573
7 0.617188 0.405273 0.035156 0.043620
7 0.525879 0.381185 0.033203 0.042318
7 0.524658 0.444336 0.029785 0.042318
7 0.395020 0.443359 0.025391 0.031250
7 0.391846 0.499674 0.027832 0.037109
7 0.335938 0.471029 0.023438 0.033203
7 0.331787 0.525716 0.022949 0.037109
7 0.281982 0.493815 0.020020 0.029297
7 0.276611 0.545573 0.022949 0.033854
7 0.204346 0.531901 0.020996 0.029948
7 0.197998 0.577799 0.020996 0.031901
7 0.166260 0.551107 0.018066 0.026693
7 0.158691 0.592773 0.020508 0.024089
7 0.125244 0.606771 0.018066 0.023438
7 0.131836 0.564453 0.017578 0.026042
7 0.076660 0.590820 0.022461 0.025391
7 0.073242 0.628581 0.022461 0.026693
7 0.044434 0.639648 0.019531 0.024089
7 0.052490 0.601562 0.019043 0.023438
7 0.025146 0.613281 0.021973 0.022135
7 0.020996 0.649740 0.021484 0.024740
12 0.516357 0.793294 0.023926 0.047526
9 0.402588 0.847656 0.013184 0.042969
9 0.299805 0.848633 0.010742 0.039714
7 0.297607 0.083008 0.026855 0.034505
7 0.335449 0.050130 0.029297 0.036458
7 0.369141 0.020833 0.032227 0.031250
7 0.413574 0.125977 0.030273 0.037109
7 0.449707 0.097982 0.028320 0.034505
7 0.378906 0.156576 0.025391 0.034505
7 0.138916 0.260742 0.027832 0.024089
7 0.212402 0.302409 0.023438 0.026693
7 0.136475 0.325195 0.017090 0.020182
7 0.050781 0.204753 0.029297 0.031901
7 0.086182 0.408203 0.019043 0.022135
7 0.364746 0.401693 0.017578 0.020833
