9 0.261719 0.402018 0.098633 0.210286
9 0.528564 0.380534 0.084473 0.220703
9 0.827148 0.369141 0.111328 0.214844
3 0.652100 0.726237 0.029785 0.129557
3 0.552002 0.727214 0.030762 0.125000
3 0.458496 0.723958 0.031250 0.121094
2 0.500488 0.686523 0.034180 0.078776
2 0.593262 0.683268 0.042969 0.073568
2 0.685059 0.679362 0.042969 0.087891
10 0.591553 0.950195 0.150879 0.099609
10 0.194824 0.954753 0.113281 0.090495
2 0.162354 0.676758 0.057129 0.098307
3 0.202637 0.730143 0.032227 0.117839
3 0.114258 0.728516 0.034180 0.122396
6 0.048096 0.310547 0.026855 0.029948
6 0.113525 0.310547 0.028809 0.029948
6 0.235107 0.297526 0.022949 0.032552
6 0.304932 0.291992 0.020996 0.037109
7 0.360596 0.287435 0.029785 0.030599
6 0.494385 0.283529 0.023926 0.030599
6 0.639160 0.275065 0.021484 0.039714
6 0.567139 0.278320 0.020996 0.035807
7 0.767334 0.256185 0.031738 0.033203
7 0.439697 0.860677 0.015137 0.016927
7 0.254150 0.859049 0.014160 0.018880
7 0.206299 0.858073 0.016113 0.018229
7 0.157959 0.857747 0.015137 0.020182
5 0.234863 0.918294 0.023438 0.073568
5 0.131592 0.915690 0.030762 0.086589
0 0.429932 0.915690 0.026855 0.078776
7 0.433350 0.902344 0.017090 0.023438
7 0.429932 0.937500 0.018066 0.023438
7 0.237793 0.900065 0.015625 0.022786
7 0.232910 0.935221 0.015625 0.022786
7 0.136475 0.898438 0.018066 0.022135
7 0.130615 0.935547 0.018066 0.024740
12 0.388184 0.404297 0.117188 0.203125
12 0.713135 0.378581 0.112793 0.201172
9 0.076904 0.303711 0.024902 0.050130
9 0.017822 0.306641 0.022949 0.039062
7 0.027832 0.663411 0.035156 0.039062
7 0.030518 0.857747 0.017090 0.016276
7 0.501465 0.658529 0.027344 0.031901
7 0.456787 0.766276 0.027832 0.039062
7 0.551270 0.767253 0.027344 0.038411
7 0.651367 0.766602 0.027344 0.041016
7 0.590576 0.657878 0.027832 0.029297
7 0.681396 0.656250 0.025879 0.035156
7 0.697266 0.663737 0.014648 0.022786
7 0.176025 0.659831 0.026855 0.035807
7 0.203613 0.769857 0.026367 0.034505
7 0.113770 0.766602 0.032227 0.041016
7 0.756104 0.356120 0.019043 0.028646
