12 0.843750 0.184570 0.111328 0.184245
12 0.619873 0.298828 0.092285 0.128906
12 0.442139 0.410807 0.094238 0.095052
12 0.357666 0.446615 0.082520 0.075521
12 0.268311 0.500000 0.073730 0.067708
12 0.229736 0.512044 0.067871 0.050130
12 0.179443 0.543945 0.064941 0.056641
12 0.152344 0.553385 0.048828 0.044271
7 0.740479 0.304688 0.049316 0.052083
7 0.406494 0.456380 0.028809 0.033854
9 0.317383 0.572266 0.016602 0.057292
9 0.297852 0.577148 0.011719 0.052734
6 0.661133 0.137044 0.019531 0.022786
6 0.661377 0.187174 0.016113 0.016276
6 0.691650 0.166667 0.015137 0.015625
6 0.690186 0.152995 0.014160 0.016927
6 0.727539 0.138021 0.016602 0.018229
