10 0.115261 0.162957 0.105950 0.264840
9 0.958048 0.137700 0.046233 0.117295
9 0.909996 0.153111 0.032748 0.103596
12 0.762307 0.159389 0.057577 0.083619
12 0.588934 0.261273 0.034889 0.057934
12 0.563249 0.271547 0.031464 0.053368
12 0.632705 0.230594 0.029538 0.065639
12 0.503853 0.313642 0.023116 0.040525
12 0.479345 0.325771 0.021190 0.032820
7 0.212222 0.054652 0.031464 0.033390
7 0.225599 0.091039 0.028682 0.027397
7 0.235124 0.120434 0.026755 0.027397
7 0.246254 0.157677 0.022474 0.023116
3 0.214683 0.037957 0.044092 0.075342
3 0.229024 0.058076 0.039384 0.106450
3 0.238228 0.090183 0.036815 0.100457
10 0.199058 0.251998 0.046661 0.147260
10 0.237693 0.295662 0.028039 0.109589
12 0.549658 0.062072 0.049229 0.123573
