3 0.814212 0.443779 0.0218322 0.0707763
7 0.806614 0.492295 0.0160531 0.0296804
7 0.91342 0.478596 0.0211901 0.0268265
7 0.960938 0.424515 0.0199058 0.0299658
7 0.947453 0.482449 0.0177654 0.0231164
7 0.810146 0.461045 0.0179795 0.024258
7 0.80137 0.37343 0.0196918 0.034532
10 0.931935 0.56835 0.0625 0.0613584
7 0.770227 0.454481 0.0199058 0.0282534
7 0.619114 0.174372 0.020762 0.0410959
7 0.868365 0.407106 0.0244007 0.0368151
7 0.792487 0.389269 0.0254709 0.0388128
7 0.977954 0.488442 0.0166952 0.0202626
7 0.62286 0.363442 0.0226884 0.0385274
7 0.769585 0.353453 0.0190497 0.0311073
7 0.932042 0.419092 0.0267551 0.0373858
7 0.828981 0.327768 0.0222603 0.0402397
7 0.597282 0.430223 0.020762 0.0305365
7 0.771618 0.25371 0.0222603 0.0371005
6 0.381528 0.355736 0.015625 0.0185502
7 0.64512 0.437785 0.020976 0.033105
7 0.718215 0.377997 0.0267551 0.0482306
7 0.730522 0.478025 0.0205479 0.0365297
7 0.830908 0.39512 0.0239726 0.0390982
6 0.98994 0.189355 0.0201199 0.0214041
7 0.690068 0.296518 0.0222603 0.0422374
7 0.66128 0.310645 0.0211901 0.0425228
7 0.810253 0.229309 0.0246147 0.0442352
3 0.854238 0.451341 0.0214041 0.0653539
7 0.636451 0.325771 0.0181935 0.0333904
7 0.944563 0.356735 0.0218322 0.0353881
6 0.960188 0.176655 0.0226884 0.0194064
6 0.369435 0.37286 0.015839 0.0162671
9 0.774508 0.544806 0.0254709 0.0667808
7 0.690711 0.442922 0.0218322 0.0342466
7 0.919842 0.291952 0.0246147 0.043379
9 0.973887 0.164526 0.0214041 0.0402397
13 0.495505 0.409675 0.0248288 0.0436644
7 0.671019 0.372146 0.0239726 0.0393836
7 0.964683 0.274971 0.0248288 0.0436644
7 0.855201 0.210046 0.0241866 0.0450913
7 0.654966 0.149258 0.0265411 0.0462329
6 0.930437 0.163385 0.026113 0.0219749
6 0.790347 0.112158 0.0306079 0.0371005
9 0.922089 0.148545 0.0171233 0.0419521
8 0.756742 0.560788 0.0190497 0.0730594
13 0.484803 0.415953 0.0286815 0.0482306
9 0.701413 0.537386 0.0265411 0.071347
13 0.514876 0.39669 0.0280394 0.0490868
6 0.866331 0.140268 0.0318921 0.0305365
6 0.829195 0.123858 0.0299658 0.0336758
9 0.946811 0.155822 0.0177654 0.0388128
10 0.63399 0.543094 0.0826199 0.0987443
