6 0.912598 0.275716 0.029297 0.021484
6 0.875977 0.253906 0.029297 0.026042
6 0.837891 0.239258 0.032227 0.025391
6 0.769775 0.208659 0.034668 0.026693
6 0.721680 0.187174 0.032227 0.033203
6 0.678467 0.173503 0.026855 0.029297
6 0.587891 0.139323 0.028320 0.027344
6 0.529785 0.114583 0.028320 0.024740
6 0.471436 0.091471 0.026855 0.027995
6 0.360840 0.042318 0.026367 0.028646
7 0.152588 0.273112 0.025879 0.034505
7 0.068359 0.247070 0.018555 0.027995
7 0.189453 0.383789 0.026367 0.034505
7 0.316406 0.511393 0.025391 0.033203
7 0.357910 0.420573 0.025391 0.036458
7 0.477295 0.446940 0.023926 0.034505
7 0.449463 0.534505 0.025879 0.040365
7 0.757080 0.249023 0.023926 0.029297
7 0.843018 0.378581 0.024902 0.027995
7 0.892578 0.353190 0.022461 0.026693
7 0.951172 0.320964 0.026367 0.031250
7 0.988770 0.426758 0.021484 0.029297
7 0.676758 0.478190 0.014648 0.017578
7 0.740479 0.438802 0.021973 0.024740
7 0.107178 0.072591 0.037598 0.051432
7 0.106445 0.144206 0.033203 0.041016
7 0.492188 0.142253 0.039062 0.041016
10 0.233887 0.675781 0.119141 0.138021
10 0.510498 0.702148 0.104980 0.113932
10 0.722168 0.714844 0.097656 0.104167
10 0.893799 0.727214 0.083496 0.097656
4 0.140625 0.704753 0.026367 0.085286
11 0.369629 0.801432 0.086914 0.117188
11 0.342285 0.827474 0.135742 0.186198
3 0.678955 0.551107 0.027832 0.077474
3 0.728760 0.562826 0.029785 0.076172
3 0.143555 0.442708 0.031250 0.123698
7 0.709717 0.478841 0.017090 0.020182
12 0.530029 0.426432 0.071777 0.139323
12 0.797119 0.501953 0.092285 0.106771
12 0.937500 0.535482 0.083008 0.106120
7 0.879639 0.527669 0.044434 0.057943
7 0.410156 0.422201 0.052734 0.093099
12 0.273682 0.374674 0.069824 0.145182
1 0.132812 0.584310 0.020508 0.081380
1 0.185547 0.591797 0.022461 0.083333
0 0.483887 0.621094 0.022461 0.057292
5 0.412354 0.620768 0.021973 0.073568
5 0.324951 0.606120 0.022949 0.071615
9 0.563721 0.114909 0.019043 0.047526
9 0.532715 0.103190 0.015625 0.046224
9 0.479004 0.080729 0.016602 0.046875
9 0.338867 0.024414 0.017578 0.047526
9 0.296631 0.017904 0.019043 0.034505
7 0.323242 0.591471 0.011719 0.017578
7 0.321533 0.620117 0.014160 0.017578
7 0.409424 0.604167 0.013184 0.016927
7 0.409424 0.631836 0.013184 0.017578
7 0.480225 0.612956 0.014160 0.017578
7 0.479736 0.639323 0.015137 0.015625
7 0.318848 0.555013 0.016602 0.017578
7 0.362305 0.563802 0.012695 0.015625
7 0.406494 0.568359 0.010254 0.014323
7 0.473389 0.577148 0.016113 0.017578
9 0.107422 0.680013 0.011719 0.031901
9 0.156982 0.681966 0.009277 0.034505
2 0.706055 0.511393 0.041992 0.060547
2 0.758057 0.523763 0.045410 0.060547
7 0.745850 0.506836 0.019043 0.024089
7 0.697266 0.493815 0.019531 0.024089
7 0.875977 0.475911 0.012695 0.014323
2 0.609131 0.488607 0.043457 0.082682
7 0.599609 0.475260 0.020508 0.024740
3 0.578125 0.531576 0.025391 0.087891
7 0.575684 0.555013 0.023438 0.027995
2 0.188721 0.399089 0.032715 0.102865
12 0.419922 0.679036 0.014648 0.026042
12 0.456299 0.680664 0.016113 0.025391
12 0.110840 0.644531 0.017578 0.036458
12 0.157959 0.647135 0.019043 0.032552
7 0.136963 0.528971 0.014160 0.017578
7 0.188232 0.536784 0.013184 0.016276
7 0.238770 0.543620 0.012695 0.014323
7 0.141846 0.479818 0.027832 0.031250
7 0.231934 0.496419 0.025391 0.029297
7 0.677490 0.569010 0.019043 0.028646
7 0.729248 0.580404 0.020996 0.025391
7 0.778320 0.587891 0.021484 0.024740
7 0.856934 0.599609 0.020508 0.024740
7 0.897705 0.607747 0.021973 0.022786
7 0.571533 0.396484 0.015137 0.016927
7 0.659668 0.323893 0.019531 0.020182
7 0.704834 0.289062 0.020020 0.022135
7 0.848145 0.284180 0.015625 0.017578
7 0.695801 0.225911 0.018555 0.020833
