10 0.199219 0.766276 0.126953 0.141927
10 0.459961 0.796224 0.102539 0.115885
10 0.648193 0.813151 0.088379 0.102865
12 0.344971 0.521484 0.049316 0.127604
12 0.530273 0.570964 0.055664 0.110677
12 0.740967 0.622396 0.083496 0.114583
12 0.854736 0.651042 0.070801 0.098958
7 0.806885 0.664388 0.030762 0.052734
7 0.449219 0.574870 0.039062 0.065104
7 0.150391 0.142904 0.034180 0.067057
7 0.134521 0.207031 0.032715 0.058594
7 0.120605 0.262695 0.028320 0.052734
7 0.470947 0.287109 0.022949 0.053385
7 0.687988 0.388346 0.023438 0.044922
7 0.642334 0.417643 0.019043 0.035807
7 0.601074 0.444336 0.019531 0.035807
7 0.846680 0.459635 0.021484 0.037760
7 0.798096 0.482096 0.019043 0.035807
7 0.755371 0.503581 0.016602 0.034505
7 0.663086 0.548503 0.014648 0.026693
7 0.604248 0.578125 0.013184 0.027344
7 0.969727 0.514974 0.020508 0.033854
7 0.920654 0.533203 0.017090 0.028646
6 0.811279 0.415690 0.029785 0.016276
6 0.780029 0.396159 0.029785 0.021484
6 0.749023 0.386393 0.029297 0.014974
6 0.691406 0.355469 0.036133 0.018229
6 0.653564 0.333984 0.034668 0.024740
6 0.614990 0.319987 0.030762 0.020182
6 0.536865 0.286784 0.024902 0.020182
6 0.488770 0.262044 0.021484 0.020182
6 0.438721 0.237305 0.023926 0.025391
6 0.341553 0.188802 0.026855 0.026042
6 0.275146 0.159180 0.020996 0.027995
6 0.207520 0.125000 0.022461 0.028646
3 0.140625 0.560547 0.046875 0.140625
3 0.225098 0.576823 0.047852 0.121094
3 0.613770 0.658529 0.028320 0.063151
3 0.655762 0.668945 0.027344 0.056641
0 0.417969 0.715495 0.024414 0.055990
0 0.453613 0.719076 0.029297 0.054036
0 0.486572 0.724935 0.024902 0.050130
7 0.258301 0.642904 0.014648 0.026693
7 0.301514 0.651693 0.015137 0.024740
7 0.407959 0.669271 0.011230 0.024740
7 0.442383 0.675130 0.011719 0.022135
7 0.475342 0.682292 0.010254 0.020833
2 0.167725 0.505208 0.052246 0.098958
2 0.250244 0.526693 0.054199 0.095052
7 0.129639 0.582031 0.031738 0.036458
7 0.177490 0.493815 0.026855 0.033203
7 0.214111 0.601888 0.027832 0.033203
7 0.611572 0.677734 0.020020 0.024740
7 0.655518 0.686849 0.022949 0.022135
