7 0.057125 0.575 0.01125 0.0153333
7 0.134375 0.5855 0.00975 0.019
9 0.735625 0.2365 0.01625 0.025
7 0.15625 0.582833 0.009 0.0116667
7 0.6305 0.3885 0.014 0.0236667
7 0.592875 0.531667 0.01075 0.0153333
7 0.592875 0.5105 0.01075 0.015
7 0.3965 0.4635 0.0145 0.0276667
1 0.495375 0.512333 0.01375 0.034
7 0.109 0.587333 0.01 0.018
7 0.648 0.394333 0.013 0.0226667
7 0.083375 0.528833 0.00875 0.0176667
1 0.50625 0.512333 0.014 0.0373333
7 0.631625 0.535167 0.01275 0.0176667
7 0.737125 0.350167 0.02325 0.047
12 0.63175 0.5595 0.0135 0.0216667
3 0.363125 0.55 0.02025 0.0633333
1 0.54175 0.515333 0.015 0.0433333
7 0.795375 0.354833 0.02225 0.0383333
7 0.07275 0.589667 0.0095 0.0126667
1 0.579875 0.520333 0.01575 0.0486667
10 0.50075 0.5685 0.0235 0.039
1 0.552875 0.517833 0.01525 0.045
7 0.091875 0.528167 0.00925 0.0176667
12 0.665375 0.563167 0.01475 0.023
9 0.864 0.162167 0.0195 0.0256667
7 0.6485 0.512667 0.0135 0.0173333
7 0.676375 0.390667 0.01375 0.0253333
7 0.727125 0.548833 0.01675 0.021
12 0.752625 0.578167 0.01775 0.0263333
6 0.74875 0.265167 0.02 0.021
7 0.428875 0.452333 0.01575 0.0313333
6 0.902625 0.1815 0.01675 0.0256667
12 0.6545 0.561833 0.016 0.0236667
7 0.19675 0.582 0.009 0.0126667
1 0.519 0.513833 0.015 0.041
7 0.63275 0.512667 0.0125 0.0173333
1 0.533375 0.515 0.01475 0.042
7 0.68175 0.515333 0.0155 0.0193333
9 0.00975 0.5315 0.016 0.035
1 0.109125 0.589833 0.01275 0.029
12 0.223 0.528667 0.017 0.0266667
7 0.982625 0.372167 0.02025 0.031
7 0.99225 0.535833 0.0155 0.0316667
7 0.418 0.456 0.0155 0.032
7 0.617 0.512667 0.0125 0.0166667
6 0.72675 0.278167 0.021 0.0236667
9 0.04925 0.544167 0.0145 0.039
4 0.3925 0.64 0.0245 0.0886667
1 0.1345 0.5885 0.0115 0.0303333
10 0.526 0.576833 0.025 0.041
7 0.616375 0.535333 0.01225 0.0173333
6 0.993 0.136 0.014 0.032
7 0.72725 0.518833 0.0165 0.0203333
7 0.6475 0.536833 0.0135 0.0176667
9 0.890375 0.146167 0.01825 0.0283333
1 0.1565 0.587667 0.0115 0.0306667
7 0.703125 0.517667 0.01575 0.02
1 0.727125 0.530833 0.02775 0.0756667
2 0.365875 0.512833 0.03975 0.059
12 0.71775 0.574167 0.018 0.0256667
9 0.07775 0.543167 0.0125 0.0316667
7 0.015 0.506833 0.015 0.023
6 0.864625 0.204833 0.02125 0.0263333
1 0.19725 0.587 0.012 0.0333333
7 0.779125 0.5205 0.01775 0.023
7 0.852125 0.359833 0.02225 0.0363333
1 0.702 0.531167 0.0255 0.0683333
7 0.7035 0.545833 0.015 0.019
6 0.827125 0.223167 0.02225 0.0263333
1 0.8485 0.544167 0.035 0.0923333
1 0.631 0.5225 0.019 0.055
10 0.97775 0.7435 0.0445 0.155667
10 0.594625 0.601833 0.03775 0.0563333
7 0.68025 0.543833 0.016 0.0196667
7 0.85225 0.563 0.021 0.0273333
7 0.936 0.572833 0.026 0.0316667
7 0.95225 0.284667 0.0345 0.0553333
7 0.992 0.581 0.016 0.0326667
1 0.569375 0.519 0.01625 0.0466667
7 0.813625 0.5585 0.01925 0.0263333
1 0.776625 0.536667 0.03275 0.0813333
11 0.330125 0.804833 0.13325 0.284333
1 0.6785 0.529 0.0245 0.0653333
7 0.9375 0.529833 0.026 0.0323333
7 0.77825 0.554 0.0185 0.0246667
7 0.853 0.525833 0.021 0.0263333
1 0.6155 0.522667 0.02 0.054
1 0.591375 0.5205 0.01725 0.0503333
7 0.81375 0.522333 0.019 0.0246667
12 0.962875 0.613167 0.02775 0.045
1 0.647 0.523333 0.02 0.0573333
1 0.98775 0.552333 0.0245 0.116667
1 0.811625 0.539667 0.03325 0.0873333
10 0.64825 0.6185 0.0475 0.065
10 0.5545 0.586833 0.032 0.0476667
11 0.317125 0.645333 0.07025 0.131333
1 0.934875 0.549 0.03925 0.103333
10 0.83375 0.684167 0.088 0.113667
10 0.71925 0.644333 0.066 0.0846667
