9 0.031875 0.176333 0.01825 0.0413333
7 0.403875 0.0815 0.01475 0.031
7 0.565625 0.024 0.01125 0.0193333
7 0.390125 0.120167 0.01875 0.0276667
7 0.092875 0.162667 0.01125 0.0193333
7 0.6055 0.0221667 0.013 0.019
3 0.380375 0.185 0.02125 0.07
1 0.520375 0.136667 0.01525 0.0433333
7 0.5925 0.154167 0.0115 0.0163333
7 0.057375 0.211833 0.01175 0.017
7 0.615 0.1355 0.0125 0.0163333
7 0.08475 0.221167 0.0115 0.0156667
1 0.113875 0.223833 0.01475 0.031
7 0.895 0.148833 0.024 0.0303333
12 0.6695 0.188 0.0135 0.0233333
9 0.046 0.180667 0.018 0.0473333
7 0.639 0.134667 0.0135 0.0186667
9 0.073 0.175833 0.016 0.0416667
12 0.68475 0.188833 0.015 0.023
12 0.722875 0.196667 0.01425 0.0246667
7 0.080875 0.1585 0.01275 0.021
1 0.161125 0.2225 0.01325 0.0323333
7 0.160875 0.218667 0.01075 0.016
7 0.655625 0.135667 0.01375 0.0186667
7 0.42325 0.0788333 0.0145 0.0296667
7 0.201625 0.216 0.01075 0.0153333
1 0.54025 0.137833 0.0155 0.045
7 0.638625 0.1605 0.01375 0.019
7 0.672625 0.136833 0.01475 0.0203333
7 0.11425 0.220167 0.0115 0.0163333
7 0.88625 0.192333 0.0245 0.03
7 0.442875 0.0745 0.01525 0.0296667
7 0.43375 0.0763333 0.015 0.0306667
7 0.1365 0.218833 0.011 0.0156667
1 0.532625 0.137333 0.01575 0.044
7 0.653875 0.159667 0.01325 0.0193333
7 0.006625 0.1385 0.01325 0.027
1 0.201875 0.221167 0.01475 0.035
9 0.006625 0.186333 0.01325 0.0486667
4 0.404625 0.277167 0.02475 0.0963333
12 0.6545 0.186333 0.014 0.0226667
7 0.6145 0.156167 0.0125 0.017
7 0.670625 0.162833 0.01475 0.0203333
9 0.055875 0.175 0.01775 0.044
2 0.369375 0.1445 0.04525 0.069
12 0.223125 0.154333 0.02075 0.0306667
1 0.55675 0.139 0.017 0.0473333
12 0.98975 0.241333 0.02 0.0426667
10 0.980875 0.382 0.03825 0.137333
7 0.977625 0.203167 0.03125 0.033
1 0.6535 0.146667 0.021 0.0606667
1 0.66625 0.148333 0.028 0.062
7 0.708625 0.1385 0.01675 0.023
7 0.846875 0.186 0.02225 0.028
1 0.591 0.143333 0.018 0.052
7 0.707875 0.169167 0.01625 0.0223333
7 0.85175 0.147167 0.022 0.029
7 0.732625 0.1415 0.01675 0.023
1 0.571 0.140167 0.017 0.0503333
7 0.9855 0.154167 0.028 0.0356667
1 0.88625 0.169667 0.044 0.107333
7 0.8145 0.145 0.0215 0.028
7 0.81 0.181333 0.022 0.0266667
7 0.758375 0.142833 0.01725 0.023
1 0.61225 0.144 0.0205 0.0553333
7 0.756125 0.1755 0.01825 0.0236667
11 0.353 0.430167 0.1335 0.249
10 0.5145 0.197167 0.026 0.0423333
1 0.97725 0.175167 0.045 0.114333
7 0.731125 0.173167 0.01625 0.0223333
1 0.636125 0.146333 0.02125 0.0586667
1 0.707625 0.153 0.02625 0.0713333
1 0.7295 0.155667 0.0275 0.0746667
10 0.572 0.217167 0.034 0.0543333
1 0.845 0.163667 0.04 0.0946667
1 0.754875 0.157333 0.03125 0.0786667
1 0.808375 0.161667 0.03875 0.09
10 0.85325 0.318 0.0905 0.113333
10 0.612 0.230667 0.0395 0.0606667
10 0.540625 0.206333 0.02825 0.0473333
11 0.327875 0.279667 0.07475 0.134667
10 0.66725 0.250667 0.0495 0.07
10 0.7405 0.277167 0.0685 0.0896667
