1 0.606125 0.463000 0.035750 0.089333
7 0.737875 0.092833 0.042750 0.071667
10 0.777625 0.625000 0.148750 0.162667
1 0.694125 0.450333 0.035750 0.089333
1 0.559375 0.464000 0.028750 0.081333
1 0.525000 0.464333 0.027000 0.079333
1 0.469875 0.468833 0.021750 0.069000
1 0.444875 0.468167 0.021750 0.069000
1 0.416750 0.472167 0.019000 0.065000
1 0.379500 0.474333 0.017500 0.055333
1 0.361125 0.476333 0.016750 0.053333
1 0.342625 0.477500 0.015750 0.050333
1 0.314875 0.480333 0.012750 0.043333
1 0.300625 0.480000 0.012750 0.041333
1 0.286375 0.480333 0.012750 0.041333
1 0.263375 0.483000 0.011750 0.037333
1 0.251625 0.484000 0.011750 0.037333
1 0.227500 0.486500 0.010500 0.035667
1 0.199000 0.488833 0.011000 0.031000
1 0.192250 0.488500 0.011000 0.031000
1 0.185250 0.488500 0.011000 0.031000
1 0.174625 0.490333 0.009250 0.028000
1 0.169125 0.490667 0.009250 0.028000
1 0.162875 0.491000 0.009250 0.028000
7 0.163250 0.484167 0.007000 0.009000
7 0.162750 0.497833 0.007000 0.009000
7 0.167750 0.497833 0.007000 0.009000
7 0.168500 0.483167 0.007000 0.009000
7 0.174250 0.482167 0.007000 0.009000
7 0.174250 0.497833 0.007000 0.009000
7 0.184250 0.497333 0.008500 0.011333
7 0.184750 0.481000 0.008500 0.011333
7 0.190250 0.481333 0.008500 0.011333
7 0.199500 0.480333 0.008500 0.011333
7 0.200000 0.496000 0.008500 0.011333
7 0.191500 0.496667 0.008500 0.011333
7 0.227000 0.476833 0.009500 0.012333
7 0.227500 0.495167 0.009500 0.012333
7 0.254000 0.494500 0.009500 0.012333
7 0.253500 0.474833 0.009500 0.012333
7 0.266500 0.473833 0.009500 0.012333
7 0.265500 0.493833 0.009500 0.012333
1 0.219750 0.486833 0.010500 0.035667
1 0.211500 0.487500 0.010500 0.035667
7 0.220000 0.495500 0.009500 0.012333
7 0.212250 0.496167 0.009500 0.012333
7 0.211500 0.478167 0.009500 0.012333
7 0.218500 0.477167 0.009500 0.012333
7 0.286875 0.492500 0.011250 0.013667
7 0.286875 0.470500 0.011250 0.013667
7 0.299625 0.469833 0.011250 0.013667
7 0.300625 0.492500 0.011250 0.013667
7 0.314375 0.491833 0.011250 0.013667
7 0.313750 0.469833 0.010000 0.012333
7 0.343125 0.465333 0.014250 0.016667
7 0.342625 0.490667 0.014250 0.016667
7 0.361375 0.489667 0.014250 0.016667
7 0.361375 0.463000 0.014250 0.016667
7 0.380125 0.461333 0.014250 0.016667
7 0.379875 0.488333 0.014250 0.016667
7 0.417625 0.487500 0.016750 0.023000
7 0.418125 0.456833 0.016750 0.023000
7 0.444875 0.453167 0.016750 0.023000
7 0.444375 0.484167 0.016750 0.023000
7 0.469875 0.483500 0.016750 0.023000
7 0.469875 0.449833 0.016750 0.023000
7 0.524250 0.446500 0.021500 0.025667
7 0.524000 0.481833 0.021500 0.025667
7 0.560000 0.482500 0.021500 0.025667
7 0.559000 0.444167 0.021500 0.025667
7 0.602750 0.440000 0.025500 0.026000
7 0.603500 0.478333 0.025500 0.026000
7 0.692250 0.476000 0.024000 0.029333
7 0.691500 0.430333 0.024000 0.029333
7 0.789875 0.307833 0.016750 0.019000
7 0.756875 0.298500 0.016750 0.019000
7 0.720125 0.286500 0.016750 0.019000
7 0.610625 0.252833 0.019750 0.025667
7 0.558125 0.238833 0.019750 0.025667
7 0.500000 0.222833 0.025500 0.027000
6 0.485750 0.186500 0.017000 0.019667
6 0.460500 0.201833 0.017000 0.019667
6 0.400250 0.236500 0.017000 0.019667
6 0.381750 0.246833 0.017000 0.019667
7 0.363500 0.288500 0.018000 0.023667
7 0.417000 0.300167 0.018000 0.023667
7 0.463750 0.308833 0.018000 0.023667
7 0.329000 0.336167 0.015000 0.021000
7 0.284500 0.329500 0.015000 0.021000
7 0.104750 0.465167 0.021000 0.028333
7 0.102000 0.422833 0.022500 0.029000
7 0.859750 0.154833 0.031500 0.046333
7 0.805500 0.122500 0.031500 0.046333
10 0.584250 0.612833 0.098000 0.122333
10 0.460625 0.594500 0.067750 0.096333
10 0.375125 0.581000 0.052750 0.081333
10 0.316875 0.570833 0.045750 0.061000
10 0.267625 0.562833 0.033250 0.052333
10 0.230875 0.557000 0.031750 0.048667
10 0.200750 0.554000 0.025500 0.042000
10 0.173500 0.546333 0.025500 0.042000
7 0.564875 0.330000 0.015750 0.021333
7 0.601125 0.336667 0.015750 0.021333
7 0.635875 0.342667 0.015750 0.021333
6 0.569250 0.134500 0.020500 0.022333
6 0.608500 0.110667 0.022500 0.026000
6 0.650250 0.087333 0.022500 0.026000
9 0.885375 0.628333 0.019750 0.050667
9 0.842125 0.628333 0.019750 0.050667
9 0.844125 0.573333 0.019750 0.050667
12 0.816125 0.563000 0.027250 0.044000
12 0.761875 0.562000 0.027250 0.044000
9 0.783500 0.561167 0.014500 0.042333
12 0.635625 0.548833 0.020750 0.035000
12 0.578625 0.546333 0.016750 0.034667
12 0.542875 0.544667 0.016750 0.034667
7 0.563250 0.551833 0.011000 0.018333
12 0.442125 0.537667 0.013250 0.024000
12 0.394000 0.539833 0.017000 0.022333
12 0.316125 0.535667 0.015250 0.018667
12 0.305125 0.533667 0.011250 0.017333
13 0.135000 0.482333 0.011000 0.018000
