7 0.821000 0.284000 0.016500 0.035333
7 0.935750 0.186667 0.024000 0.054667
7 0.857625 0.179167 0.021750 0.049667
11 0.350875 0.659500 0.103750 0.224333
8 0.051375 0.568167 0.011750 0.057000
8 0.009250 0.555333 0.009000 0.046667
8 0.004250 0.552167 0.008000 0.045000
7 0.054250 0.433333 0.014500 0.032667
7 0.076250 0.436333 0.014500 0.032667
7 0.097000 0.439000 0.014500 0.032667
13 0.023625 0.421500 0.028750 0.054333
13 0.047625 0.423167 0.028750 0.054333
1 0.177625 0.545667 0.012250 0.030000
1 0.199625 0.546000 0.012250 0.030000
1 0.219625 0.546333 0.012250 0.030000
1 0.256875 0.544667 0.012250 0.030000
7 0.178375 0.543167 0.008250 0.013000
7 0.198375 0.544833 0.008250 0.013000
7 0.220625 0.544500 0.008250 0.013000
7 0.256875 0.544500 0.008250 0.013000
8 0.122250 0.547167 0.010000 0.033000
7 0.106375 0.546167 0.007750 0.009667
9 0.123250 0.491833 0.012000 0.032333
9 0.148750 0.491500 0.012000 0.032333
7 0.156750 0.492500 0.006000 0.013000
7 0.161250 0.492167 0.006000 0.013000
7 0.165000 0.492500 0.006000 0.013000
12 0.278875 0.491000 0.013250 0.018667
13 0.506250 0.479000 0.008500 0.018000
13 0.488000 0.477333 0.008500 0.018000
10 0.539125 0.538833 0.020750 0.033000
10 0.562125 0.542167 0.020750 0.033000
10 0.587250 0.545500 0.027000 0.036333
10 0.619750 0.551500 0.032000 0.043667
10 0.665875 0.559500 0.041250 0.052333
10 0.726250 0.571833 0.060000 0.068333
10 0.818500 0.593333 0.077500 0.081333
12 0.748500 0.535000 0.015000 0.020667
12 0.728000 0.532333 0.015000 0.020667
12 0.802250 0.535667 0.016000 0.025333
7 0.791250 0.541167 0.008000 0.013000
10 0.957500 0.619833 0.085000 0.125667
12 0.929875 0.543000 0.018750 0.037333
12 0.973000 0.549167 0.022500 0.039000
7 0.952125 0.553000 0.011750 0.024000
1 0.988000 0.441500 0.024000 0.110333
1 0.939250 0.452333 0.026500 0.108667
1 0.891625 0.452000 0.025750 0.104667
1 0.822875 0.461333 0.023750 0.089333
1 0.792000 0.460833 0.022500 0.077000
1 0.767000 0.466833 0.022500 0.077000
1 0.726875 0.468500 0.020250 0.065000
1 0.705875 0.470500 0.019250 0.063667
1 0.688125 0.472833 0.017750 0.064333
1 0.661000 0.475333 0.016000 0.063333
1 0.646125 0.477167 0.014250 0.058333
1 0.633000 0.477833 0.012000 0.057000
7 0.942750 0.427167 0.021500 0.027000
7 0.941750 0.469167 0.021500 0.027000
7 0.894500 0.433500 0.021500 0.027000
7 0.895250 0.474500 0.021500 0.027000
7 0.826750 0.478833 0.016500 0.022333
7 0.828250 0.443500 0.016500 0.022333
7 0.798500 0.444833 0.016500 0.022333
7 0.798000 0.478833 0.016500 0.022333
7 0.769750 0.480500 0.016500 0.022333
7 0.770500 0.450167 0.016500 0.022333
7 0.730500 0.453833 0.016500 0.022333
7 0.729625 0.483333 0.014750 0.019333
7 0.710375 0.482667 0.014750 0.019333
7 0.709875 0.458333 0.014750 0.019333
7 0.691875 0.460333 0.014750 0.019333
7 0.691375 0.482667 0.012750 0.016667
7 0.663375 0.488000 0.012750 0.016667
7 0.663875 0.464333 0.012750 0.016667
7 0.649125 0.465333 0.012750 0.016667
7 0.650125 0.486667 0.012750 0.016667
7 0.637375 0.488667 0.012750 0.016667
7 0.637125 0.467000 0.012750 0.016667
7 0.440375 0.378500 0.012750 0.025667
7 0.434125 0.383167 0.012750 0.025667
7 0.406250 0.426000 0.020000 0.020000
7 0.407750 0.455333 0.020000 0.020000
