8 0.508125 0.381833 0.024750 0.139667
8 0.813125 0.402167 0.026750 0.165000
8 0.776500 0.401333 0.025500 0.174000
8 0.849250 0.409000 0.026500 0.167333
8 0.668625 0.393333 0.029250 0.162667
8 0.569250 0.385000 0.029500 0.138667
8 0.541375 0.386333 0.024250 0.132667
8 0.640625 0.388333 0.028750 0.165333
8 0.700375 0.390333 0.030750 0.157333
8 0.174375 0.417333 0.019750 0.071333
8 0.194875 0.419000 0.019750 0.071333
8 0.216375 0.420000 0.019750 0.071333
8 0.121375 0.401000 0.019750 0.071333
8 0.104625 0.394667 0.019750 0.071333
8 0.083125 0.393667 0.019750 0.071333
11 0.232000 0.351667 0.115000 0.130667
11 0.294250 0.295500 0.065000 0.082333
8 0.270125 0.417000 0.022750 0.076000
8 0.292875 0.419667 0.022750 0.076000
8 0.313375 0.421667 0.022750 0.076000
9 0.182500 0.208000 0.021500 0.046667
4 0.434500 0.237167 0.023000 0.073667
4 0.408875 0.238500 0.021250 0.069000
9 0.515625 0.208500 0.036250 0.070333
9 0.630875 0.212833 0.026250 0.069667
10 0.605125 0.220167 0.032750 0.059667
9 0.885000 0.220167 0.030500 0.075667
12 0.693250 0.075500 0.052500 0.099000
12 0.836750 0.078833 0.052500 0.099000
1 0.791250 0.130167 0.017500 0.055000
7 0.790250 0.121167 0.012500 0.017667
7 0.789000 0.144833 0.012500 0.017667
1 0.650750 0.135833 0.017500 0.055000
7 0.650750 0.122500 0.012500 0.017667
7 0.651000 0.143833 0.012500 0.017667
7 0.615750 0.145167 0.012500 0.017667
7 0.615750 0.122167 0.012500 0.017667
1 0.614500 0.132833 0.017500 0.055000
7 0.587500 0.117833 0.019000 0.031000
12 0.566250 0.077500 0.052500 0.099000
7 0.289375 0.070167 0.011250 0.024333
