11 0.567000 0.717333 0.107000 0.168000
8 0.110250 0.805833 0.022500 0.164333
8 0.146750 0.801167 0.022500 0.168333
8 0.181750 0.798000 0.022500 0.158667
8 0.256875 0.795833 0.019750 0.155667
8 0.292750 0.792833 0.020000 0.156333
8 0.325750 0.790667 0.017500 0.152000
8 0.401250 0.782000 0.021000 0.150000
8 0.433000 0.781667 0.021000 0.151333
8 0.464250 0.781000 0.019500 0.152000
9 0.474000 0.595333 0.018000 0.073333
9 0.121625 0.608667 0.031250 0.072667
9 0.246125 0.608500 0.029250 0.064333
4 0.028875 0.640167 0.029750 0.081000
12 0.179625 0.491667 0.065250 0.114667
12 0.300500 0.488833 0.056500 0.105667
12 0.423000 0.489667 0.049000 0.103333
13 0.817375 0.520667 0.015250 0.034000
13 0.800000 0.518667 0.016000 0.030000
13 0.782625 0.519833 0.017250 0.027667
9 0.670750 0.596167 0.009000 0.025000
10 0.706250 0.601667 0.044500 0.049333
10 0.598750 0.604667 0.040000 0.048000
12 0.564500 0.572667 0.017000 0.026667
12 0.535625 0.572500 0.010250 0.024333
12 0.346250 0.578167 0.011000 0.020333
12 0.387500 0.576000 0.010500 0.021333
12 0.444500 0.576667 0.010500 0.020000
3 0.023125 0.551833 0.023250 0.092333
2 0.045125 0.512833 0.040250 0.091667
9 0.006000 0.295833 0.011500 0.018333
9 0.086375 0.300667 0.011250 0.018000
9 0.111625 0.301333 0.008750 0.019333
9 0.145875 0.303333 0.009750 0.018667
9 0.345500 0.313333 0.009000 0.018000
9 0.366125 0.313167 0.009250 0.021667
9 0.398500 0.315000 0.009500 0.020667
9 0.466500 0.321833 0.010000 0.015667
9 0.492500 0.323333 0.008000 0.016000
9 0.513250 0.322167 0.007500 0.017667
6 0.016500 0.319333 0.013500 0.015333
6 0.082000 0.322500 0.012500 0.019667
6 0.118000 0.324667 0.012500 0.018000
6 0.153625 0.325500 0.012750 0.017667
6 0.339750 0.336667 0.011500 0.018667
6 0.372250 0.338667 0.012000 0.016000
6 0.403750 0.340167 0.009000 0.015667
6 0.455250 0.341000 0.014000 0.013333
6 0.485875 0.343500 0.012750 0.017667
7 0.125875 0.410167 0.012750 0.023000
7 0.137500 0.413167 0.010500 0.023667
7 0.150125 0.411833 0.008750 0.019667
7 0.160625 0.415500 0.008750 0.021000
7 0.169375 0.410500 0.009750 0.021000
7 0.178375 0.416500 0.007250 0.021000
7 0.187000 0.418333 0.010000 0.022667
7 0.326625 0.414667 0.012750 0.027333
7 0.305125 0.413667 0.011750 0.025333
7 0.504125 0.468000 0.013750 0.030667
7 0.546875 0.469667 0.014750 0.028000
7 0.586375 0.470833 0.013250 0.027000
7 0.197375 0.515167 0.018250 0.037000
1 0.684875 0.525667 0.019250 0.051333
1 0.712875 0.528333 0.013750 0.048000
1 0.742375 0.528333 0.013250 0.048000
