13 0.362750 0.739500 0.071500 0.115667
13 0.425625 0.750333 0.059250 0.104667
13 0.468750 0.764500 0.047000 0.088333
7 0.046625 0.840000 0.022250 0.023333
7 0.053625 0.801500 0.020750 0.029000
7 0.013500 0.803000 0.020500 0.030667
7 0.010750 0.842333 0.020500 0.030667
7 0.124750 0.796500 0.024500 0.029667
7 0.119750 0.840667 0.026500 0.030667
7 0.164500 0.838667 0.024000 0.033333
7 0.170125 0.791667 0.024250 0.029333
7 0.218750 0.791333 0.027000 0.033333
7 0.214875 0.835667 0.023250 0.030667
7 0.313875 0.788667 0.028750 0.036667
7 0.311250 0.835667 0.023500 0.034000
7 0.438500 0.833667 0.024500 0.038000
7 0.069375 0.625000 0.027250 0.041333
7 0.125250 0.536333 0.028500 0.053333
7 0.010000 0.607000 0.019500 0.046000
7 0.191500 0.563000 0.026500 0.049333
7 0.246375 0.589667 0.025750 0.044000
7 0.352375 0.636000 0.020250 0.036667
7 0.385875 0.649833 0.017750 0.040333
7 0.373625 0.472333 0.034250 0.067333
6 0.080875 0.517000 0.023750 0.022000
6 0.114500 0.506667 0.018500 0.027333
6 0.214500 0.476333 0.026500 0.026667
6 0.255250 0.464500 0.029000 0.025667
6 0.292875 0.451500 0.022250 0.026333
1 0.310875 0.806167 0.032250 0.119000
1 0.213750 0.814500 0.037000 0.111000
1 0.162875 0.814500 0.034750 0.109667
1 0.117750 0.820000 0.037000 0.103333
1 0.044125 0.822167 0.039750 0.101000
10 0.028375 0.965833 0.056250 0.068333
10 0.173125 0.972500 0.098250 0.055000
12 0.381250 0.928667 0.030500 0.046000
12 0.430500 0.933167 0.030000 0.051000
9 0.401375 0.931500 0.014250 0.045000
9 0.456875 0.936833 0.014750 0.052333
9 0.491250 0.980500 0.019000 0.039000
9 0.453375 0.985500 0.018250 0.029000
12 0.246125 0.922333 0.027750 0.050667
12 0.180875 0.921167 0.024250 0.047667
12 0.138375 0.916833 0.025250 0.045000
