10 0.886750 0.683667 0.119000 0.128667
7 0.848125 0.440833 0.029750 0.036333
7 0.676375 0.348667 0.023250 0.033333
7 0.588375 0.297667 0.018250 0.030000
9 0.688000 0.087333 0.015000 0.033333
9 0.705250 0.088333 0.015000 0.033333
9 0.731000 0.087667 0.015000 0.033333
9 0.798000 0.083333 0.015000 0.033333
9 0.830000 0.084333 0.015000 0.033333
9 0.856750 0.080667 0.016000 0.037333
9 0.589250 0.091833 0.010000 0.025000
9 0.576250 0.095167 0.010000 0.025000
9 0.569500 0.094833 0.010000 0.025000
9 0.545750 0.094167 0.010000 0.025000
9 0.537000 0.096167 0.010000 0.025000
9 0.530250 0.095167 0.010000 0.025000
7 0.170875 0.367833 0.011750 0.022333
7 0.130375 0.369833 0.011750 0.022333
7 0.107375 0.370833 0.011750 0.022333
7 0.083875 0.371500 0.011750 0.022333
7 0.345250 0.431833 0.015500 0.020333
7 0.343750 0.403833 0.015500 0.020333
7 0.399750 0.441833 0.017000 0.025667
10 0.752375 0.568667 0.079250 0.098000
10 0.665625 0.492000 0.059250 0.083333
10 0.600750 0.443500 0.044500 0.071000
1 0.937125 0.582000 0.036250 0.081333
1 0.886875 0.552333 0.036250 0.081333
1 0.838250 0.519667 0.029000 0.062667
1 0.775625 0.470167 0.026750 0.066333
1 0.744625 0.446333 0.023250 0.066667
1 0.712375 0.429833 0.027750 0.069000
1 0.672500 0.402833 0.017500 0.061667
7 0.884250 0.569167 0.021000 0.029667
7 0.886250 0.532833 0.021000 0.029667
7 0.940500 0.567167 0.021000 0.029667
7 0.935750 0.609167 0.021000 0.029667
7 0.843000 0.501833 0.021000 0.029667
7 0.840000 0.535833 0.021000 0.029667
7 0.776250 0.458000 0.017500 0.021333
7 0.775250 0.489667 0.017500 0.021333
7 0.747750 0.435333 0.017500 0.021333
7 0.745250 0.467333 0.017500 0.021333
7 0.719500 0.416000 0.017500 0.021333
7 0.716000 0.447667 0.017500 0.021333
7 0.674125 0.418500 0.014250 0.018333
7 0.676375 0.389500 0.014250 0.018333
7 0.777625 0.281833 0.016250 0.025667
7 0.689625 0.252167 0.016250 0.025667
7 0.532375 0.254500 0.014250 0.021000
7 0.482625 0.228167 0.014250 0.021000
7 0.572125 0.251833 0.014250 0.021000
7 0.611125 0.249833 0.014250 0.021000
7 0.453375 0.220667 0.009250 0.013333
7 0.430625 0.207667 0.008750 0.014667
7 0.410250 0.195167 0.010000 0.015000
11 0.312375 0.705167 0.117250 0.241000
11 0.290250 0.428167 0.063500 0.128333
12 0.187750 0.298500 0.018000 0.023000
9 0.025875 0.402667 0.013250 0.026667
9 0.049875 0.372000 0.013250 0.026667
