1 0.116625 0.905833 0.02175 0.0503333
7 0.527 0.7075 0.0245 0.047
7 0.6215 0.9365 0.0215 0.031
7 0.38125 0.915667 0.0175 0.0253333
7 0.411625 0.956333 0.01725 0.0273333
1 0.133875 0.907833 0.02225 0.0523333
13 0.893 0.9575 0.074 0.085
1 0.18325 0.911 0.0245 0.0646667
1 0.05675 0.903167 0.0195 0.043
13 0.9375 0.955 0.0815 0.0893333
7 0.34725 0.742 0.0235 0.046
1 0.227375 0.916833 0.02475 0.0703333
12 0.35425 0.976833 0.0155 0.027
7 0.228125 0.931167 0.01575 0.0203333
7 0.209 0.931 0.017 0.0206667
7 0.814125 0.955167 0.03125 0.0436667
12 0.264125 0.958167 0.01525 0.0236667
6 0.49175 0.6035 0.016 0.0216667
1 0.0935 0.904333 0.021 0.048
7 0.247875 0.907 0.01625 0.0213333
7 0.244125 0.9355 0.01625 0.021
6 0.647875 0.551667 0.02525 0.0306667
6 0.465125 0.615167 0.02175 0.0263333
7 0.633 0.726167 0.0235 0.047
7 0.41525 0.918667 0.017 0.0253333
7 0.3795 0.952 0.018 0.026
7 0.230375 0.904 0.01675 0.022
7 0.623625 0.985167 0.02325 0.029
1 0.23825 0.9175 0.0305 0.0676667
9 0.464125 0.581167 0.01775 0.0256667
7 0.567 0.931833 0.02 0.0296667
6 0.5605 0.579 0.023 0.028
7 0.44725 0.961833 0.0175 0.0283333
6 0.43525 0.625 0.021 0.024
7 0.73425 0.946 0.028 0.0393333
1 0.37925 0.931667 0.0295 0.09
1 0.2085 0.915 0.0255 0.0686667
1 0.081 0.904667 0.021 0.046
7 0.332125 0.913167 0.01675 0.023
6 0.60325 0.563 0.025 0.0273333
12 0.320125 0.968833 0.01775 0.0256667
7 0.306625 0.911333 0.01675 0.0226667
10 0.13225 0.9835 0.0455 0.033
9 0.355625 0.624333 0.01625 0.024
6 0.342625 0.660667 0.02075 0.0226667
7 0.284375 0.909 0.01675 0.0226667
9 0.439 0.591333 0.0175 0.0253333
7 0.5675 0.978667 0.0215 0.0326667
7 0.52025 0.927667 0.0215 0.0306667
7 0.5195 0.972333 0.0225 0.0333333
6 0.3655 0.6535 0.021 0.023
1 0.412 0.9365 0.0295 0.0943333
7 0.282125 0.940333 0.01775 0.0233333
7 0.305125 0.943 0.01675 0.0226667
7 0.3295 0.946 0.0175 0.0233333
1 0.303625 0.9255 0.02525 0.0723333
1 0.281375 0.923167 0.02575 0.073
1 0.8125 0.954333 0.049 0.0893333
13 0.9705 0.9555 0.0585 0.0876667
1 0.329125 0.927667 0.02675 0.078
10 0.0895 0.9795 0.039 0.041
10 0.056375 0.975 0.03575 0.046
1 0.73525 0.9525 0.0445 0.0943333
1 0.44525 0.940667 0.03 0.0993333
1 0.518 0.945167 0.0315 0.107667
1 0.619875 0.9475 0.03425 0.105
1 0.565375 0.947 0.03225 0.106
