11 0.476625 0.384833 0.142250 0.230333
11 0.254375 0.277000 0.097750 0.127333
7 0.021000 0.221167 0.014000 0.017000
7 0.049250 0.217667 0.012000 0.019333
7 0.097625 0.215667 0.011250 0.019333
12 0.116250 0.149833 0.025000 0.030333
1 0.098750 0.221333 0.014000 0.038000
1 0.050375 0.221500 0.016750 0.037000
1 0.022625 0.227333 0.018250 0.037333
4 0.462250 0.249833 0.024500 0.088333
4 0.445875 0.247167 0.022250 0.077000
4 0.432875 0.241333 0.020250 0.083333
4 0.334125 0.215333 0.017250 0.058667
4 0.325625 0.213167 0.015250 0.060333
4 0.317750 0.211000 0.014000 0.058000
2 0.438750 0.110167 0.045000 0.075000
3 0.434500 0.146833 0.020000 0.075000
3 0.413500 0.152333 0.020500 0.081333
3 0.389750 0.152500 0.024500 0.080333
10 0.542625 0.218333 0.040750 0.056000
10 0.830750 0.268000 0.074500 0.082667
10 0.706875 0.248500 0.060250 0.070333
12 0.959500 0.213500 0.023000 0.042333
12 0.880250 0.209000 0.022000 0.040000
12 0.834000 0.202667 0.019500 0.035333
12 0.691000 0.190667 0.019000 0.032667
12 0.602250 0.185833 0.016500 0.021667
12 0.551500 0.182500 0.017000 0.021667
12 0.526000 0.177833 0.015500 0.019000
7 0.832625 0.157667 0.015750 0.024000
7 0.791875 0.156167 0.016250 0.020333
7 0.795375 0.124000 0.014750 0.020667
7 0.836500 0.123333 0.016000 0.022000
7 0.882000 0.125500 0.016500 0.026333
7 0.877000 0.158500 0.014500 0.023000
7 0.974125 0.123333 0.016750 0.025333
7 0.968000 0.163000 0.020000 0.028667
7 0.731000 0.153167 0.016500 0.018333
7 0.732375 0.125167 0.015750 0.019667
7 0.699000 0.153000 0.014000 0.019333
7 0.701375 0.123833 0.014750 0.021667
7 0.671750 0.150500 0.015000 0.019000
7 0.673000 0.125833 0.016000 0.020333
1 0.670500 0.136333 0.026000 0.067333
1 0.700250 0.134000 0.024000 0.068667
1 0.732125 0.133333 0.028250 0.072667
1 0.793125 0.137333 0.030750 0.076667
1 0.833000 0.133833 0.026000 0.090333
1 0.876500 0.135333 0.033500 0.089333
1 0.969375 0.144500 0.032250 0.095667
7 0.594375 0.041667 0.019750 0.042667
7 0.555500 0.044167 0.018500 0.041667
7 0.520500 0.052667 0.017000 0.032667
7 0.469750 0.058167 0.019000 0.041667
7 0.329875 0.078167 0.013750 0.025667
7 0.317750 0.080833 0.013000 0.025000
