11 0.652625 0.795333 0.062750 0.126000
9 0.341750 0.808333 0.018000 0.052000
9 0.380375 0.766833 0.014250 0.035667
9 0.397125 0.753667 0.015250 0.028000
9 0.426750 0.733167 0.009000 0.023667
8 0.277250 0.869500 0.010000 0.065000
8 0.283250 0.862833 0.008000 0.063000
8 0.290250 0.857167 0.009000 0.059000
12 0.333000 0.741167 0.070000 0.053667
12 0.360000 0.722833 0.060500 0.046333
12 0.377500 0.706833 0.052000 0.040333
12 0.405625 0.686333 0.056250 0.028000
12 0.417875 0.674667 0.051750 0.027333
12 0.428500 0.665333 0.044500 0.028667
7 0.542875 0.712333 0.008750 0.012667
7 0.510375 0.711833 0.009750 0.013667
7 0.490875 0.709833 0.008750 0.011000
7 0.471000 0.709667 0.008000 0.012000
12 0.564750 0.654667 0.019000 0.028667
7 0.788875 0.833167 0.022250 0.033000
7 0.774750 0.805333 0.017000 0.031333
4 0.730750 0.894667 0.022000 0.099333
10 0.974625 0.804333 0.043750 0.070667
10 0.919125 0.760667 0.036250 0.055333
10 0.851250 0.695167 0.024500 0.040333
9 0.991000 0.471667 0.013000 0.021333
9 0.979875 0.472333 0.011250 0.021333
9 0.947000 0.473667 0.010000 0.018667
9 0.936125 0.474333 0.009250 0.018000
9 0.928000 0.474833 0.009500 0.021667
7 0.943750 0.640500 0.016000 0.031000
7 0.930625 0.633333 0.012750 0.028000
7 0.879625 0.610667 0.012250 0.026667
7 0.992875 0.639667 0.014250 0.033333
13 0.762625 0.618833 0.012750 0.026333
13 0.785125 0.619000 0.013250 0.020667
7 0.919250 0.677500 0.016500 0.016333
7 0.917750 0.694167 0.012500 0.016333
