7 0.489625 0.971167 0.00875 0.0156667
1 0.546875 0.976333 0.01325 0.0333333
7 0.510125 0.971 0.00875 0.0153333
1 0.4895 0.976 0.0115 0.032
7 0.46725 0.970667 0.0085 0.016
1 0.467375 0.975 0.01075 0.0306667
7 0.563875 0.975 0.00925 0.014
1 0.893375 0.901333 0.01875 0.046
7 0.805 0.853 0.0175 0.0306667
7 0.547 0.970833 0.01 0.0156667
9 0.386375 0.938167 0.01525 0.043
1 0.509875 0.976667 0.01125 0.034
12 0.3065 0.887667 0.0445 0.0586667
7 0.778875 0.854333 0.01875 0.032
10 0.969625 0.9835 0.04525 0.033
7 0.44775 0.908833 0.009 0.0163333
12 0.3395 0.885 0.0435 0.058
1 0.92925 0.908167 0.022 0.0503333
1 0.9835 0.915167 0.028 0.0596667
1 0.909625 0.903667 0.02025 0.048
9 0.422625 0.928833 0.01275 0.0403333
9 0.323625 0.953833 0.02025 0.0576667
1 0.952 0.9115 0.025 0.055
9 0.44275 0.929 0.0115 0.0393333
7 0.358875 0.901833 0.01525 0.0236667
7 0.379125 0.8985 0.01325 0.021
7 0.39725 0.897333 0.012 0.0186667
10 0.890125 0.970833 0.03075 0.0483333
9 0.368625 0.939667 0.01625 0.048
10 0.922 0.979333 0.0375 0.0406667
