7 0.536375 0.031 0.00925 0.0146667
7 0.789125 0.125333 0.01125 0.0166667
7 0.553125 0.0318333 0.01025 0.0156667
12 0.718 0.188167 0.0145 0.0263333
8 0.356125 0.387667 0.02175 0.078
7 0.80875 0.0075 0.013 0.015
7 0.686125 0.0293333 0.01075 0.0186667
7 0.828375 0.0301667 0.01175 0.017
12 0.986875 0.0901667 0.02625 0.111667
3 0.683625 0.172667 0.01975 0.062
7 0.941375 0.148667 0.01575 0.0193333
7 0.55275 0.0795 0.0115 0.023
7 0.161 0.301 0.021 0.0233333
7 0.81775 0.00816667 0.013 0.015
2 0.706375 0.130167 0.02525 0.0503333
7 0.794625 0.00866667 0.01275 0.016
7 0.901375 0.1245 0.01675 0.0203333
7 0.362 0.0851667 0.0125 0.0236667
7 0.65875 0.023 0.0115 0.0193333
7 0.51475 0.0741667 0.0105 0.0196667
9 0.612875 0.225 0.02525 0.0673333
7 0.050875 0.188 0.02125 0.0326667
7 0.944375 0.1255 0.01575 0.0196667
8 0.423125 0.408667 0.01975 0.0753333
8 0.98375 0.481 0.032 0.152667
7 0.28375 0.275833 0.0175 0.0216667
7 0.198625 0.294667 0.01975 0.0233333
7 0.848125 0.00833333 0.01425 0.0153333
8 0.509375 0.429167 0.01875 0.077
9 0.446875 0.212333 0.02225 0.058
8 0.3655 0.387333 0.02 0.078
4 0.65975 0.244667 0.0255 0.072
11 0.475375 0.329667 0.10475 0.158667
8 0.348375 0.387333 0.01925 0.0766667
7 0.390375 0.0856667 0.01125 0.0226667
7 0.895 0.153167 0.018 0.021
7 0.2325 0.288 0.019 0.0226667
8 0.554 0.436333 0.024 0.0733333
8 0.830875 0.4295 0.04025 0.145667
1 0.943 0.1375 0.026 0.0603333
1 0.898 0.140667 0.0245 0.0606667
9 0.782 0.2305 0.0355 0.075
12 0.261 0.1695 0.0225 0.031
12 0.246 0.170333 0.0235 0.032
8 0.528625 0.43 0.02275 0.0786667
8 0.37975 0.389167 0.0215 0.077
4 0.684625 0.248 0.02725 0.0726667
8 0.440875 0.416667 0.02175 0.0713333
1 0.19775 0.301833 0.0315 0.0536667
1 0.055875 0.329667 0.03975 0.0613333
8 0.463125 0.418167 0.02225 0.075
7 0.030625 0.186333 0.02425 0.032
8 0.952875 0.456167 0.05225 0.163667
7 0.054875 0.326667 0.02575 0.0286667
11 0.537875 0.289833 0.06125 0.0976667
12 0.857375 0.1045 0.07525 0.125667
12 0.280375 0.17 0.02225 0.034
10 0.88025 0.2365 0.0515 0.0676667
1 0.2325 0.293667 0.0305 0.052
1 0.28375 0.282667 0.0285 0.0506667
7 0.0685 0.187 0.023 0.0333333
8 0.912625 0.458333 0.04775 0.156
1 0.1615 0.307833 0.036 0.0556667
9 0.918125 0.2405 0.04675 0.0856667
8 0.76075 0.419167 0.034 0.139667
8 0.794125 0.423167 0.03725 0.139667
