12 0.3525 0.2145 0.015 0.0236667
7 0.31 0.158667 0.0145 0.02
12 0.2835 0.203167 0.0135 0.0223333
7 0.261875 0.0191667 0.01475 0.0216667
7 0.207125 0.0186667 0.01625 0.0213333
7 0.57825 0.0156667 0.0165 0.0286667
7 0.538875 0.214667 0.01975 0.0273333
12 0.948375 0.4015 0.03025 0.0516667
12 0.2935 0.2025 0.013 0.023
7 0.238375 0.152 0.01325 0.018
1 0.092 0.148667 0.019 0.0413333
7 0.583 0.220167 0.0195 0.0276667
7 0.5395 0.174 0.019 0.0273333
7 0.469375 0.206 0.01675 0.0246667
7 0.25625 0.153333 0.013 0.0186667
7 0.273125 0.155167 0.01375 0.019
12 0.33025 0.2115 0.014 0.0216667
7 0.585375 0.1775 0.01925 0.0276667
7 0.257625 0.178167 0.01325 0.0183333
7 0.330875 0.160167 0.01425 0.0196667
7 0.434625 0.202 0.01525 0.024
7 0.405125 0.197167 0.01625 0.0223333
12 0.881125 0.387833 0.02825 0.0476667
7 0.239625 0.178167 0.01375 0.0176667
7 0.3555 0.193333 0.0155 0.0213333
1 0.27175 0.1655 0.022 0.061
7 0.63525 0.2295 0.0225 0.0303333
1 0.10775 0.151 0.0185 0.0433333
12 0.5645 0.243667 0.02 0.0346667
9 0.781375 0.2765 0.01525 0.041
7 0.1695 0.0126667 0.0145 0.0213333
1 0.141875 0.155 0.01925 0.0486667
7 0.310875 0.186167 0.01425 0.0196667
7 0.333125 0.189833 0.01475 0.0203333
1 0.119875 0.151833 0.01925 0.045
7 0.241375 0.0118333 0.01775 0.0236667
1 0.16075 0.155833 0.023 0.0523333
1 0.19 0.158167 0.024 0.055
1 0.211375 0.159333 0.02375 0.06
10 0.176 0.237333 0.0375 0.0526667
1 0.255125 0.164333 0.02275 0.0633333
12 0.818125 0.286833 0.02725 0.043
1 0.308625 0.170167 0.02425 0.0663333
7 0.816125 0.2515 0.02675 0.0376667
1 0.236125 0.162667 0.02475 0.0633333
7 0.82075 0.194833 0.0285 0.0383333
12 0.76425 0.277 0.025 0.042
13 0.976125 0.2115 0.04775 0.111
12 0.907625 0.3885 0.03325 0.0543333
7 0.74675 0.189333 0.027 0.0366667
1 0.4035 0.179167 0.0275 0.0796667
1 0.353375 0.175167 0.02575 0.075
1 0.330375 0.1725 0.02475 0.071
1 0.6345 0.203167 0.034 0.116333
7 0.744875 0.242833 0.02725 0.0376667
1 0.466875 0.185333 0.02975 0.0913333
10 0.28175 0.269 0.051 0.068
10 0.597 0.363667 0.0965 0.122667
1 0.43275 0.182 0.028 0.0866667
10 0.102875 0.215333 0.03425 0.042
1 0.817 0.2165 0.04 0.128333
13 0.883625 0.230333 0.08375 0.138667
1 0.581875 0.195 0.03175 0.106
1 0.5355 0.191333 0.0315 0.1
1 0.744875 0.211667 0.03875 0.126667
13 0.94025 0.221833 0.0775 0.127667
10 0.22075 0.249667 0.0445 0.06
10 0.137625 0.226667 0.03625 0.0466667
10 0.45575 0.322167 0.075 0.0996667
10 0.813 0.421333 0.135 0.152667
10 0.35425 0.291833 0.0635 0.087
