7 0.19575 0.395667 0.0125 0.0193333
12 0.301 0.563833 0.012 0.0196667
12 0.558375 0.602333 0.01725 0.0326667
7 0.405375 0.5255 0.01425 0.0203333
9 0.364625 0.2515 0.01625 0.025
7 0.4055 0.556333 0.0145 0.0206667
7 0.59825 0.346833 0.0215 0.0396667
12 0.620375 0.6105 0.02025 0.0316667
7 0.90775 0.292 0.036 0.0513333
7 0.541875 0.337333 0.02375 0.0413333
7 0.3355 0.548667 0.0135 0.018
7 0.33525 0.521833 0.014 0.019
7 0.53225 0.571167 0.0185 0.0263333
7 0.948 0.309167 0.037 0.0516667
7 0.626625 0.5845 0.02175 0.031
7 0.435625 0.559167 0.01425 0.0223333
7 0.264125 0.538833 0.01175 0.0156667
1 0.1975 0.521833 0.0175 0.0503333
7 0.467 0.563 0.0155 0.022
7 0.247125 0.539333 0.01175 0.016
12 0.8105 0.64 0.0225 0.0386667
12 0.294375 0.561833 0.01525 0.0216667
7 0.626375 0.541833 0.01975 0.0283333
12 0.352 0.572 0.014 0.0213333
12 0.67125 0.618333 0.0185 0.0346667
6 0.62325 0.1805 0.023 0.0276667
6 0.5065 0.225833 0.017 0.0243333
1 0.220375 0.523 0.01775 0.0533333
7 0.358125 0.523667 0.01375 0.018
7 0.57625 0.576333 0.019 0.0273333
7 0.731875 0.5485 0.02125 0.031
7 0.016875 0.464 0.01875 0.0253333
7 0.576875 0.537167 0.01825 0.027
9 0.497375 0.1935 0.01825 0.027
7 0.35875 0.552167 0.0145 0.019
7 0.28125 0.518167 0.0125 0.0163333
7 0.3145 0.546167 0.0135 0.0176667
12 0.333125 0.570333 0.01225 0.02
9 0.772375 0.629833 0.01375 0.0396667
9 0.349125 0.256 0.01575 0.0253333
1 0.334375 0.534833 0.02125 0.0656667
7 0.73125 0.597167 0.023 0.033
7 0.00675 0.464833 0.0135 0.0243333
7 0.647125 0.354333 0.02225 0.044
9 0.448625 0.214667 0.01725 0.026
7 0.280375 0.54 0.01275 0.0166667
1 0.263 0.526833 0.0195 0.0563333
6 0.578 0.202333 0.024 0.0306667
6 0.35325 0.287667 0.021 0.0233333
7 0.805125 0.607333 0.02425 0.036
6 0.672 0.1645 0.027 0.033
12 0.9565 0.750667 0.027 0.0586667
6 0.47725 0.240667 0.022 0.0273333
6 0.4475 0.2535 0.021 0.0263333
7 0.80425 0.555833 0.0235 0.033
9 0.476875 0.203333 0.01875 0.028
1 0.3125 0.5305 0.0215 0.0636667
12 0.91075 0.737667 0.0325 0.0593333
1 0.245125 0.526333 0.01975 0.056
7 0.853625 0.272833 0.03825 0.059
6 0.377375 0.278833 0.02025 0.0236667
1 0.573375 0.5535 0.02925 0.099
1 0.356875 0.535833 0.02275 0.069
1 0.279625 0.527333 0.01925 0.0553333
1 0.623625 0.557833 0.02975 0.105667
12 0.755625 0.629333 0.02425 0.0426667
13 0.956875 0.569 0.06175 0.117333
1 0.80225 0.575667 0.035 0.126667
1 0.40475 0.539333 0.024 0.0746667
1 0.729625 0.570333 0.03175 0.118
1 0.4335 0.5415 0.0255 0.0816667
1 0.531 0.550667 0.0285 0.094
10 0.113375 0.576833 0.02825 0.0416667
10 0.223125 0.606667 0.04175 0.0593333
1 0.46575 0.544333 0.027 0.088
13 0.916 0.58 0.067 0.127333
13 0.865375 0.588167 0.07425 0.135667
10 0.14275 0.5845 0.032 0.0456667
10 0.453875 0.6735 0.07175 0.099
10 0.353375 0.646 0.06175 0.0833333
10 0.1785 0.593667 0.035 0.0513333
10 0.28125 0.622667 0.048 0.0693333
10 0.595 0.715833 0.0955 0.127
10 0.819375 0.779667 0.13475 0.172667
