2 0.811880 0.755787 0.077629 0.115410
2 0.931052 0.711310 0.090278 0.132275
2 0.737847 0.764550 0.054067 0.093915
2 0.682044 0.780093 0.047123 0.082672
2 0.643477 0.789352 0.044395 0.072090
2 0.606771 0.796627 0.038442 0.061508
1 0.793651 0.542989 0.037698 0.126323
1 0.827381 0.545635 0.037698 0.126323
1 0.849454 0.492063 0.046627 0.129630
1 0.897817 0.495040 0.046627 0.129630
1 0.758557 0.568122 0.035962 0.109127
1 0.731399 0.582507 0.032242 0.102183
1 0.714038 0.604001 0.032242 0.102183
3 0.580109 0.924438 0.023313 0.038690
3 0.688988 0.940642 0.023313 0.038690
