2 0.513889 0.908234 0.096230 0.125331
2 0.369296 0.927414 0.062004 0.097553
2 0.707341 0.871528 0.096230 0.125331
2 0.953125 0.837798 0.093750 0.171627
1 0.580357 0.686012 0.033234 0.124669
1 0.456845 0.741898 0.033234 0.124669
1 0.526538 0.674107 0.033234 0.124669
1 0.608135 0.641700 0.033234 0.124669
1 0.526042 0.673446 0.033234 0.124669
1 0.483383 0.700893 0.033234 0.124669
1 0.428075 0.769015 0.033234 0.124669
1 0.373264 0.773975 0.033234 0.124669
1 0.399554 0.742890 0.033234 0.124669
1 0.340030 0.792493 0.033234 0.124669
1 0.306052 0.784557 0.033234 0.124669
