0 0.678819 0.533399 0.229167 0.313492
3 0.870164 0.574074 0.054812 0.088624
2 0.865327 0.445602 0.083333 0.090278
2 0.948165 0.385747 0.103671 0.170966
1 0.870660 0.292659 0.023065 0.082672
1 0.931672 0.299272 0.023065 0.082672
1 0.966642 0.226190 0.025546 0.101190
1 0.888641 0.223876 0.028770 0.118386
1 0.808904 0.294643 0.023065 0.082672
1 0.713666 0.289683 0.023065 0.082672
1 0.658110 0.286376 0.023065 0.082672
1 0.609747 0.281415 0.023065 0.082672
1 0.504340 0.273148 0.020089 0.070767
1 0.539683 0.314649 0.026786 0.116733
1 0.609127 0.172123 0.026786 0.116733
1 0.693452 0.186673 0.026786 0.116733
1 0.767857 0.187665 0.026786 0.116733
