3 0.882192 0.487103 0.100694 0.165344
3 0.617063 0.465278 0.086806 0.123016
3 0.430804 0.450562 0.066964 0.106151
0 0.185144 0.301918 0.334573 0.550265
1 0.436756 0.107804 0.035218 0.128307
1 0.480407 0.106151 0.035218 0.128307
1 0.615823 0.072421 0.035218 0.128307
1 0.677827 0.064319 0.035218 0.127976
1 0.734251 0.053571 0.035962 0.106481
1 0.364087 0.128142 0.030754 0.098214
1 0.330357 0.131614 0.027282 0.080688
2 0.695437 0.277447 0.128472 0.136243
2 0.942460 0.268353 0.114583 0.148479
2 0.354415 0.302579 0.075397 0.096561
