2 0.342593 0.456250 0.308333 0.204167
2 0.771296 0.582292 0.084259 0.063194
2 0.122685 0.537153 0.136111 0.078472
3 0.119907 0.652257 0.088889 0.074653
3 0.449769 0.652431 0.114352 0.074306
3 0.651389 0.658160 0.072222 0.064931
3 0.832407 0.661285 0.055556 0.058681
1 0.797917 0.496181 0.032870 0.062500
1 0.753472 0.496528 0.032870 0.062500
1 0.673380 0.483160 0.033796 0.053819
1 0.628935 0.476562 0.033796 0.053819
1 0.479630 0.459375 0.030556 0.052083
1 0.139352 0.419271 0.046296 0.076042
1 0.216204 0.212153 0.110185 0.165278
1 0.370370 0.241667 0.110185 0.165278
1 0.502546 0.267014 0.078241 0.149306
