0 0.664252 0.581747 0.207396 0.293253
0 0.282223 0.660035 0.100779 0.147636
2 0.552876 0.530565 0.090182 0.111303
2 0.375216 0.568916 0.067907 0.082468
3 0.775087 0.666811 0.054498 0.073529
3 0.957504 0.669550 0.062933 0.084198
2 0.958586 0.542532 0.082829 0.089677
2 0.806985 0.565023 0.071151 0.072376
2 0.462587 0.610006 0.041090 0.048155
1 0.901384 0.427047 0.029412 0.083045
1 0.956964 0.413206 0.029412 0.083045
1 0.956531 0.412630 0.029412 0.083045
1 0.820502 0.444781 0.025952 0.069493
1 0.783304 0.454296 0.025952 0.069493
1 0.750216 0.469579 0.025952 0.069493
1 0.465182 0.536476 0.012111 0.035467
1 0.553309 0.392878 0.028763 0.089100
1 0.518490 0.407584 0.024438 0.076413
1 0.490593 0.426326 0.024438 0.076413
3 0.436311 0.664937 0.025735 0.041522
