0 0.214286 0.519345 0.223545 0.225198
3 0.717593 0.579861 0.087302 0.060516
3 0.533069 0.573909 0.064815 0.054563
3 0.406746 0.563492 0.064815 0.054563
3 0.963955 0.592014 0.072090 0.065972
3 0.798280 0.616567 0.039683 0.032738
3 0.843254 0.618552 0.039683 0.032738
2 0.771825 0.489583 0.113757 0.064484
2 0.592923 0.496776 0.082672 0.058036
1 0.810185 0.388393 0.039683 0.072421
1 0.750000 0.391369 0.039683 0.072421
1 0.694610 0.401538 0.036706 0.066964
1 0.614749 0.418155 0.035714 0.059524
1 0.569114 0.418155 0.035714 0.059524
1 0.531746 0.423611 0.031085 0.051587
1 0.437169 0.435764 0.027778 0.044147
1 0.408730 0.439236 0.027778 0.044147
1 0.361111 0.444940 0.023148 0.036706
1 0.936177 0.370784 0.039683 0.072421
