3 0.823165 0.426091 0.086310 0.141204
3 0.942088 0.438988 0.093502 0.159722
3 0.764137 0.412202 0.061508 0.113426
3 0.710938 0.415179 0.053819 0.091601
3 0.673983 0.410218 0.040427 0.083664
3 0.644469 0.406250 0.040427 0.083664
2 0.854291 0.258763 0.076637 0.113426
2 0.944816 0.232143 0.096974 0.128307
2 0.779142 0.277282 0.063244 0.082341
1 0.844618 0.063988 0.043403 0.127315
1 0.819940 0.084821 0.032738 0.112765
1 0.797867 0.101025 0.032738 0.112765
1 0.769593 0.136409 0.032738 0.112765
1 0.719246 0.150794 0.029762 0.093254
0 0.423983 0.340774 0.073165 0.185516
0 0.088542 0.268022 0.176587 0.535384
