0 0.358000 0.672500 0.109000 0.212333
0 0.365125 0.583667 0.059750 0.076667
3 0.891250 0.791667 0.086500 0.127333
3 0.757250 0.719500 0.054500 0.083667
3 0.678000 0.677167 0.041500 0.077667
3 0.626125 0.647333 0.036250 0.056667
3 0.583250 0.629000 0.032500 0.054667
3 0.555250 0.613833 0.025000 0.044333
3 0.536375 0.600833 0.018750 0.040333
3 0.518625 0.591833 0.019750 0.036333
1 0.890875 0.459000 0.040250 0.092000
1 0.937875 0.457500 0.031250 0.103000
1 0.825000 0.461333 0.031000 0.078667
1 0.800000 0.466833 0.026500 0.073667
1 0.767500 0.463333 0.022000 0.058667
1 0.727250 0.466833 0.026500 0.065667
1 0.701125 0.475000 0.022750 0.057333
1 0.669375 0.476500 0.019750 0.048333
1 0.646250 0.475000 0.020500 0.053333
2 0.955250 0.626500 0.085500 0.140333
2 0.820125 0.601833 0.081750 0.091000
2 0.728375 0.580667 0.062250 0.070667
2 0.665875 0.567833 0.046250 0.063667
2 0.622750 0.560333 0.035500 0.048667
2 0.589750 0.553833 0.029000 0.043667
