1 0.939750 0.592667 0.044000 0.080667
1 0.886000 0.550833 0.033500 0.081667
1 0.839000 0.523500 0.030500 0.067667
1 0.778000 0.473667 0.025000 0.062667
1 0.745875 0.449333 0.024250 0.056667
1 0.718250 0.433667 0.023500 0.057333
1 0.677250 0.403333 0.028000 0.051333
2 0.896625 0.690333 0.089250 0.120000
2 0.759500 0.568000 0.066500 0.098000
2 0.667000 0.487667 0.050000 0.074667
2 0.606000 0.435500 0.038500 0.065667
3 0.803500 0.825500 0.053000 0.114333
3 0.690500 0.682167 0.042500 0.083667
3 0.614750 0.580167 0.039500 0.067667
3 0.559875 0.511500 0.035750 0.055667
3 0.522750 0.457333 0.026500 0.052667
3 0.491000 0.419500 0.023500 0.043667
3 0.320125 0.710833 0.136250 0.234333
3 0.290500 0.431000 0.068000 0.125333
