2 0.772000 0.641167 0.126000 0.135667
2 0.580375 0.612167 0.090250 0.095000
2 0.458750 0.595333 0.070000 0.082000
2 0.374625 0.581000 0.061750 0.070000
2 0.314000 0.570167 0.046000 0.059000
2 0.268125 0.563167 0.037250 0.049667
2 0.230875 0.557833 0.031750 0.043667
2 0.201250 0.554167 0.024500 0.039667
2 0.172750 0.549833 0.027500 0.042333
1 0.691875 0.453667 0.035250 0.110667
1 0.602250 0.460667 0.025000 0.095333
1 0.560250 0.459500 0.024000 0.087000
1 0.524875 0.465000 0.025250 0.086667
1 0.470125 0.468167 0.024250 0.080333
1 0.440250 0.471667 0.020500 0.073333
1 0.417250 0.472333 0.020500 0.068667
1 0.377750 0.476000 0.019000 0.067333
1 0.358250 0.475333 0.016000 0.060667
1 0.341750 0.475167 0.015500 0.058333
1 0.107375 0.446000 0.030250 0.104000
1 0.314125 0.481167 0.017750 0.059667
3 0.146625 0.604833 0.021250 0.038333
3 0.169625 0.618167 0.021250 0.038333
3 0.196125 0.627333 0.025250 0.044000
3 0.226875 0.638667 0.030250 0.051333
3 0.271250 0.658000 0.032500 0.057333
3 0.327500 0.683000 0.035000 0.062000
3 0.404250 0.713500 0.044000 0.073667
3 0.517125 0.761167 0.055750 0.099667
3 0.707000 0.850667 0.085000 0.142667
