1 0.918500 0.224000 0.039500 0.078667
1 0.840125 0.210000 0.031250 0.076667
1 0.803000 0.202167 0.031000 0.069667
1 0.769000 0.200667 0.026500 0.064667
1 0.719375 0.191167 0.024250 0.059667
1 0.695875 0.187667 0.019750 0.048667
1 0.673125 0.185167 0.022750 0.055667
1 0.640625 0.180000 0.021250 0.047333
2 0.960750 0.420500 0.078500 0.148333
2 0.812125 0.348167 0.085750 0.097000
2 0.706375 0.310500 0.062250 0.073667
2 0.636375 0.286167 0.046250 0.059667
2 0.585250 0.257833 0.042500 0.051667
2 0.544375 0.240667 0.036250 0.051333
2 0.514500 0.228667 0.026500 0.043333
2 0.488250 0.217833 0.026000 0.036333
3 0.884750 0.573500 0.076500 0.119000
3 0.740500 0.470500 0.045500 0.085000
3 0.648500 0.406833 0.043000 0.073000
3 0.587500 0.360833 0.038000 0.059667
3 0.544375 0.328500 0.030250 0.051667
3 0.509750 0.305333 0.026500 0.043333
3 0.484000 0.286667 0.025000 0.040667
0 0.334125 0.453333 0.137250 0.230000
0 0.306375 0.304333 0.072750 0.116000
