3 0.423125 0.945167 0.078750 0.105000
3 0.182875 0.895667 0.068250 0.121333
3 0.019250 0.847667 0.038000 0.100000
2 0.472375 0.732500 0.109250 0.128333
2 0.251875 0.705833 0.103250 0.107000
2 0.085625 0.682500 0.082750 0.099000
1 0.457125 0.549667 0.034750 0.092000
1 0.387875 0.545667 0.029750 0.084000
1 0.283250 0.544333 0.028000 0.076667
1 0.228000 0.537667 0.028000 0.078000
1 0.177250 0.538167 0.037000 0.073000
1 0.097375 0.529500 0.034750 0.079667
1 0.052625 0.531500 0.030250 0.069667
1 0.011250 0.534667 0.022000 0.078000
