3 0.941016 0.580729 0.117969 0.211458
3 0.683203 0.588542 0.096094 0.156250
3 0.785156 0.680729 0.034375 0.069792
3 0.819922 0.688021 0.058594 0.069792
3 0.533984 0.588542 0.074219 0.120833
3 0.426172 0.598437 0.072656 0.101042
3 0.366406 0.595313 0.048438 0.084375
2 0.822656 0.356771 0.115625 0.180208
2 0.628516 0.405729 0.103906 0.119792
2 0.519141 0.443229 0.072656 0.103125
2 0.438281 0.461458 0.050000 0.083333
2 0.377344 0.479167 0.042188 0.062500
2 0.330859 0.495833 0.035156 0.060417
2 0.293750 0.500000 0.026562 0.050000
1 0.826562 0.064583 0.065625 0.127083
1 0.761719 0.092708 0.048438 0.135417
1 0.711719 0.127083 0.057813 0.131250
1 0.636328 0.178646 0.044531 0.115625
1 0.598437 0.199479 0.037500 0.107292
1 0.570703 0.221354 0.041406 0.105208
1 0.519141 0.249479 0.033594 0.094792
1 0.487891 0.265104 0.032031 0.092708
0 0.050391 0.547396 0.053906 0.109375
