1 0.245703 0.516667 0.046094 0.133333
1 0.284766 0.505208 0.046094 0.133333
1 0.324609 0.479167 0.046094 0.133333
1 0.385547 0.425000 0.046094 0.133333
1 0.385547 0.429167 0.049219 0.145833
1 0.440234 0.393229 0.052344 0.173958
1 0.495312 0.358333 0.060937 0.197917
1 0.627734 0.275000 0.078906 0.243750
1 0.722266 0.197917 0.078906 0.243750
1 0.826953 0.126042 0.078906 0.243750
2 0.760938 0.666146 0.278125 0.305208
2 0.478125 0.717187 0.165625 0.196875
2 0.289453 0.745313 0.110156 0.153125
3 0.156250 0.935417 0.090625 0.116667
3 0.299219 0.946875 0.115625 0.106250
