0 0.822656 0.551042 0.137500 0.210417
0 0.049609 0.575000 0.097656 0.227083
3 0.180859 0.610417 0.041406 0.068750
3 0.648047 0.611979 0.032031 0.059375
2 0.232422 0.458854 0.105469 0.119792
2 0.625391 0.478646 0.092969 0.109375
2 0.174219 0.509375 0.068750 0.072917
2 0.483203 0.519792 0.055469 0.064583
1 0.075781 0.306250 0.025000 0.093750
1 0.013672 0.301042 0.019531 0.091667
3 0.893359 0.615625 0.044531 0.058333
2 0.748828 0.529687 0.057031 0.067708
2 0.335938 0.512500 0.060937 0.070833
1 0.171875 0.323958 0.025000 0.093750
1 0.230469 0.331250 0.025000 0.093750
1 0.670703 0.368229 0.019531 0.080208
1 0.643359 0.371354 0.019531 0.080208
1 0.725000 0.418750 0.015625 0.062500
1 0.757031 0.424479 0.014063 0.059375
1 0.844531 0.430729 0.012500 0.053125
1 0.904687 0.437500 0.014063 0.047917
1 0.455469 0.406250 0.015625 0.062500
1 0.053125 0.381250 0.020313 0.081250
