0 0.300000 0.517188 0.162500 0.213542
3 0.884766 0.546354 0.052344 0.078125
3 0.704297 0.547396 0.049219 0.071875
3 0.558203 0.546875 0.046094 0.064583
1 0.919531 0.179688 0.026562 0.103125
1 0.845313 0.190104 0.023438 0.109375
2 0.912891 0.428646 0.075781 0.082292
2 0.736328 0.436458 0.074219 0.083333
2 0.464453 0.454167 0.060156 0.066667
0 0.404687 0.485938 0.065625 0.130208
2 0.942187 0.338021 0.115625 0.157292
2 0.514453 0.388021 0.092969 0.123958
1 0.767969 0.308854 0.021875 0.071875
1 0.727734 0.308854 0.024219 0.071875
1 0.684766 0.309896 0.024219 0.071875
1 0.851172 0.297917 0.021094 0.070833
1 0.873828 0.136979 0.038281 0.088542
1 0.945312 0.116146 0.043750 0.080208
1 0.991406 0.154688 0.017188 0.098958
