0 0.081641 0.874479 0.161719 0.251042
2 0.388281 0.741667 0.187500 0.214583
2 0.960547 0.756771 0.078906 0.178125
2 0.685937 0.853646 0.089063 0.109375
2 0.475000 0.857812 0.087500 0.098958
2 0.240234 0.855208 0.091406 0.093750
1 0.057031 0.666667 0.029687 0.093750
1 0.179297 0.671354 0.027344 0.090625
1 0.250391 0.677604 0.025781 0.094792
1 0.481250 0.693229 0.023438 0.086458
1 0.638281 0.699479 0.026562 0.084375
1 0.688281 0.697917 0.023438 0.079167
1 0.739844 0.698438 0.021875 0.073958
3 0.731641 0.977083 0.058594 0.045833
3 0.514844 0.981771 0.051562 0.036458
1 0.121484 0.460938 0.036719 0.144792
1 0.016016 0.455729 0.030469 0.159375
1 0.284766 0.519271 0.036719 0.144792
1 0.389453 0.527604 0.036719 0.144792
1 0.482422 0.542188 0.036719 0.144792
1 0.526953 0.468750 0.042969 0.102083
1 0.432812 0.461458 0.042188 0.110417
1 0.336719 0.452083 0.042188 0.110417
