0 0.279687 0.848958 0.187500 0.293750
0 0.092969 0.810417 0.184375 0.379167
1 0.182422 0.681250 0.038281 0.093750
1 0.237500 0.668229 0.034375 0.098958
1 0.330469 0.658333 0.035937 0.106250
1 0.457422 0.622396 0.033594 0.115625
1 0.911719 0.544271 0.046875 0.142708
1 0.240625 0.210938 0.087500 0.223958
1 0.131641 0.265625 0.078906 0.220833
1 0.038672 0.307812 0.072656 0.190625
1 0.401562 0.181771 0.078125 0.282292
1 0.574219 0.128125 0.082812 0.254167
1 0.769141 0.107292 0.097656 0.212500
1 0.133203 0.683333 0.027344 0.106250
1 0.486719 0.062500 0.125000 0.122917
1 0.749219 0.575521 0.043750 0.117708
2 0.684375 0.550521 0.356250 0.426042
