0 0.408594 0.591667 0.114062 0.179167
3 0.669531 0.631771 0.034375 0.059375
3 0.534375 0.631771 0.034375 0.053125
2 0.658594 0.549479 0.051562 0.053125
2 0.528516 0.556771 0.058594 0.053125
2 0.257812 0.565104 0.062500 0.051042
3 0.242969 0.683333 0.032813 0.102083
3 0.116016 0.643750 0.036719 0.060417
3 0.254297 0.638021 0.028906 0.046875
1 0.691406 0.465625 0.020313 0.060417
1 0.658594 0.464062 0.021875 0.059375
1 0.625781 0.464062 0.021875 0.057292
1 0.565234 0.461458 0.022656 0.058333
1 0.526172 0.460938 0.024219 0.059375
