0 0.115625 0.491146 0.209375 0.348958
3 0.515234 0.618229 0.060156 0.092708
3 0.742578 0.615625 0.067969 0.100000
3 0.582812 0.690625 0.035937 0.041667
3 0.622266 0.694792 0.049219 0.041667
2 0.783594 0.456250 0.101562 0.120833
2 0.559766 0.478646 0.094531 0.103125
2 0.392969 0.489063 0.073438 0.096875
3 0.318359 0.622917 0.047656 0.083333
1 0.834766 0.259896 0.024219 0.115625
1 0.766797 0.269792 0.027344 0.102083
1 0.702344 0.282292 0.026562 0.102083
1 0.599219 0.301563 0.026562 0.098958
1 0.544141 0.308333 0.024219 0.100000
1 0.491797 0.320833 0.024219 0.095833
1 0.406250 0.330729 0.021875 0.090625
1 0.365625 0.335938 0.020313 0.073958
1 0.250000 0.356771 0.025000 0.088542
1 0.209766 0.358854 0.024219 0.078125
2 0.236328 0.503646 0.067969 0.084375
1 0.962109 0.245833 0.027344 0.125000
