2 0.357031 0.773438 0.175000 0.217708
2 0.636719 0.893229 0.089063 0.096875
2 0.427344 0.887500 0.095312 0.093750
1 0.596484 0.721354 0.021094 0.078125
1 0.644141 0.733854 0.021094 0.078125
1 0.698828 0.732812 0.021094 0.078125
1 0.497266 0.715104 0.021094 0.078125
1 0.402344 0.483333 0.039062 0.116667
1 0.495312 0.500000 0.039062 0.116667
1 0.301563 0.470833 0.039062 0.116667
1 0.251563 0.534896 0.026562 0.155208
1 0.356250 0.549479 0.026562 0.155208
1 0.451562 0.556771 0.026562 0.155208
0 0.064062 0.881250 0.126562 0.237500
1 0.083594 0.477083 0.050000 0.154167
