2 0.474609 0.695312 0.158594 0.167708
2 0.287109 0.705729 0.122656 0.140625
2 0.776953 0.650000 0.216406 0.233333
3 0.633984 0.929167 0.158594 0.141667
3 0.333594 0.925000 0.126562 0.139583
3 0.168750 0.910937 0.096875 0.132292
1 0.639844 0.319271 0.060937 0.203125
1 0.726562 0.275521 0.060937 0.203125
1 0.836719 0.227604 0.060937 0.203125
1 0.509375 0.378646 0.056250 0.178125
1 0.443359 0.394271 0.046094 0.157292
1 0.385937 0.434375 0.042188 0.143750
1 0.306641 0.464583 0.050781 0.133333
1 0.236719 0.493750 0.046875 0.114583
