2 0.800391 0.176042 0.153906 0.164583
2 0.458594 0.267188 0.089063 0.103125
2 0.187500 0.178646 0.148438 0.163542
2 0.241406 0.269792 0.093750 0.091667
3 0.689063 0.394792 0.054688 0.087500
3 0.468359 0.405208 0.050781 0.077083
3 0.238281 0.405208 0.056250 0.085417
3 0.101172 0.476042 0.038281 0.041667
1 0.077344 0.116667 0.021875 0.077083
1 0.298438 0.117708 0.021875 0.077083
1 0.400391 0.119271 0.019531 0.073958
1 0.458203 0.116667 0.019531 0.068750
1 0.514453 0.119271 0.021094 0.065625
1 0.619531 0.117708 0.020313 0.068750
1 0.674219 0.114583 0.020313 0.068750
2 0.666016 0.264062 0.077344 0.088542
