3 0.744922 0.819271 0.152344 0.226042
3 0.277734 0.859896 0.199219 0.280208
3 0.968750 0.797396 0.062500 0.169792
2 0.580469 0.523438 0.184375 0.228125
2 0.838281 0.569792 0.145313 0.189583
2 0.978906 0.581771 0.042188 0.142708
2 0.124219 0.453125 0.246875 0.302083
1 0.608984 0.142187 0.071094 0.188542
1 0.517188 0.106771 0.075000 0.211458
1 0.692187 0.190104 0.067187 0.176042
1 0.802734 0.249479 0.066406 0.171875
1 0.865234 0.263542 0.057031 0.143750
1 0.978516 0.325521 0.042969 0.128125
1 0.312500 0.057292 0.071875 0.112500
1 0.919531 0.289062 0.051562 0.121875
