1 0.321875 0.194271 0.026562 0.105208
1 0.386328 0.197396 0.028906 0.103125
1 0.446875 0.201563 0.028125 0.096875
1 0.551953 0.204687 0.027344 0.103125
1 0.609766 0.210417 0.027344 0.095833
1 0.667578 0.214583 0.022656 0.095833
1 0.765234 0.217188 0.027344 0.088542
1 0.816797 0.222917 0.024219 0.085417
1 0.950781 0.234375 0.025000 0.083333
1 0.867969 0.228646 0.023438 0.084375
3 0.844531 0.511458 0.059375 0.083333
2 0.803125 0.378125 0.085938 0.089583
2 0.602734 0.373958 0.086719 0.095833
2 0.376172 0.367188 0.092969 0.103125
3 0.402734 0.518750 0.058594 0.095833
3 0.634375 0.516146 0.059375 0.088542
3 0.748828 0.582292 0.038281 0.039583
