2 0.871094 0.457813 0.225000 0.244792
2 0.592969 0.585938 0.140625 0.173958
2 0.422266 0.651042 0.113281 0.137500
3 0.745313 0.820312 0.160938 0.232292
3 0.487500 0.854688 0.107813 0.161458
3 0.333203 0.876042 0.077344 0.127083
1 0.470703 0.342187 0.050781 0.126042
1 0.520312 0.308333 0.051562 0.141667
1 0.569922 0.256250 0.053906 0.147917
1 0.684375 0.152083 0.078125 0.166667
1 0.762891 0.087500 0.086719 0.172917
1 0.869141 0.051562 0.077344 0.101042
1 0.412891 0.403125 0.050781 0.106250
1 0.372656 0.430208 0.042188 0.100000
1 0.341797 0.456771 0.039844 0.094792
