3 0.930469 0.581250 0.095312 0.191667
3 0.670312 0.600000 0.106250 0.158333
3 0.472656 0.611458 0.076563 0.135417
3 0.325781 0.619792 0.070312 0.118750
3 0.215625 0.623958 0.065625 0.106250
3 0.127344 0.628125 0.054688 0.097917
3 0.056250 0.632292 0.053125 0.089583
2 0.825781 0.319792 0.135937 0.160417
2 0.601562 0.377083 0.109375 0.141667
2 0.443750 0.406250 0.081250 0.116667
2 0.318750 0.441667 0.062500 0.112500
2 0.225781 0.457292 0.048438 0.093750
2 0.146094 0.473958 0.045312 0.085417
2 0.082812 0.490625 0.037500 0.072917
