0 0.666797 0.593229 0.141406 0.176042
0 0.766016 0.561458 0.067969 0.110417
2 0.822656 0.479167 0.075000 0.106250
3 0.933203 0.611979 0.039844 0.061458
2 0.972266 0.527604 0.055469 0.076042
1 0.925000 0.414583 0.018750 0.058333
1 0.953516 0.410417 0.017969 0.062500
1 0.982422 0.403125 0.017969 0.058333
1 0.830469 0.319271 0.043750 0.063542
1 0.804688 0.335417 0.040625 0.045833
1 0.773438 0.343750 0.040625 0.045833
1 0.790234 0.376563 0.024219 0.076042
1 0.822266 0.369271 0.027344 0.076042
1 0.762109 0.383333 0.022656 0.077083
1 0.725391 0.382292 0.024219 0.068750
1 0.700781 0.386458 0.021875 0.077083
1 0.751563 0.450521 0.015625 0.046875
