0 0.265234 0.585417 0.178906 0.222917
2 0.498437 0.463021 0.096875 0.126042
2 0.690625 0.507812 0.064062 0.078125
2 0.933203 0.451042 0.111719 0.125000
1 0.284766 0.333854 0.019531 0.086458
1 0.230469 0.336458 0.018750 0.087500
1 0.339062 0.332292 0.018750 0.087500
2 0.054297 0.523958 0.064844 0.083333
2 0.859375 0.503125 0.065625 0.066667
3 0.033203 0.626042 0.042969 0.064583
1 0.089063 0.410938 0.017188 0.067708
1 0.159375 0.411979 0.017188 0.067708
1 0.180859 0.435417 0.016406 0.083333
1 0.244922 0.403646 0.016406 0.061458
1 0.317969 0.402604 0.015625 0.065625
1 0.521484 0.395833 0.014844 0.058333
1 0.687891 0.391146 0.016406 0.061458
1 0.641797 0.390625 0.014844 0.058333
1 0.809766 0.386979 0.016406 0.061458
1 0.858203 0.386979 0.014844 0.059375
1 0.484375 0.346875 0.018750 0.089583
3 0.694922 0.609375 0.038281 0.066667
