2 0.679688 0.331771 0.267188 0.315625
1 0.380469 0.386979 0.034375 0.115625
1 0.339844 0.397396 0.035937 0.101042
1 0.297266 0.401562 0.036719 0.098958
1 0.231250 0.418229 0.032813 0.088542
1 0.519922 0.362500 0.030469 0.085417
1 0.567187 0.345833 0.032813 0.116667
2 0.068750 0.466667 0.135937 0.206250
1 0.062109 0.240625 0.041406 0.143750
1 0.483984 0.085938 0.061719 0.169792
1 0.603906 0.056771 0.065625 0.111458
1 0.735547 0.041667 0.066406 0.081250
3 0.293750 0.703646 0.059375 0.101042
2 0.358203 0.558333 0.088281 0.100000
2 0.542578 0.544271 0.097656 0.117708
2 0.776172 0.527604 0.107031 0.123958
2 0.221875 0.566667 0.071875 0.087500
3 0.152734 0.706771 0.046094 0.088542
