3 0.468750 0.924479 0.145313 0.151042
3 0.721484 0.932292 0.103906 0.135417
3 0.876563 0.941667 0.101562 0.116667
2 0.300781 0.683854 0.192188 0.257292
2 0.572266 0.745833 0.141406 0.185417
2 0.743359 0.763542 0.102344 0.131250
1 0.028125 0.159896 0.054688 0.180208
1 0.230859 0.267708 0.069531 0.152083
1 0.328906 0.332292 0.059375 0.145833
1 0.407031 0.369792 0.057813 0.135417
1 0.523828 0.435417 0.058594 0.110417
1 0.580859 0.466146 0.046094 0.107292
1 0.633984 0.494271 0.042969 0.105208
1 0.705859 0.535937 0.046094 0.098958
1 0.745313 0.554688 0.039062 0.088542
1 0.780078 0.568750 0.035156 0.079167
