2 0.467969 0.405208 0.198437 0.291667
2 0.735547 0.534896 0.153906 0.209375
2 0.917188 0.613542 0.095312 0.172917
3 0.278125 0.933854 0.145313 0.128125
3 0.793750 0.844792 0.057813 0.135417
3 0.902344 0.947396 0.079687 0.105208
3 0.967969 0.942187 0.064062 0.111458
1 0.728906 0.188542 0.065625 0.152083
1 0.787109 0.259375 0.053906 0.131250
1 0.842187 0.284896 0.060937 0.132292
1 0.596094 0.087500 0.067187 0.172917
1 0.502734 0.067187 0.085156 0.132292
1 0.789844 0.153646 0.076563 0.069792
1 0.916016 0.350521 0.053906 0.126042
3 0.681641 0.936979 0.066406 0.094792
