0 0.271875 0.746354 0.142187 0.188542
0 0.355859 0.723958 0.067969 0.114583
2 0.855078 0.598437 0.108594 0.128125
3 0.934375 0.745313 0.048438 0.073958
3 0.604297 0.756250 0.042969 0.062500
1 0.885547 0.453646 0.030469 0.101042
1 0.825391 0.463542 0.032031 0.110417
1 0.770312 0.481771 0.028125 0.096875
1 0.910547 0.408333 0.025781 0.068750
1 0.852734 0.425521 0.027344 0.057292
1 0.793750 0.434896 0.026562 0.055208
2 0.775391 0.650521 0.064844 0.073958
2 0.940234 0.633333 0.063281 0.068750
2 0.625391 0.660417 0.063281 0.068750
2 0.476953 0.633854 0.085156 0.111458
1 0.307031 0.532813 0.020313 0.078125
1 0.223828 0.593750 0.014844 0.045833
3 0.541797 0.807813 0.024219 0.032292
1 0.481250 0.565625 0.014063 0.045833
1 0.576562 0.556250 0.014063 0.056250
1 0.612500 0.553125 0.014063 0.056250
1 0.651953 0.544792 0.014844 0.056250
1 0.930859 0.513542 0.019531 0.077083
1 0.979297 0.513021 0.019531 0.071875
