3 0.298047 0.727083 0.108594 0.156250
3 0.572266 0.717708 0.100781 0.139583
3 0.747656 0.698958 0.067187 0.131250
3 0.901563 0.706250 0.059375 0.108333
1 0.233984 0.207813 0.046094 0.148958
1 0.318750 0.232813 0.043750 0.146875
1 0.440234 0.278125 0.041406 0.135417
1 0.498437 0.289583 0.037500 0.118750
1 0.555078 0.298958 0.039844 0.106250
1 0.641016 0.341146 0.035156 0.101042
1 0.684766 0.347917 0.035156 0.097917
1 0.726953 0.358854 0.035156 0.098958
2 0.222266 0.492708 0.124219 0.152083
2 0.478516 0.528125 0.124219 0.152083
2 0.932031 0.198958 0.135937 0.393750
2 0.663281 0.539062 0.123438 0.128125
3 0.216406 0.848958 0.053125 0.075000
