0 0.683984 0.679688 0.100781 0.163542
0 0.865625 0.698438 0.098437 0.294792
0 0.603516 0.794792 0.060156 0.164583
3 0.150391 0.659896 0.105469 0.198958
3 0.240625 0.721354 0.067187 0.136458
3 0.293359 0.757812 0.052344 0.111458
3 0.331641 0.781250 0.030469 0.091667
3 0.356641 0.797396 0.024219 0.073958
3 0.371875 0.807813 0.020313 0.067708
3 0.387109 0.819271 0.014844 0.063542
3 0.398047 0.826562 0.013281 0.057292
3 0.408203 0.833333 0.011719 0.056250
2 0.032031 0.342708 0.062500 0.091667
2 0.136719 0.493750 0.073438 0.081250
2 0.210938 0.565104 0.046875 0.057292
1 0.841797 0.174479 0.060156 0.101042
1 0.811328 0.232292 0.057031 0.091667
1 0.852734 0.451562 0.046094 0.094792
