1 0.527344 0.716667 0.087500 0.220833
1 0.620313 0.763542 0.073438 0.206250
1 0.716016 0.814063 0.092969 0.201042
1 0.835547 0.901563 0.060156 0.132292
1 0.294141 0.588021 0.103906 0.261458
1 0.138281 0.512500 0.120313 0.266667
1 0.582031 0.651042 0.106250 0.129167
1 0.671484 0.708854 0.094531 0.117708
1 0.757422 0.751042 0.092969 0.102083
1 0.883984 0.819792 0.094531 0.087500
1 0.907813 0.921875 0.050000 0.106250
1 0.965234 0.951042 0.047656 0.097917
1 0.939063 0.854688 0.092188 0.082292
1 0.389453 0.523438 0.100781 0.198958
1 0.240625 0.442708 0.106250 0.214583
1 0.063672 0.348958 0.108594 0.208333
