3 0.737500 0.631771 0.089063 0.138542
3 0.446094 0.630729 0.081250 0.115625
3 0.223438 0.627604 0.071875 0.109375
3 0.039453 0.627083 0.077344 0.100000
3 0.331641 0.705729 0.041406 0.051042
3 0.358984 0.709896 0.024219 0.051042
2 0.503906 0.453646 0.121875 0.117708
2 0.776953 0.440104 0.133594 0.134375
2 0.284375 0.473438 0.107813 0.103125
2 0.106250 0.479167 0.087500 0.097917
1 0.847266 0.199479 0.028906 0.121875
1 0.765625 0.215625 0.034375 0.108333
1 0.684766 0.226042 0.032031 0.095833
1 0.556641 0.246354 0.036719 0.098958
1 0.487891 0.262500 0.033594 0.108333
1 0.422656 0.273958 0.034375 0.089583
1 0.326562 0.288542 0.034375 0.081250
1 0.268750 0.293229 0.029687 0.073958
1 0.219141 0.304167 0.032031 0.077083
1 0.139844 0.316667 0.029687 0.075000
1 0.090234 0.325521 0.036719 0.078125
1 0.047266 0.334375 0.022656 0.070833
