3 0.295703 0.702604 0.064844 0.130208
3 0.452344 0.691667 0.090625 0.156250
3 0.720313 0.676562 0.139063 0.207292
2 0.413281 0.523438 0.104688 0.142708
2 0.592187 0.473958 0.146875 0.189583
2 0.880469 0.381250 0.209375 0.237500
1 0.375391 0.328646 0.035156 0.088542
1 0.405469 0.309896 0.032813 0.098958
1 0.445312 0.284375 0.040625 0.102083
1 0.523828 0.236458 0.039844 0.108333
1 0.570312 0.197917 0.050000 0.127083
1 0.630859 0.164062 0.047656 0.136458
1 0.754687 0.082812 0.062500 0.144792
1 0.843750 0.056771 0.071875 0.111458
