0 0.825000 0.479687 0.151562 0.232292
0 0.017188 0.519792 0.032813 0.147917
3 0.935937 0.554688 0.034375 0.067708
3 0.246094 0.550000 0.037500 0.066667
2 0.163281 0.397917 0.084375 0.131250
2 0.590625 0.405729 0.101562 0.119792
3 0.091016 0.561458 0.028906 0.047917
1 0.971094 0.336458 0.018750 0.070833
1 0.880859 0.330729 0.016406 0.067708
1 0.802734 0.332813 0.016406 0.067708
1 0.753516 0.332813 0.016406 0.067708
1 0.466797 0.334896 0.016406 0.063542
1 0.422266 0.331250 0.014844 0.062500
1 0.302734 0.332292 0.014844 0.062500
1 0.260156 0.334896 0.012500 0.059375
2 0.264844 0.440104 0.068750 0.088542
2 0.098047 0.450521 0.058594 0.063542
2 0.424609 0.452604 0.058594 0.067708
2 0.750781 0.453125 0.056250 0.062500
2 0.918750 0.454167 0.060937 0.062500
3 0.136719 0.604167 0.026562 0.037500
