0 0.050391 0.435417 0.099219 0.314583
3 0.975391 0.531771 0.049219 0.157292
3 0.747656 0.541146 0.078125 0.121875
3 0.586328 0.554167 0.063281 0.095833
3 0.470313 0.561458 0.053125 0.083333
3 0.385547 0.567708 0.046094 0.072917
3 0.319922 0.570833 0.036719 0.068750
3 0.269141 0.573438 0.036719 0.059375
3 0.229297 0.577083 0.032031 0.054167
2 0.844922 0.355729 0.130469 0.155208
2 0.667188 0.397917 0.110937 0.116667
2 0.545312 0.428125 0.085938 0.100000
2 0.449219 0.450521 0.071875 0.090625
2 0.376953 0.463021 0.058594 0.082292
2 0.319531 0.474479 0.050000 0.061458
2 0.273438 0.486458 0.039062 0.045833
2 0.232031 0.495833 0.034375 0.050000
1 0.978906 0.066146 0.042188 0.130208
1 0.866016 0.107813 0.047656 0.128125
1 0.809766 0.130729 0.044531 0.126042
1 0.756641 0.153125 0.047656 0.116667
1 0.678125 0.189062 0.039062 0.113542
1 0.636328 0.210938 0.035156 0.103125
3 0.450781 0.630729 0.020313 0.032292
3 0.431641 0.631771 0.014844 0.036458
3 0.816016 0.648958 0.039844 0.050000
1 0.550000 0.262500 0.031250 0.089583
1 0.518750 0.266146 0.031250 0.080208
1 0.492578 0.278646 0.030469 0.078125
1 0.599609 0.230729 0.035156 0.103125
1 0.450781 0.305208 0.026562 0.068750
1 0.422266 0.317188 0.022656 0.065625
