0 0.309375 0.903125 0.145313 0.193750
0 0.413281 0.893750 0.070312 0.110417
1 0.923047 0.558333 0.022656 0.089583
1 0.850781 0.580729 0.026562 0.105208
2 0.752734 0.834896 0.080469 0.082292
3 0.907031 0.946354 0.056250 0.082292
2 0.932422 0.824479 0.080469 0.067708
3 0.723828 0.952083 0.052344 0.075000
3 0.573828 0.953125 0.050781 0.068750
2 0.948047 0.727083 0.103906 0.150000
1 0.740625 0.707812 0.021875 0.071875
1 0.782031 0.704167 0.023438 0.079167
1 0.696875 0.711979 0.021875 0.071875
1 0.865625 0.692187 0.025000 0.084375
2 0.522656 0.782292 0.100000 0.131250
1 0.876563 0.534375 0.029687 0.070833
1 0.946875 0.514062 0.031250 0.065625
