0 0.595703 0.825521 0.146094 0.288542
0 0.367578 0.816146 0.099219 0.186458
3 0.040234 0.940104 0.058594 0.092708
3 0.096875 0.955729 0.046875 0.078125
3 0.138281 0.967187 0.040625 0.065625
3 0.172266 0.974479 0.028906 0.051042
3 0.196094 0.977604 0.023438 0.044792
3 0.217188 0.981250 0.025000 0.037500
2 0.032813 0.822917 0.056250 0.050000
2 0.085547 0.853646 0.036719 0.048958
2 0.124609 0.875000 0.028906 0.035417
1 0.445703 0.318750 0.058594 0.106250
1 0.443359 0.420312 0.047656 0.094792
1 0.437500 0.496354 0.040625 0.048958
