0 0.554297 0.897396 0.182031 0.186458
2 0.683984 0.343229 0.277344 0.369792
2 0.270313 0.477083 0.189062 0.233333
2 0.042188 0.536458 0.082812 0.210417
3 0.363672 0.830208 0.089844 0.131250
1 0.858984 0.411458 0.041406 0.122917
1 0.935547 0.558854 0.039844 0.134375
3 0.828906 0.799479 0.120313 0.244792
1 0.282031 0.097917 0.064062 0.181250
1 0.221094 0.055208 0.103125 0.106250
1 0.189844 0.140625 0.068750 0.162500
1 0.121094 0.196354 0.054688 0.161458
1 0.148047 0.100521 0.097656 0.107292
1 0.039062 0.156250 0.076563 0.089583
1 0.019531 0.258333 0.037500 0.137500
1 0.032031 0.220312 0.062500 0.071875
