2 0.686719 0.503125 0.254688 0.293750
3 0.469141 0.881771 0.169531 0.236458
3 0.201953 0.919271 0.114844 0.161458
3 0.071094 0.939583 0.084375 0.120833
2 0.381250 0.658333 0.159375 0.210417
2 0.215234 0.726562 0.124219 0.138542
2 0.104688 0.768229 0.095312 0.107292
1 0.412109 0.269792 0.083594 0.195833
1 0.538281 0.157292 0.084375 0.210417
1 0.625781 0.092708 0.081250 0.183333
1 0.351562 0.326562 0.068750 0.178125
1 0.299609 0.369792 0.060156 0.154167
1 0.232813 0.440625 0.054688 0.139583
1 0.188281 0.482292 0.043750 0.141667
1 0.111328 0.548438 0.039844 0.117708
1 0.155859 0.501563 0.039844 0.117708
1 0.089844 0.569271 0.037500 0.103125
