0 0.791417 0.450628 0.218536 0.343607
0 0.447132 0.500428 0.095462 0.135559
3 0.137307 0.560788 0.027611 0.043379
3 0.619221 0.514269 0.023116 0.037100
3 0.599208 0.519834 0.009204 0.017409
3 0.674015 0.517409 0.023116 0.041667
3 0.981378 0.529538 0.029538 0.070491
2 0.897688 0.423373 0.067637 0.064212
1 0.980736 0.282677 0.023973 0.076769
1 0.911173 0.302939 0.022260 0.076769
1 0.876819 0.311358 0.023759 0.070205
2 0.603168 0.456050 0.034675 0.041667
1 0.584867 0.394692 0.012200 0.038242
1 0.595890 0.390268 0.011558 0.037386
1 0.605629 0.386986 0.010916 0.039954
1 0.626712 0.383704 0.012414 0.043094
2 0.535210 0.410959 0.045591 0.083904
2 0.697239 0.368721 0.077697 0.114726
1 0.710723 0.171090 0.061430 0.072774
1 0.673801 0.195348 0.045805 0.057934
1 0.642765 0.213470 0.041952 0.054224
1 0.635488 0.268978 0.021404 0.071632
1 0.635274 0.268408 0.021404 0.071632
1 0.664277 0.253425 0.019906 0.071347
1 0.696490 0.234732 0.021404 0.081906
1 0.462329 0.350885 0.013699 0.050514
1 0.473673 0.344892 0.013699 0.050514
1 0.484803 0.339184 0.013699 0.050514
1 0.495826 0.348744 0.011772 0.045091
1 0.507920 0.341182 0.011986 0.047660
1 0.523223 0.334618 0.012628 0.049372
1 0.525043 0.291096 0.026969 0.040525
1 0.507491 0.303225 0.023116 0.033961
1 0.496361 0.312785 0.020976 0.030251
1 0.458690 0.409817 0.019264 0.047374
