0 0.355125 0.416500 0.135250 0.242333
0 0.334125 0.276333 0.072750 0.138000
1 0.116750 0.218333 0.016000 0.036000
1 0.140375 0.216667 0.012750 0.034667
1 0.165875 0.215333 0.015750 0.034000
1 0.205125 0.213333 0.015750 0.037333
2 0.405875 0.260667 0.022250 0.090667
1 0.369875 0.131333 0.040750 0.064000
2 0.849375 0.304500 0.082750 0.108333
2 0.741625 0.266500 0.063750 0.082333
2 0.668250 0.241167 0.047000 0.071000
2 0.614625 0.221667 0.037750 0.057333
2 0.572500 0.206500 0.033500 0.050333
2 0.541875 0.195833 0.027250 0.045000
2 0.516500 0.188833 0.023000 0.039667
1 0.508625 0.126500 0.009750 0.035667
1 0.516000 0.125667 0.009500 0.038000
1 0.525000 0.125667 0.010500 0.044000
1 0.531750 0.128333 0.009000 0.042000
1 0.540500 0.129333 0.010500 0.040000
1 0.552875 0.126833 0.011250 0.046333
1 0.561750 0.128333 0.011500 0.050000
1 0.571375 0.130333 0.012250 0.047333
1 0.588125 0.128667 0.014750 0.050667
1 0.600375 0.129500 0.014250 0.055000
1 0.612500 0.132333 0.012000 0.057333
1 0.638250 0.134667 0.018500 0.059333
1 0.654375 0.135167 0.016750 0.057000
1 0.670125 0.135667 0.018250 0.059333
1 0.707500 0.138000 0.023500 0.068000
1 0.729500 0.137667 0.022500 0.075333
1 0.756000 0.135667 0.024000 0.079333
1 0.809750 0.145167 0.027500 0.090333
1 0.844750 0.150000 0.032000 0.098667
1 0.885750 0.153500 0.037500 0.106333
1 0.977875 0.156167 0.044250 0.107667
3 0.924250 0.535500 0.079500 0.134333
3 0.774625 0.436167 0.059250 0.107000
3 0.681500 0.374000 0.047000 0.080000
3 0.620000 0.333000 0.041000 0.072667
3 0.574000 0.302000 0.033000 0.058000
3 0.542375 0.280500 0.029750 0.059000
