0 0.280500 0.671833 0.058500 0.115000
0 0.216750 0.721333 0.136500 0.176000
0 0.944250 0.750833 0.109000 0.203000
3 0.589625 0.688500 0.027750 0.047667
1 0.755875 0.524500 0.016250 0.049667
1 0.856625 0.523500 0.013250 0.049000
2 0.587125 0.605833 0.033250 0.047000
2 0.404375 0.624833 0.062750 0.080333
3 0.354500 0.674833 0.025000 0.043667
1 0.624750 0.523333 0.012500 0.045333
1 0.592000 0.522333 0.012500 0.044000
1 0.419125 0.547500 0.013750 0.057000
1 0.395625 0.515833 0.021750 0.036333
1 0.436375 0.510167 0.021750 0.036333
1 0.964875 0.524833 0.013250 0.049000
