0 0.869625 0.422500 0.147750 0.283667
0 0.636250 0.270333 0.075000 0.133333
2 0.715125 0.212833 0.036250 0.073000
2 0.846750 0.250833 0.055500 0.096333
3 0.763125 0.246500 0.021250 0.037000
3 0.989750 0.337500 0.020500 0.058333
3 0.967125 0.312167 0.017250 0.026333
3 0.980500 0.319500 0.018500 0.027000
2 0.973125 0.223167 0.044750 0.061667
2 0.840250 0.194167 0.034000 0.037667
1 0.846625 0.158333 0.023750 0.070000
1 0.819375 0.155333 0.023750 0.070000
1 0.794000 0.159167 0.020500 0.067000
1 0.858625 0.101667 0.040750 0.054667
