2 0.391500 0.971000 0.033000 0.053333
2 0.498875 0.970667 0.042750 0.050667
2 0.613000 0.973833 0.041500 0.047000
2 0.717875 0.968000 0.031750 0.047333
2 0.688500 0.975000 0.020000 0.050000
2 0.663125 0.974000 0.022250 0.052000
2 0.638875 0.974500 0.018750 0.051000
1 0.617000 0.903500 0.023000 0.079000
1 0.659375 0.903667 0.021750 0.076000
1 0.699000 0.906000 0.021500 0.074000
1 0.469750 0.884833 0.014500 0.058333
1 0.511250 0.888500 0.012000 0.063000
1 0.240375 0.881500 0.011750 0.046333
1 0.271500 0.881167 0.010500 0.045000
1 0.550750 0.891167 0.014500 0.065000
