0 0.472625 0.388167 0.152250 0.235667
0 0.252250 0.279667 0.093000 0.147333
3 0.952250 0.440167 0.064500 0.095000
3 0.783750 0.382167 0.050000 0.079667
3 0.661750 0.346833 0.044000 0.067667
2 0.831750 0.267500 0.075000 0.085000
2 0.705625 0.247833 0.063750 0.079667
3 0.572000 0.313000 0.038500 0.050667
3 0.377625 0.251833 0.027250 0.039667
3 0.844500 0.387667 0.031000 0.038667
3 0.870250 0.395833 0.029500 0.038333
1 0.877750 0.147000 0.025500 0.059333
1 0.967500 0.140167 0.022500 0.071000
1 0.831000 0.144667 0.029000 0.062000
1 0.792125 0.139667 0.021250 0.054667
1 0.732375 0.141667 0.023750 0.046667
1 0.697750 0.141167 0.021500 0.051000
1 0.669000 0.140000 0.023500 0.050000
1 0.586500 0.136167 0.018000 0.044333
2 0.540625 0.220000 0.036750 0.056667
2 0.603500 0.232333 0.022000 0.046000
