1 0.210125 0.831500 0.017750 0.047667
1 0.227000 0.830000 0.014500 0.048000
1 0.236875 0.829500 0.013250 0.054333
1 0.248000 0.827333 0.016000 0.055333
1 0.192250 0.833000 0.014500 0.046000
1 0.179625 0.833500 0.015750 0.043000
1 0.270625 0.829167 0.017250 0.057000
1 0.284250 0.823833 0.017000 0.059667
1 0.299625 0.821833 0.018750 0.059000
1 0.328250 0.818667 0.021000 0.064667
1 0.345125 0.817167 0.020750 0.067667
1 0.366250 0.816500 0.022500 0.069000
1 0.405625 0.812333 0.026250 0.072667
1 0.428875 0.810500 0.022250 0.077667
1 0.456125 0.807667 0.023750 0.082667
1 0.513625 0.803000 0.025250 0.086000
1 0.552500 0.800333 0.026500 0.098000
1 0.594625 0.794833 0.030750 0.099667
2 0.151250 0.900833 0.025000 0.041667
2 0.177500 0.904333 0.027500 0.044667
2 0.208750 0.912833 0.031500 0.049667
2 0.246250 0.918833 0.037500 0.057000
2 0.295750 0.926667 0.043500 0.065333
2 0.359750 0.936333 0.055000 0.071333
2 0.448625 0.953667 0.072750 0.092667
2 0.576875 0.959167 0.089250 0.081667
2 0.782875 0.969167 0.124250 0.061667
1 0.081750 0.781167 0.044500 0.105000
3 0.113250 0.967500 0.021000 0.040333
3 0.137500 0.979833 0.021000 0.040333
