0 0.224250 0.464000 0.122000 0.150667
0 0.045750 0.087667 0.091000 0.141333
3 0.607500 0.540000 0.037500 0.059333
3 0.523875 0.420667 0.031250 0.055333
3 0.454875 0.316500 0.029750 0.055667
3 0.390750 0.221167 0.029000 0.051667
3 0.333875 0.138000 0.030250 0.050667
3 0.282125 0.060500 0.030250 0.052333
3 0.239875 0.009500 0.022750 0.018333
1 0.621500 0.396167 0.013000 0.037000
1 0.646750 0.433167 0.013000 0.037000
1 0.550625 0.301167 0.012250 0.039667
1 0.530125 0.268500 0.012250 0.039667
2 0.483250 0.237333 0.044500 0.067333
2 0.418500 0.144833 0.040000 0.068333
2 0.358000 0.061667 0.037000 0.062000
2 0.565125 0.343500 0.044250 0.064333
2 0.650625 0.471167 0.050250 0.071667
3 0.704625 0.570167 0.020250 0.033667
0 0.113125 0.043333 0.049750 0.072667
1 0.215125 0.240833 0.022750 0.031000
1 0.208125 0.213500 0.022750 0.031000
