0 0.810000 0.746500 0.125500 0.191667
0 0.077625 0.760833 0.154750 0.203000
0 0.151125 0.692000 0.062750 0.125333
3 0.473500 0.695167 0.032500 0.051667
3 0.226250 0.685167 0.023000 0.039667
2 0.280250 0.640667 0.066000 0.106000
2 0.845000 0.615500 0.051500 0.059667
2 0.971875 0.617500 0.052250 0.063667
1 0.819250 0.532667 0.018500 0.056000
1 0.852750 0.531500 0.015000 0.054333
1 0.950375 0.529833 0.018250 0.055667
1 0.986750 0.532167 0.017500 0.057667
1 0.632000 0.529833 0.014500 0.050333
1 0.511000 0.529667 0.018000 0.041333
1 0.476125 0.531667 0.016750 0.041333
1 0.295875 0.551500 0.014250 0.068333
1 0.253250 0.544667 0.014000 0.060667
1 0.269750 0.508667 0.021000 0.057333
1 0.313875 0.510000 0.020750 0.061333
2 0.478875 0.610167 0.047250 0.058333
